560.00	15.00	161.00	0.00
561.00	173.00	199.00	0.00
562.00	186.00	0.00	0.00
563.00	185.00	0.00	0.00
564.00	187.00	0.00	0.00
565.00	215.00	0.00	0.00
566.00	210.00	0.00	0.00
567.00	237.00	0.00	0.00
568.00	235.00	0.00	0.00
569.00	199.00	0.00	0.00
570.00	194.00	0.00	0.00
571.00	242.00	0.00	0.00
572.00	218.00	0.00	0.00
573.00	212.00	0.00	0.00
574.00	195.00	0.00	0.00
575.00	231.00	0.00	0.00
576.00	233.00	0.00	0.00
577.00	237.00	0.00	0.00
578.00	236.00	0.00	0.00
579.00	238.00	0.00	0.00
580.00	231.00	0.00	0.00
581.00	234.00	0.00	0.00
582.00	210.00	0.00	0.00
583.00	224.00	0.00	0.00
584.00	217.00	0.00	0.00
585.00	228.00	0.00	0.00
586.00	226.00	0.00	0.00
587.00	190.00	0.00	0.00
588.00	221.00	0.00	0.00
589.00	216.00	0.00	0.00
590.00	220.00	0.00	0.00
591.00	232.00	0.00	0.00
592.00	210.00	0.00	0.00
593.00	216.00	0.00	0.00
594.00	224.00	0.00	0.00
595.00	215.00	0.00	0.00
596.00	237.00	0.00	0.00
597.00	233.00	0.00	0.00
598.00	228.00	0.00	0.00
599.00	194.00	0.00	0.00
600.00	217.00	0.00	0.00
601.00	232.00	0.00	0.00
602.00	206.00	0.00	0.00
603.00	260.00	0.00	0.00
604.00	235.00	0.00	0.00
605.00	200.00	0.00	0.00
606.00	225.00	0.00	0.00
607.00	230.00	0.00	0.00
608.00	230.00	0.00	0.00
609.00	227.00	0.00	0.00
610.00	229.00	0.00	0.00
611.00	222.00	0.00	0.00
612.00	251.00	0.00	0.00
613.00	245.00	0.00	0.00
614.00	233.00	0.00	0.00
615.00	268.00	0.00	0.00
616.00	270.00	0.00	0.00
617.00	283.00	0.00	0.00
618.00	265.00	0.00	0.00
619.00	261.00	0.00	0.00
620.00	258.00	0.00	0.00
621.00	259.00	0.00	0.00
622.00	248.00	0.00	0.00
623.00	238.00	0.00	0.00
624.00	253.00	0.00	0.00
625.00	274.00	0.00	0.00
626.00	275.00	0.00	0.00
627.00	272.00	0.00	0.00
628.00	261.00	0.00	0.00
629.00	285.00	0.00	0.00
630.00	286.00	0.00	0.00
631.00	254.00	0.00	0.00
632.00	297.00	0.00	0.00
633.00	265.00	0.00	0.00
634.00	312.00	0.00	0.00
635.00	271.00	0.00	0.00
636.00	310.00	0.00	0.00
637.00	302.00	0.00	0.00
638.00	319.00	0.00	0.00
639.00	325.00	0.00	0.00
640.00	308.00	0.00	0.00
641.00	348.00	0.00	0.00
642.00	318.00	0.00	0.00
643.00	298.00	0.00	0.00
644.00	314.00	0.00	0.00
645.00	270.00	0.00	0.00
646.00	291.00	0.00	0.00
647.00	283.00	0.00	0.00
648.00	290.00	0.00	0.00
649.00	313.00	0.00	0.00
650.00	315.00	0.00	0.00
651.00	263.00	0.00	0.00
652.00	302.00	0.00	0.00
653.00	281.00	0.00	0.00
654.00	280.00	0.00	0.00
655.00	282.00	0.00	0.00
656.00	292.00	0.00	0.00
657.00	279.00	0.00	0.00
658.00	300.00	0.00	0.00
659.00	299.00	0.00	0.00
660.00	312.00	0.00	0.00
661.00	293.00	0.00	0.00
662.00	279.00	0.00	0.00
663.00	291.00	0.00	0.00
664.00	280.00	0.00	0.00
665.00	279.00	0.00	0.00
666.00	276.00	0.00	0.00
667.00	271.00	0.00	0.00
668.00	292.00	0.00	0.00
669.00	276.00	0.00	0.00
670.00	286.00	0.00	0.00
671.00	248.00	0.00	0.00
672.00	277.00	0.00	0.00
673.00	286.00	0.00	0.00
674.00	235.00	0.00	0.00
675.00	275.00	0.00	0.00
676.00	275.00	0.00	0.00
677.00	258.00	0.00	0.00
678.00	250.00	0.00	0.00
679.00	239.00	0.00	0.00
680.00	272.00	0.00	0.00
681.00	241.00	0.00	0.00
682.00	210.00	0.00	0.00
683.00	235.00	0.00	0.00
684.00	227.00	0.00	0.00
685.00	201.00	0.00	0.00
686.00	243.00	0.00	0.00
687.00	188.00	0.00	0.00
688.00	229.00	0.00	0.00
689.00	223.00	0.00	0.00
690.00	234.00	0.00	0.00
691.00	205.00	0.00	0.00
692.00	194.00	0.00	0.00
693.00	186.00	0.00	0.00
694.00	199.00	0.00	0.00
695.00	205.00	0.00	0.00
696.00	203.00	0.00	0.00
697.00	214.00	0.00	0.00
698.00	185.00	0.00	0.00
699.00	202.00	0.00	0.00
700.00	187.00	0.00	0.00
