560.00	4.00
561.00	75.00
562.00	84.00
563.00	70.00
564.00	74.00
565.00	74.00
566.00	75.00
567.00	87.00
568.00	93.00
569.00	119.00
570.00	112.00
571.00	142.00
572.00	147.00
573.00	211.00
574.00	233.00
575.00	281.00
576.00	310.00
577.00	349.00
578.00	324.00
579.00	233.00
580.00	223.00
581.00	271.00
582.00	277.00
583.00	252.00
584.00	256.00
585.00	271.00
586.00	258.00
587.00	324.00
588.00	289.00
589.00	336.00
590.00	311.00
591.00	319.00
592.00	308.00
593.00	318.00
594.00	293.00
595.00	321.00
596.00	310.00
597.00	313.00
598.00	319.00
599.00	339.00
600.00	304.00
601.00	334.00
602.00	328.00
603.00	295.00
604.00	345.00
605.00	337.00
606.00	318.00
607.00	326.00
608.00	323.00
609.00	328.00
610.00	332.00
611.00	341.00
612.00	348.00
613.00	360.00
614.00	350.00
615.00	355.00
616.00	333.00
617.00	315.00
618.00	340.00
619.00	314.00
620.00	349.00
621.00	301.00
622.00	343.00
623.00	302.00
624.00	338.00
625.00	333.00
626.00	327.00
627.00	338.00
628.00	323.00
629.00	336.00
630.00	347.00
631.00	305.00
632.00	327.00
633.00	318.00
634.00	347.00
635.00	298.00
636.00	342.00
637.00	386.00
638.00	380.00
639.00	317.00
640.00	331.00
641.00	356.00
642.00	368.00
643.00	323.00
644.00	341.00
645.00	310.00
646.00	373.00
647.00	348.00
648.00	353.00
649.00	353.00
650.00	330.00
651.00	359.00
652.00	341.00
653.00	335.00
654.00	357.00
655.00	349.00
656.00	387.00
657.00	395.00
658.00	347.00
659.00	367.00
660.00	365.00
661.00	368.00
662.00	404.00
663.00	384.00
664.00	394.00
665.00	389.00
666.00	390.00
667.00	383.00
668.00	385.00
669.00	404.00
670.00	384.00
671.00	375.00
672.00	349.00
673.00	352.00
674.00	385.00
675.00	327.00
676.00	348.00
677.00	350.00
678.00	371.00
679.00	338.00
680.00	318.00
681.00	361.00
682.00	345.00
683.00	340.00
684.00	327.00
685.00	350.00
686.00	342.00
687.00	364.00
688.00	333.00
689.00	302.00
690.00	341.00
691.00	322.00
692.00	317.00
693.00	317.00
694.00	292.00
695.00	313.00
696.00	300.00
697.00	323.00
698.00	283.00
699.00	279.00
700.00	295.00
