560.00	9.00
561.00	56.00
562.00	67.00
563.00	81.00
564.00	66.00
565.00	55.00
566.00	68.00
567.00	83.00
568.00	84.00
569.00	96.00
570.00	101.00
571.00	111.00
572.00	120.00
573.00	155.00
574.00	169.00
575.00	224.00
576.00	253.00
577.00	221.00
578.00	210.00
579.00	218.00
580.00	192.00
581.00	199.00
582.00	159.00
583.00	211.00
584.00	203.00
585.00	211.00
586.00	228.00
587.00	204.00
588.00	228.00
589.00	228.00
590.00	241.00
591.00	253.00
592.00	232.00
593.00	234.00
594.00	224.00
595.00	244.00
596.00	239.00
597.00	250.00
598.00	232.00
599.00	240.00
600.00	245.00
601.00	229.00
602.00	241.00
603.00	234.00
604.00	245.00
605.00	242.00
606.00	244.00
607.00	232.00
608.00	237.00
609.00	243.00
610.00	240.00
611.00	236.00
612.00	248.00
613.00	248.00
614.00	232.00
615.00	259.00
616.00	233.00
617.00	250.00
618.00	249.00
619.00	227.00
620.00	209.00
621.00	241.00
622.00	244.00
623.00	216.00
624.00	243.00
625.00	247.00
626.00	223.00
627.00	226.00
628.00	217.00
629.00	252.00
630.00	225.00
631.00	222.00
632.00	218.00
633.00	211.00
634.00	235.00
635.00	197.00
636.00	219.00
637.00	250.00
638.00	249.00
639.00	264.00
640.00	246.00
641.00	284.00
642.00	253.00
643.00	239.00
644.00	223.00
645.00	259.00
646.00	241.00
647.00	246.00
648.00	279.00
649.00	249.00
650.00	244.00
651.00	252.00
652.00	235.00
653.00	269.00
654.00	258.00
655.00	240.00
656.00	240.00
657.00	291.00
658.00	274.00
659.00	236.00
660.00	266.00
661.00	279.00
662.00	280.00
663.00	262.00
664.00	264.00
665.00	233.00
666.00	222.00
667.00	271.00
668.00	288.00
669.00	225.00
670.00	254.00
671.00	228.00
672.00	259.00
673.00	253.00
674.00	263.00
675.00	256.00
676.00	250.00
677.00	246.00
678.00	211.00
679.00	246.00
680.00	254.00
681.00	239.00
682.00	265.00
683.00	221.00
684.00	212.00
685.00	240.00
686.00	257.00
687.00	245.00
688.00	213.00
689.00	209.00
690.00	225.00
691.00	236.00
692.00	223.00
693.00	220.00
694.00	181.00
695.00	223.00
696.00	237.00
697.00	185.00
698.00	196.00
699.00	234.00
700.00	199.00
