#Saved Data from the class odmr_logic on 15.07.2022 at 15h23m13s.
#
#Parameters:
#===========
#
#Microwave CW Power (dBm): -1.0000000000000000e+01
#Microwave Sweep Power (dBm): 0.0000000000000000e+00
#Run Time (s): 3.0000000000000000e+02
#Number of frequency sweeps (#): 48
#Start Frequencies (Hz): [2750000000.0]
#Stop Frequencies (Hz): [2990000000.0]
#Step sizes (Hz): [2000000.0]
#Clock Frequencies (Hz): 20
#Channel: 0: /Dev1/Ctr3
#
#Data:
#=====
#count data (counts/s)
2.816000e+06	2.803820e+06	2.803640e+06	2.812980e+06	2.810040e+06	2.806060e+06	2.806400e+06	2.813280e+06	2.808860e+06	2.806800e+06	2.820180e+06	2.808320e+06	2.808800e+06	2.814000e+06	2.820100e+06	2.802260e+06	2.825360e+06	2.810500e+06	2.825100e+06	2.815720e+06	2.824300e+06	2.821000e+06	2.802960e+06	2.808980e+06	2.808600e+06	2.815860e+06	2.816120e+06	2.818920e+06	2.813220e+06	2.814100e+06	2.818700e+06	2.815280e+06	2.812460e+06	2.813820e+06	2.807060e+06	2.812920e+06	2.811300e+06	2.803000e+06	2.809260e+06	2.811280e+06	2.795780e+06	2.787180e+06	2.793540e+06	2.795560e+06	2.806880e+06	2.803180e+06	2.779880e+06	2.795700e+06	2.793660e+06	2.816660e+06	2.824180e+06	2.815120e+06	2.817220e+06	2.819580e+06	2.821740e+06	2.810720e+06	2.812860e+06	2.808220e+06	2.812120e+06	2.811820e+06	2.791900e+06	2.807160e+06	2.808220e+06	2.815220e+06	2.810520e+06	2.814660e+06	2.818880e+06	2.809000e+06	2.806800e+06	2.803820e+06	2.806740e+06	2.812620e+06	2.796580e+06	2.807680e+06	2.817540e+06	2.811240e+06	2.813740e+06	2.810200e+06	2.812900e+06	2.799040e+06	2.811460e+06	2.798760e+06	2.806060e+06	2.797000e+06	2.816360e+06	2.796840e+06	2.793480e+06	2.801980e+06	2.807100e+06	2.809100e+06	2.818200e+06	2.807940e+06	2.810160e+06	2.807960e+06	2.815900e+06	2.814780e+06	2.814280e+06	2.806640e+06	2.808840e+06	2.820180e+06	2.807660e+06	2.823640e+06	2.809100e+06	2.813520e+06	2.806640e+06	2.801340e+06	2.819500e+06	2.802520e+06	2.804780e+06	2.805140e+06	2.807780e+06	2.807320e+06	2.811600e+06	2.810600e+06	2.808480e+06	2.814760e+06	2.803240e+06	2.814560e+06	2.798580e+06	2.805720e+06	2.814620e+06
2.805520e+06	2.811780e+06	2.807640e+06	2.817480e+06	2.807560e+06	2.817400e+06	2.818040e+06	2.804860e+06	2.819780e+06	2.819700e+06	2.816060e+06	2.821880e+06	2.802100e+06	2.814120e+06	2.807800e+06	2.808580e+06	2.811980e+06	2.805900e+06	2.817100e+06	2.825140e+06	2.828360e+06	2.813900e+06	2.806120e+06	2.807600e+06	2.806780e+06	2.799400e+06	2.803660e+06	2.806420e+06	2.819620e+06	2.806840e+06	2.815300e+06	2.811620e+06	2.806940e+06	2.803960e+06	2.804500e+06	2.818080e+06	2.813640e+06	2.817100e+06	2.810800e+06	2.799760e+06	2.801100e+06	2.802140e+06	2.795840e+06	2.796080e+06	2.802120e+06	2.800100e+06	2.793080e+06	2.804580e+06	2.806720e+06	2.809960e+06	2.803220e+06	2.806740e+06	2.803980e+06	2.793600e+06	2.810500e+06	2.812540e+06	2.813500e+06	2.820620e+06	2.806920e+06	2.808440e+06	2.816780e+06	2.812080e+06	2.811700e+06	2.814540e+06	2.797900e+06	2.814680e+06	2.813120e+06	2.791480e+06	2.811920e+06	2.812560e+06	2.817860e+06	2.803760e+06	2.815120e+06	2.806460e+06	2.805280e+06	2.818600e+06	2.806120e+06	2.809080e+06	2.800020e+06	2.797840e+06	2.799040e+06	2.806860e+06	2.808560e+06	2.794200e+06	2.795720e+06	2.782160e+06	2.807340e+06	2.801800e+06	2.799380e+06	2.800940e+06	2.808700e+06	2.806160e+06	2.821060e+06	2.818760e+06	2.801180e+06	2.807600e+06	2.815780e+06	2.820560e+06	2.815180e+06	2.814280e+06	2.808480e+06	2.811340e+06	2.810740e+06	2.810460e+06	2.813400e+06	2.823560e+06	2.813800e+06	2.816660e+06	2.807600e+06	2.818560e+06	2.808560e+06	2.817900e+06	2.809220e+06	2.814200e+06	2.796540e+06	2.813140e+06	2.809140e+06	2.804300e+06	2.802800e+06	2.815660e+06	2.813320e+06
2.791980e+06	2.818040e+06	2.817900e+06	2.811900e+06	2.802060e+06	2.801440e+06	2.809380e+06	2.812720e+06	2.812720e+06	2.810420e+06	2.812600e+06	2.812120e+06	2.816060e+06	2.815000e+06	2.816440e+06	2.819720e+06	2.814800e+06	2.819000e+06	2.812140e+06	2.805280e+06	2.803980e+06	2.804060e+06	2.813700e+06	2.818640e+06	2.806060e+06	2.819840e+06	2.814940e+06	2.799820e+06	2.796760e+06	2.809320e+06	2.810020e+06	2.806000e+06	2.807920e+06	2.801800e+06	2.813400e+06	2.806260e+06	2.805880e+06	2.808560e+06	2.805500e+06	2.809580e+06	2.794060e+06	2.800480e+06	2.797500e+06	2.802560e+06	2.809060e+06	2.801240e+06	2.797960e+06	2.797480e+06	2.798100e+06	2.804680e+06	2.805580e+06	2.800620e+06	2.800680e+06	2.818960e+06	2.806780e+06	2.799020e+06	2.827220e+06	2.815880e+06	2.801540e+06	2.797280e+06	2.799980e+06	2.812400e+06	2.815880e+06	2.808040e+06	2.807600e+06	2.814940e+06	2.812040e+06	2.818080e+06	2.807640e+06	2.810660e+06	2.826260e+06	2.807880e+06	2.817840e+06	2.813340e+06	2.813680e+06	2.812800e+06	2.809640e+06	2.807460e+06	2.810060e+06	2.807920e+06	2.799280e+06	2.809780e+06	2.812420e+06	2.806000e+06	2.803120e+06	2.801120e+06	2.790480e+06	2.795760e+06	2.807820e+06	2.805900e+06	2.812000e+06	2.823780e+06	2.795140e+06	2.805860e+06	2.806080e+06	2.812740e+06	2.805100e+06	2.824120e+06	2.818140e+06	2.816680e+06	2.804220e+06	2.829020e+06	2.817500e+06	2.824160e+06	2.812260e+06	2.826540e+06	2.815500e+06	2.821040e+06	2.821200e+06	2.812860e+06	2.826620e+06	2.804680e+06	2.810920e+06	2.812240e+06	2.821520e+06	2.818160e+06	2.819700e+06	2.811080e+06	2.804160e+06	2.818580e+06	2.809580e+06
2.803260e+06	2.804620e+06	2.803040e+06	2.801840e+06	2.817100e+06	2.811320e+06	2.805140e+06	2.816620e+06	2.811820e+06	2.825040e+06	2.801620e+06	2.812120e+06	2.817740e+06	2.810700e+06	2.810400e+06	2.792160e+06	2.814840e+06	2.813040e+06	2.808660e+06	2.801540e+06	2.821520e+06	2.815200e+06	2.805160e+06	2.821180e+06	2.810580e+06	2.819260e+06	2.826500e+06	2.815920e+06	2.814100e+06	2.817340e+06	2.806700e+06	2.807940e+06	2.820440e+06	2.812540e+06	2.817800e+06	2.817700e+06	2.806340e+06	2.798480e+06	2.796040e+06	2.803160e+06	2.807740e+06	2.803220e+06	2.795800e+06	2.804540e+06	2.800400e+06	2.811480e+06	2.794380e+06	2.800640e+06	2.808060e+06	2.820960e+06	2.801020e+06	2.815080e+06	2.821380e+06	2.801940e+06	2.809360e+06	2.813920e+06	2.815880e+06	2.813400e+06	2.809380e+06	2.807400e+06	2.811720e+06	2.822360e+06	2.806360e+06	2.809600e+06	2.817520e+06	2.806940e+06	2.829080e+06	2.824520e+06	2.808580e+06	2.819680e+06	2.813400e+06	2.811920e+06	2.807760e+06	2.810100e+06	2.805720e+06	2.809180e+06	2.812160e+06	2.813280e+06	2.800120e+06	2.810660e+06	2.798480e+06	2.799860e+06	2.787740e+06	2.799360e+06	2.793300e+06	2.803080e+06	2.798380e+06	2.797780e+06	2.810440e+06	2.808880e+06	2.809020e+06	2.809240e+06	2.822880e+06	2.800680e+06	2.800880e+06	2.807060e+06	2.808700e+06	2.812520e+06	2.811080e+06	2.803200e+06	2.817200e+06	2.803200e+06	2.808180e+06	2.810520e+06	2.808660e+06	2.823520e+06	2.813780e+06	2.808780e+06	2.817800e+06	2.820560e+06	2.811240e+06	2.810160e+06	2.808380e+06	2.809060e+06	2.815540e+06	2.803780e+06	2.807300e+06	2.825420e+06	2.809520e+06	2.806340e+06	2.806340e+06
2.810360e+06	2.803900e+06	2.814920e+06	2.808680e+06	2.813820e+06	2.814500e+06	2.820140e+06	2.816600e+06	2.806920e+06	2.809260e+06	2.803560e+06	2.804040e+06	2.809200e+06	2.819340e+06	2.804400e+06	2.809260e+06	2.815000e+06	2.809040e+06	2.817260e+06	2.813660e+06	2.810840e+06	2.807600e+06	2.819460e+06	2.804500e+06	2.810960e+06	2.805080e+06	2.804640e+06	2.812380e+06	2.820000e+06	2.812460e+06	2.819360e+06	2.814220e+06	2.813860e+06	2.814340e+06	2.802180e+06	2.805660e+06	2.800340e+06	2.807820e+06	2.798960e+06	2.806700e+06	2.796780e+06	2.792960e+06	2.804600e+06	2.809740e+06	2.811960e+06	2.803960e+06	2.784860e+06	2.797060e+06	2.793840e+06	2.805320e+06	2.806580e+06	2.814360e+06	2.806260e+06	2.809060e+06	2.809740e+06	2.805320e+06	2.807340e+06	2.815940e+06	2.813200e+06	2.810540e+06	2.816540e+06	2.803500e+06	2.820260e+06	2.818940e+06	2.810260e+06	2.809920e+06	2.803920e+06	2.816540e+06	2.804060e+06	2.811840e+06	2.810720e+06	2.807860e+06	2.822240e+06	2.808080e+06	2.808140e+06	2.818200e+06	2.798680e+06	2.804080e+06	2.805960e+06	2.808940e+06	2.802080e+06	2.794160e+06	2.799980e+06	2.806780e+06	2.785020e+06	2.797500e+06	2.792780e+06	2.802780e+06	2.807300e+06	2.811820e+06	2.815460e+06	2.807640e+06	2.822600e+06	2.815740e+06	2.803620e+06	2.803540e+06	2.815240e+06	2.805580e+06	2.811020e+06	2.796180e+06	2.805160e+06	2.810060e+06	2.820060e+06	2.798760e+06	2.813820e+06	2.821780e+06	2.816460e+06	2.813880e+06	2.801940e+06	2.815820e+06	2.816400e+06	2.805260e+06	2.808500e+06	2.802680e+06	2.800620e+06	2.803760e+06	2.808180e+06	2.819080e+06	2.806780e+06	2.811840e+06	2.816840e+06
2.795280e+06	2.802120e+06	2.804620e+06	2.811440e+06	2.814680e+06	2.811700e+06	2.815180e+06	2.813160e+06	2.803240e+06	2.804340e+06	2.810560e+06	2.800160e+06	2.824200e+06	2.812160e+06	2.821040e+06	2.803160e+06	2.810280e+06	2.821560e+06	2.808040e+06	2.802940e+06	2.812760e+06	2.813320e+06	2.812700e+06	2.810840e+06	2.806060e+06	2.802140e+06	2.820080e+06	2.800140e+06	2.817960e+06	2.816840e+06	2.817580e+06	2.821360e+06	2.812400e+06	2.803540e+06	2.814260e+06	2.812200e+06	2.810680e+06	2.796360e+06	2.816400e+06	2.807480e+06	2.795620e+06	2.790300e+06	2.787940e+06	2.811980e+06	2.806640e+06	2.798660e+06	2.791340e+06	2.800780e+06	2.799660e+06	2.800320e+06	2.814860e+06	2.813380e+06	2.813160e+06	2.809480e+06	2.799000e+06	2.811020e+06	2.812360e+06	2.811420e+06	2.814080e+06	2.801600e+06	2.805740e+06	2.816560e+06	2.804020e+06	2.812160e+06	2.804260e+06	2.807380e+06	2.812180e+06	2.801860e+06	2.803620e+06	2.800880e+06	2.805480e+06	2.810940e+06	2.822600e+06	2.816100e+06	2.815560e+06	2.808080e+06	2.809960e+06	2.819220e+06	2.794460e+06	2.796360e+06	2.796340e+06	2.792120e+06	2.794720e+06	2.802540e+06	2.795300e+06	2.792160e+06	2.790760e+06	2.804200e+06	2.812520e+06	2.816840e+06	2.812400e+06	2.811160e+06	2.820120e+06	2.814460e+06	2.817940e+06	2.812260e+06	2.803440e+06	2.809620e+06	2.818480e+06	2.818080e+06	2.814660e+06	2.813380e+06	2.809280e+06	2.798900e+06	2.792320e+06	2.815740e+06	2.821520e+06	2.825420e+06	2.810840e+06	2.820900e+06	2.808720e+06	2.826240e+06	2.821420e+06	2.804020e+06	2.806340e+06	2.811480e+06	2.818160e+06	2.799920e+06	2.818340e+06	2.805300e+06	2.813540e+06
2.810800e+06	2.801820e+06	2.820560e+06	2.827940e+06	2.805580e+06	2.804940e+06	2.807320e+06	2.808120e+06	2.804980e+06	2.804140e+06	2.817780e+06	2.815300e+06	2.811020e+06	2.800440e+06	2.812960e+06	2.810240e+06	2.809640e+06	2.813040e+06	2.807440e+06	2.810920e+06	2.801920e+06	2.809100e+06	2.821360e+06	2.808940e+06	2.813880e+06	2.806720e+06	2.815260e+06	2.795520e+06	2.807020e+06	2.811920e+06	2.808000e+06	2.813840e+06	2.803860e+06	2.803620e+06	2.816740e+06	2.804040e+06	2.805220e+06	2.809020e+06	2.806040e+06	2.805800e+06	2.805660e+06	2.795300e+06	2.790320e+06	2.790460e+06	2.802840e+06	2.818560e+06	2.803080e+06	2.798000e+06	2.790060e+06	2.810520e+06	2.807440e+06	2.810140e+06	2.814280e+06	2.819660e+06	2.820240e+06	2.804880e+06	2.814380e+06	2.817280e+06	2.808600e+06	2.820320e+06	2.807660e+06	2.802480e+06	2.811440e+06	2.799700e+06	2.815280e+06	2.820020e+06	2.816320e+06	2.821540e+06	2.815280e+06	2.819780e+06	2.806320e+06	2.821760e+06	2.809240e+06	2.821040e+06	2.809020e+06	2.818320e+06	2.830000e+06	2.815860e+06	2.805440e+06	2.801500e+06	2.796020e+06	2.808380e+06	2.807820e+06	2.814620e+06	2.799300e+06	2.798100e+06	2.810280e+06	2.802640e+06	2.813260e+06	2.813220e+06	2.810220e+06	2.812580e+06	2.815700e+06	2.807040e+06	2.800900e+06	2.826880e+06	2.806360e+06	2.813560e+06	2.825880e+06	2.822480e+06	2.801340e+06	2.816280e+06	2.817780e+06	2.817260e+06	2.816000e+06	2.807420e+06	2.821160e+06	2.811380e+06	2.812340e+06	2.817100e+06	2.803980e+06	2.802960e+06	2.819700e+06	2.805620e+06	2.799560e+06	2.810720e+06	2.814080e+06	2.812620e+06	2.813840e+06	2.803520e+06	2.804020e+06
2.808360e+06	2.799920e+06	2.800140e+06	2.799680e+06	2.808500e+06	2.800680e+06	2.808940e+06	2.800940e+06	2.791540e+06	2.817880e+06	2.818360e+06	2.809080e+06	2.807160e+06	2.809560e+06	2.805440e+06	2.808300e+06	2.821420e+06	2.811520e+06	2.809260e+06	2.805900e+06	2.817060e+06	2.817820e+06	2.812160e+06	2.808320e+06	2.799320e+06	2.805320e+06	2.819500e+06	2.804240e+06	2.802440e+06	2.808560e+06	2.809720e+06	2.817560e+06	2.798980e+06	2.812540e+06	2.802220e+06	2.820800e+06	2.809400e+06	2.816320e+06	2.790300e+06	2.811820e+06	2.797040e+06	2.789240e+06	2.790800e+06	2.799300e+06	2.806100e+06	2.794700e+06	2.799620e+06	2.803600e+06	2.796640e+06	2.819080e+06	2.815880e+06	2.809600e+06	2.802220e+06	2.805060e+06	2.824220e+06	2.810600e+06	2.809480e+06	2.808580e+06	2.814880e+06	2.807340e+06	2.802840e+06	2.799040e+06	2.808760e+06	2.804760e+06	2.810620e+06	2.810300e+06	2.804900e+06	2.814020e+06	2.808780e+06	2.796060e+06	2.810420e+06	2.808800e+06	2.817560e+06	2.806580e+06	2.800300e+06	2.796780e+06	2.813040e+06	2.804500e+06	2.808640e+06	2.798460e+06	2.793760e+06	2.778860e+06	2.793340e+06	2.811460e+06	2.787660e+06	2.782520e+06	2.790320e+06	2.801280e+06	2.795540e+06	2.808100e+06	2.804820e+06	2.802680e+06	2.805340e+06	2.820040e+06	2.804100e+06	2.800280e+06	2.817440e+06	2.814140e+06	2.806000e+06	2.809040e+06	2.810560e+06	2.822040e+06	2.810760e+06	2.814740e+06	2.822800e+06	2.810180e+06	2.816660e+06	2.812060e+06	2.810520e+06	2.809480e+06	2.813760e+06	2.812560e+06	2.811540e+06	2.821120e+06	2.819920e+06	2.817360e+06	2.820840e+06	2.811500e+06	2.808900e+06	2.809340e+06	2.805860e+06
2.803020e+06	2.803480e+06	2.825400e+06	2.821520e+06	2.811180e+06	2.816040e+06	2.812860e+06	2.810120e+06	2.825960e+06	2.824520e+06	2.813700e+06	2.804400e+06	2.814580e+06	2.817000e+06	2.797700e+06	2.808900e+06	2.806500e+06	2.808260e+06	2.812520e+06	2.818880e+06	2.820240e+06	2.820220e+06	2.818240e+06	2.812320e+06	2.809220e+06	2.800680e+06	2.818640e+06	2.819240e+06	2.806460e+06	2.820840e+06	2.806360e+06	2.814040e+06	2.813400e+06	2.815160e+06	2.807160e+06	2.799140e+06	2.800280e+06	2.797520e+06	2.810740e+06	2.802680e+06	2.796200e+06	2.783880e+06	2.793740e+06	2.797680e+06	2.801240e+06	2.811040e+06	2.797260e+06	2.803560e+06	2.800200e+06	2.804860e+06	2.800740e+06	2.819940e+06	2.820940e+06	2.799440e+06	2.811300e+06	2.804600e+06	2.811960e+06	2.808560e+06	2.811880e+06	2.817300e+06	2.815380e+06	2.810220e+06	2.810700e+06	2.797580e+06	2.814200e+06	2.816260e+06	2.810860e+06	2.819720e+06	2.808260e+06	2.807480e+06	2.811020e+06	2.817820e+06	2.814560e+06	2.808660e+06	2.809320e+06	2.818940e+06	2.812800e+06	2.813320e+06	2.802500e+06	2.794440e+06	2.785520e+06	2.807640e+06	2.801580e+06	2.808380e+06	2.793140e+06	2.796180e+06	2.797840e+06	2.803160e+06	2.806820e+06	2.802000e+06	2.790400e+06	2.818480e+06	2.810160e+06	2.799660e+06	2.815680e+06	2.806500e+06	2.818000e+06	2.826960e+06	2.815980e+06	2.803260e+06	2.813720e+06	2.809520e+06	2.803900e+06	2.808100e+06	2.809640e+06	2.816220e+06	2.811540e+06	2.818460e+06	2.808640e+06	2.819680e+06	2.807160e+06	2.823440e+06	2.820460e+06	2.806880e+06	2.815200e+06	2.814480e+06	2.807080e+06	2.808880e+06	2.811360e+06	2.810540e+06	2.812120e+06
2.806660e+06	2.812080e+06	2.816540e+06	2.812300e+06	2.807820e+06	2.799240e+06	2.819840e+06	2.800840e+06	2.815180e+06	2.805360e+06	2.788440e+06	2.809220e+06	2.807800e+06	2.810760e+06	2.806580e+06	2.820360e+06	2.814980e+06	2.817000e+06	2.820200e+06	2.804060e+06	2.804420e+06	2.805240e+06	2.806500e+06	2.815280e+06	2.807000e+06	2.798780e+06	2.804900e+06	2.797780e+06	2.804180e+06	2.807820e+06	2.815820e+06	2.796440e+06	2.811100e+06	2.806860e+06	2.807360e+06	2.807020e+06	2.820880e+06	2.808680e+06	2.811500e+06	2.812100e+06	2.798960e+06	2.796540e+06	2.805160e+06	2.790600e+06	2.802260e+06	2.805720e+06	2.798440e+06	2.798320e+06	2.804040e+06	2.793660e+06	2.810900e+06	2.804780e+06	2.794260e+06	2.821160e+06	2.810160e+06	2.802600e+06	2.817420e+06	2.808560e+06	2.803880e+06	2.805020e+06	2.821300e+06	2.812100e+06	2.812000e+06	2.805360e+06	2.816720e+06	2.810920e+06	2.804320e+06	2.798900e+06	2.829680e+06	2.807000e+06	2.821480e+06	2.815480e+06	2.823500e+06	2.810380e+06	2.811400e+06	2.813920e+06	2.814500e+06	2.812340e+06	2.800580e+06	2.805340e+06	2.795920e+06	2.800700e+06	2.798680e+06	2.806080e+06	2.804260e+06	2.788420e+06	2.803940e+06	2.813380e+06	2.806940e+06	2.807700e+06	2.809120e+06	2.816420e+06	2.807420e+06	2.821660e+06	2.821560e+06	2.810720e+06	2.815480e+06	2.803720e+06	2.807440e+06	2.814060e+06	2.813260e+06	2.807040e+06	2.811000e+06	2.819280e+06	2.809560e+06	2.797460e+06	2.809220e+06	2.812880e+06	2.799600e+06	2.810380e+06	2.797920e+06	2.824660e+06	2.810540e+06	2.811940e+06	2.816100e+06	2.818000e+06	2.806540e+06	2.822300e+06	2.812380e+06	2.797000e+06	2.802240e+06
2.816880e+06	2.805460e+06	2.809700e+06	2.810380e+06	2.811980e+06	2.811520e+06	2.810920e+06	2.800800e+06	2.811800e+06	2.809320e+06	2.808280e+06	2.812340e+06	2.812740e+06	2.804900e+06	2.817500e+06	2.815400e+06	2.824300e+06	2.806520e+06	2.820320e+06	2.814040e+06	2.801180e+06	2.808700e+06	2.815980e+06	2.814140e+06	2.816020e+06	2.820120e+06	2.820400e+06	2.814000e+06	2.805040e+06	2.824920e+06	2.806760e+06	2.812700e+06	2.812100e+06	2.811460e+06	2.808920e+06	2.813340e+06	2.807180e+06	2.820900e+06	2.815560e+06	2.808140e+06	2.798780e+06	2.793500e+06	2.795860e+06	2.791700e+06	2.810520e+06	2.796340e+06	2.797940e+06	2.783480e+06	2.794820e+06	2.811360e+06	2.803560e+06	2.810500e+06	2.810940e+06	2.810400e+06	2.810360e+06	2.813360e+06	2.802540e+06	2.808960e+06	2.800740e+06	2.820140e+06	2.810140e+06	2.806360e+06	2.815060e+06	2.815400e+06	2.800540e+06	2.801480e+06	2.806800e+06	2.812080e+06	2.810260e+06	2.812300e+06	2.807980e+06	2.807200e+06	2.811360e+06	2.809540e+06	2.816780e+06	2.804080e+06	2.814660e+06	2.794740e+06	2.811360e+06	2.805640e+06	2.800760e+06	2.800500e+06	2.817800e+06	2.799800e+06	2.804580e+06	2.785780e+06	2.791460e+06	2.802380e+06	2.805720e+06	2.809780e+06	2.811220e+06	2.819100e+06	2.807020e+06	2.818560e+06	2.815200e+06	2.812580e+06	2.814060e+06	2.806620e+06	2.818920e+06	2.810760e+06	2.807780e+06	2.815320e+06	2.821540e+06	2.805880e+06	2.830880e+06	2.805500e+06	2.821420e+06	2.807720e+06	2.810200e+06	2.809040e+06	2.803120e+06	2.800540e+06	2.811680e+06	2.804060e+06	2.819060e+06	2.816100e+06	2.806620e+06	2.806060e+06	2.812560e+06	2.803440e+06	2.796060e+06
2.806160e+06	2.808560e+06	2.804520e+06	2.801420e+06	2.804700e+06	2.810180e+06	2.816600e+06	2.820060e+06	2.818920e+06	2.805500e+06	2.807640e+06	2.809460e+06	2.807400e+06	2.812180e+06	2.818360e+06	2.801620e+06	2.811140e+06	2.809760e+06	2.807260e+06	2.816060e+06	2.815320e+06	2.813900e+06	2.821700e+06	2.819400e+06	2.814400e+06	2.811300e+06	2.801060e+06	2.811600e+06	2.811740e+06	2.804480e+06	2.813820e+06	2.814020e+06	2.811420e+06	2.795000e+06	2.812940e+06	2.816580e+06	2.822100e+06	2.816840e+06	2.811860e+06	2.810220e+06	2.799140e+06	2.799040e+06	2.785640e+06	2.791360e+06	2.793800e+06	2.813260e+06	2.802960e+06	2.808600e+06	2.788280e+06	2.804860e+06	2.800400e+06	2.804180e+06	2.808840e+06	2.815400e+06	2.814960e+06	2.817320e+06	2.810140e+06	2.810840e+06	2.825180e+06	2.812200e+06	2.817340e+06	2.821640e+06	2.817000e+06	2.812440e+06	2.801620e+06	2.813840e+06	2.807700e+06	2.824400e+06	2.805880e+06	2.819620e+06	2.810880e+06	2.805760e+06	2.805620e+06	2.827740e+06	2.806180e+06	2.810040e+06	2.815200e+06	2.819460e+06	2.809800e+06	2.809860e+06	2.801040e+06	2.792640e+06	2.806540e+06	2.795620e+06	2.795860e+06	2.802940e+06	2.783780e+06	2.804720e+06	2.804300e+06	2.801860e+06	2.804300e+06	2.800060e+06	2.812640e+06	2.821360e+06	2.815820e+06	2.809240e+06	2.813480e+06	2.806760e+06	2.821580e+06	2.798100e+06	2.805040e+06	2.805640e+06	2.812420e+06	2.807900e+06	2.812940e+06	2.813180e+06	2.807760e+06	2.805600e+06	2.822360e+06	2.805780e+06	2.806540e+06	2.808340e+06	2.799900e+06	2.812860e+06	2.810020e+06	2.818860e+06	2.823400e+06	2.810480e+06	2.808140e+06	2.820380e+06	2.802060e+06
2.800780e+06	2.805860e+06	2.807240e+06	2.811640e+06	2.792840e+06	2.812040e+06	2.810800e+06	2.807660e+06	2.811120e+06	2.804840e+06	2.813280e+06	2.829500e+06	2.811620e+06	2.800880e+06	2.805900e+06	2.806460e+06	2.803980e+06	2.813800e+06	2.800260e+06	2.817600e+06	2.811480e+06	2.807140e+06	2.814560e+06	2.802460e+06	2.815180e+06	2.811460e+06	2.812860e+06	2.812620e+06	2.815220e+06	2.810780e+06	2.805200e+06	2.822180e+06	2.815820e+06	2.818760e+06	2.817000e+06	2.808020e+06	2.822960e+06	2.813940e+06	2.824720e+06	2.802420e+06	2.812300e+06	2.796900e+06	2.804280e+06	2.792560e+06	2.809740e+06	2.808380e+06	2.803960e+06	2.799660e+06	2.793300e+06	2.803660e+06	2.807200e+06	2.819520e+06	2.818720e+06	2.812620e+06	2.814840e+06	2.807120e+06	2.809580e+06	2.807300e+06	2.805160e+06	2.810400e+06	2.810720e+06	2.811900e+06	2.806980e+06	2.810520e+06	2.817300e+06	2.813480e+06	2.812240e+06	2.812300e+06	2.805500e+06	2.805800e+06	2.810040e+06	2.815560e+06	2.803640e+06	2.815720e+06	2.810760e+06	2.802160e+06	2.821980e+06	2.802440e+06	2.805500e+06	2.789920e+06	2.795640e+06	2.807000e+06	2.808400e+06	2.791480e+06	2.806220e+06	2.790860e+06	2.797800e+06	2.799600e+06	2.794620e+06	2.798720e+06	2.806820e+06	2.808740e+06	2.801800e+06	2.817460e+06	2.811280e+06	2.810320e+06	2.821940e+06	2.815920e+06	2.809820e+06	2.810260e+06	2.816700e+06	2.819380e+06	2.822640e+06	2.817360e+06	2.822600e+06	2.807900e+06	2.813280e+06	2.813720e+06	2.819160e+06	2.813380e+06	2.811460e+06	2.797820e+06	2.814620e+06	2.799060e+06	2.810900e+06	2.815780e+06	2.812980e+06	2.809200e+06	2.818400e+06	2.817020e+06	2.816500e+06
2.815120e+06	2.799800e+06	2.805960e+06	2.788960e+06	2.809220e+06	2.810800e+06	2.808700e+06	2.800180e+06	2.800300e+06	2.805660e+06	2.824240e+06	2.817980e+06	2.812820e+06	2.811820e+06	2.812340e+06	2.818120e+06	2.798500e+06	2.799800e+06	2.806100e+06	2.824000e+06	2.814940e+06	2.804160e+06	2.812340e+06	2.805480e+06	2.796940e+06	2.811300e+06	2.804120e+06	2.816140e+06	2.804300e+06	2.818280e+06	2.817920e+06	2.809820e+06	2.810380e+06	2.808240e+06	2.815140e+06	2.809180e+06	2.796380e+06	2.814880e+06	2.817420e+06	2.810400e+06	2.797180e+06	2.794620e+06	2.799460e+06	2.795500e+06	2.813140e+06	2.789800e+06	2.790740e+06	2.794400e+06	2.792560e+06	2.814040e+06	2.806320e+06	2.799320e+06	2.817640e+06	2.810900e+06	2.810420e+06	2.809000e+06	2.814460e+06	2.802880e+06	2.811900e+06	2.805700e+06	2.819320e+06	2.813160e+06	2.807920e+06	2.827760e+06	2.801980e+06	2.806580e+06	2.806300e+06	2.823780e+06	2.799020e+06	2.799360e+06	2.812020e+06	2.799640e+06	2.811940e+06	2.806540e+06	2.803880e+06	2.808040e+06	2.802460e+06	2.798980e+06	2.807520e+06	2.811260e+06	2.796620e+06	2.791860e+06	2.806620e+06	2.815560e+06	2.783860e+06	2.784340e+06	2.782400e+06	2.804640e+06	2.802520e+06	2.788180e+06	2.809020e+06	2.805280e+06	2.817200e+06	2.808120e+06	2.821400e+06	2.802120e+06	2.811280e+06	2.824020e+06	2.803140e+06	2.809620e+06	2.804640e+06	2.820400e+06	2.810000e+06	2.804620e+06	2.814400e+06	2.805880e+06	2.806080e+06	2.817180e+06	2.817420e+06	2.810260e+06	2.817320e+06	2.797560e+06	2.809360e+06	2.801440e+06	2.805780e+06	2.808760e+06	2.807080e+06	2.805900e+06	2.807640e+06	2.792120e+06	2.804960e+06
2.806720e+06	2.797400e+06	2.805240e+06	2.804080e+06	2.812260e+06	2.802920e+06	2.803060e+06	2.812140e+06	2.811480e+06	2.805200e+06	2.802140e+06	2.803160e+06	2.805800e+06	2.815720e+06	2.809200e+06	2.798120e+06	2.793180e+06	2.814720e+06	2.809880e+06	2.804240e+06	2.804400e+06	2.817460e+06	2.805680e+06	2.809320e+06	2.802420e+06	2.810140e+06	2.807500e+06	2.813500e+06	2.818500e+06	2.809780e+06	2.806700e+06	2.816800e+06	2.807660e+06	2.797700e+06	2.820180e+06	2.798800e+06	2.797260e+06	2.805060e+06	2.818320e+06	2.802960e+06	2.794920e+06	2.788100e+06	2.795840e+06	2.797120e+06	2.788020e+06	2.798240e+06	2.793160e+06	2.789240e+06	2.788100e+06	2.807300e+06	2.803960e+06	2.792300e+06	2.810320e+06	2.808540e+06	2.807660e+06	2.803880e+06	2.814440e+06	2.813680e+06	2.810660e+06	2.808220e+06	2.818880e+06	2.804260e+06	2.810100e+06	2.802980e+06	2.816960e+06	2.812040e+06	2.815000e+06	2.808100e+06	2.800920e+06	2.811340e+06	2.809680e+06	2.817640e+06	2.823480e+06	2.807980e+06	2.798980e+06	2.801360e+06	2.803060e+06	2.802880e+06	2.803740e+06	2.791520e+06	2.798940e+06	2.804360e+06	2.798860e+06	2.805520e+06	2.796720e+06	2.790960e+06	2.791960e+06	2.805220e+06	2.795520e+06	2.805140e+06	2.803640e+06	2.821240e+06	2.815260e+06	2.813360e+06	2.814860e+06	2.814060e+06	2.807280e+06	2.804800e+06	2.804680e+06	2.807460e+06	2.816240e+06	2.808780e+06	2.806560e+06	2.813800e+06	2.811820e+06	2.805940e+06	2.818820e+06	2.816880e+06	2.825180e+06	2.802800e+06	2.805180e+06	2.803820e+06	2.821900e+06	2.808620e+06	2.807040e+06	2.818220e+06	2.816440e+06	2.819340e+06	2.813300e+06	2.809000e+06	2.804200e+06
2.804600e+06	2.804120e+06	2.808000e+06	2.801000e+06	2.803200e+06	2.816620e+06	2.807540e+06	2.799020e+06	2.800360e+06	2.813060e+06	2.797400e+06	2.804700e+06	2.810740e+06	2.806660e+06	2.807640e+06	2.813340e+06	2.807200e+06	2.821480e+06	2.808760e+06	2.806180e+06	2.808140e+06	2.810140e+06	2.809100e+06	2.814740e+06	2.818080e+06	2.814700e+06	2.817360e+06	2.810560e+06	2.811080e+06	2.812420e+06	2.809900e+06	2.817400e+06	2.812820e+06	2.816340e+06	2.812180e+06	2.796380e+06	2.804400e+06	2.803640e+06	2.800800e+06	2.803280e+06	2.800000e+06	2.790440e+06	2.781700e+06	2.789520e+06	2.818220e+06	2.811440e+06	2.789000e+06	2.782360e+06	2.809840e+06	2.805140e+06	2.811020e+06	2.805080e+06	2.812920e+06	2.800880e+06	2.826400e+06	2.801980e+06	2.812820e+06	2.811200e+06	2.816220e+06	2.810200e+06	2.811240e+06	2.798240e+06	2.800120e+06	2.807680e+06	2.798040e+06	2.804360e+06	2.818040e+06	2.815140e+06	2.818080e+06	2.812400e+06	2.806960e+06	2.806320e+06	2.816680e+06	2.816560e+06	2.813440e+06	2.805700e+06	2.811700e+06	2.809360e+06	2.809520e+06	2.801720e+06	2.795200e+06	2.791080e+06	2.796120e+06	2.801220e+06	2.790020e+06	2.788640e+06	2.793480e+06	2.818600e+06	2.805100e+06	2.809480e+06	2.814600e+06	2.810780e+06	2.806040e+06	2.814360e+06	2.819180e+06	2.806780e+06	2.806220e+06	2.812360e+06	2.804620e+06	2.814240e+06	2.809320e+06	2.809020e+06	2.803800e+06	2.825780e+06	2.806680e+06	2.814980e+06	2.811420e+06	2.811500e+06	2.820060e+06	2.817440e+06	2.806140e+06	2.813720e+06	2.807740e+06	2.825000e+06	2.812040e+06	2.803540e+06	2.801160e+06	2.803340e+06	2.804440e+06	2.808140e+06	2.812880e+06
2.796020e+06	2.801060e+06	2.813860e+06	2.803060e+06	2.810760e+06	2.810220e+06	2.816660e+06	2.802520e+06	2.826360e+06	2.812020e+06	2.816920e+06	2.806960e+06	2.817060e+06	2.812880e+06	2.823180e+06	2.813560e+06	2.803260e+06	2.810020e+06	2.813680e+06	2.809920e+06	2.806040e+06	2.811080e+06	2.801080e+06	2.805440e+06	2.809780e+06	2.824280e+06	2.805440e+06	2.812260e+06	2.801380e+06	2.807000e+06	2.806540e+06	2.816860e+06	2.814220e+06	2.816800e+06	2.812760e+06	2.802020e+06	2.810460e+06	2.812360e+06	2.794820e+06	2.787500e+06	2.794240e+06	2.787160e+06	2.805740e+06	2.788540e+06	2.793160e+06	2.792260e+06	2.793220e+06	2.796880e+06	2.787480e+06	2.811020e+06	2.815500e+06	2.813060e+06	2.817480e+06	2.807520e+06	2.818940e+06	2.819200e+06	2.808620e+06	2.812240e+06	2.814020e+06	2.809600e+06	2.803240e+06	2.806300e+06	2.815240e+06	2.811940e+06	2.815420e+06	2.822120e+06	2.814880e+06	2.817980e+06	2.797960e+06	2.818620e+06	2.811500e+06	2.803420e+06	2.813420e+06	2.803840e+06	2.812440e+06	2.807200e+06	2.799040e+06	2.804300e+06	2.796800e+06	2.795140e+06	2.795640e+06	2.798520e+06	2.811780e+06	2.800440e+06	2.803660e+06	2.795220e+06	2.799960e+06	2.805460e+06	2.805820e+06	2.812840e+06	2.808480e+06	2.801800e+06	2.807260e+06	2.813320e+06	2.784720e+06	2.809700e+06	2.810880e+06	2.806760e+06	2.814680e+06	2.814900e+06	2.802080e+06	2.805640e+06	2.809460e+06	2.812320e+06	2.807840e+06	2.810640e+06	2.805520e+06	2.816900e+06	2.806800e+06	2.811660e+06	2.803820e+06	2.801020e+06	2.801280e+06	2.810600e+06	2.792960e+06	2.814600e+06	2.818300e+06	2.813960e+06	2.811240e+06	2.806320e+06	2.806740e+06
2.800340e+06	2.809620e+06	2.803500e+06	2.814940e+06	2.805440e+06	2.804980e+06	2.804960e+06	2.827420e+06	2.808780e+06	2.806920e+06	2.823280e+06	2.801200e+06	2.813700e+06	2.813760e+06	2.801800e+06	2.813960e+06	2.803980e+06	2.810140e+06	2.808700e+06	2.809800e+06	2.798960e+06	2.809900e+06	2.816760e+06	2.792160e+06	2.824380e+06	2.806980e+06	2.803400e+06	2.808300e+06	2.806660e+06	2.808240e+06	2.809060e+06	2.803620e+06	2.811500e+06	2.812960e+06	2.795300e+06	2.810740e+06	2.804820e+06	2.799080e+06	2.800140e+06	2.813380e+06	2.792580e+06	2.784780e+06	2.799980e+06	2.796560e+06	2.797060e+06	2.797080e+06	2.798180e+06	2.783260e+06	2.801040e+06	2.797400e+06	2.797860e+06	2.808740e+06	2.809560e+06	2.798200e+06	2.811540e+06	2.791320e+06	2.812140e+06	2.811940e+06	2.813200e+06	2.801560e+06	2.813840e+06	2.802320e+06	2.802240e+06	2.805800e+06	2.804900e+06	2.818340e+06	2.809080e+06	2.808420e+06	2.799300e+06	2.803780e+06	2.818060e+06	2.804200e+06	2.799580e+06	2.810660e+06	2.802800e+06	2.798720e+06	2.812320e+06	2.800440e+06	2.798820e+06	2.799480e+06	2.797660e+06	2.808900e+06	2.800160e+06	2.798340e+06	2.795040e+06	2.793100e+06	2.791660e+06	2.799180e+06	2.807580e+06	2.817880e+06	2.807500e+06	2.794920e+06	2.812820e+06	2.801940e+06	2.802480e+06	2.811080e+06	2.811020e+06	2.803860e+06	2.806660e+06	2.806300e+06	2.808020e+06	2.804620e+06	2.813140e+06	2.816660e+06	2.818280e+06	2.818540e+06	2.796200e+06	2.805920e+06	2.805900e+06	2.801120e+06	2.813300e+06	2.811180e+06	2.791800e+06	2.800560e+06	2.806440e+06	2.812400e+06	2.817900e+06	2.819080e+06	2.809240e+06	2.805700e+06	2.794760e+06
2.800260e+06	2.811020e+06	2.801020e+06	2.804760e+06	2.828120e+06	2.805780e+06	2.802720e+06	2.804960e+06	2.802800e+06	2.806180e+06	2.808720e+06	2.803980e+06	2.807320e+06	2.805180e+06	2.806660e+06	2.805020e+06	2.810360e+06	2.814640e+06	2.808000e+06	2.796440e+06	2.797600e+06	2.814220e+06	2.798020e+06	2.820860e+06	2.807020e+06	2.809220e+06	2.814420e+06	2.816080e+06	2.811900e+06	2.811360e+06	2.805380e+06	2.817340e+06	2.809900e+06	2.812800e+06	2.803740e+06	2.812540e+06	2.812500e+06	2.807380e+06	2.808080e+06	2.799300e+06	2.796020e+06	2.788620e+06	2.790860e+06	2.797000e+06	2.798600e+06	2.811780e+06	2.773560e+06	2.795520e+06	2.793740e+06	2.806160e+06	2.806600e+06	2.804040e+06	2.807760e+06	2.799860e+06	2.799720e+06	2.814580e+06	2.794320e+06	2.803840e+06	2.800580e+06	2.807580e+06	2.808840e+06	2.799820e+06	2.799660e+06	2.808140e+06	2.818280e+06	2.806460e+06	2.804160e+06	2.802720e+06	2.812420e+06	2.800340e+06	2.809940e+06	2.810300e+06	2.803180e+06	2.808920e+06	2.816860e+06	2.811540e+06	2.808680e+06	2.817620e+06	2.800700e+06	2.803860e+06	2.804140e+06	2.801880e+06	2.804320e+06	2.793020e+06	2.796700e+06	2.794140e+06	2.798040e+06	2.791940e+06	2.793080e+06	2.796560e+06	2.807460e+06	2.803540e+06	2.814840e+06	2.807200e+06	2.802200e+06	2.801000e+06	2.811400e+06	2.816680e+06	2.796720e+06	2.810920e+06	2.817240e+06	2.823980e+06	2.802460e+06	2.814120e+06	2.810840e+06	2.804020e+06	2.798180e+06	2.814680e+06	2.799840e+06	2.809160e+06	2.811640e+06	2.802740e+06	2.819960e+06	2.803640e+06	2.802220e+06	2.818900e+06	2.818220e+06	2.815500e+06	2.818280e+06	2.811420e+06	2.798980e+06
2.802440e+06	2.809600e+06	2.806900e+06	2.818780e+06	2.817760e+06	2.810600e+06	2.819800e+06	2.816840e+06	2.817160e+06	2.802660e+06	2.806140e+06	2.801900e+06	2.807380e+06	2.815420e+06	2.805760e+06	2.806160e+06	2.813880e+06	2.816220e+06	2.813180e+06	2.802940e+06	2.816080e+06	2.815100e+06	2.806700e+06	2.798080e+06	2.817160e+06	2.810800e+06	2.808220e+06	2.813460e+06	2.812860e+06	2.802840e+06	2.815880e+06	2.815680e+06	2.810660e+06	2.806720e+06	2.818560e+06	2.810040e+06	2.815020e+06	2.808080e+06	2.808300e+06	2.811340e+06	2.788560e+06	2.789480e+06	2.791300e+06	2.805300e+06	2.793300e+06	2.805820e+06	2.793140e+06	2.796320e+06	2.787880e+06	2.803020e+06	2.807080e+06	2.804580e+06	2.795740e+06	2.805960e+06	2.809440e+06	2.816740e+06	2.824820e+06	2.800820e+06	2.810280e+06	2.824180e+06	2.814180e+06	2.813080e+06	2.815900e+06	2.813220e+06	2.809960e+06	2.824440e+06	2.808500e+06	2.801180e+06	2.820680e+06	2.817580e+06	2.811720e+06	2.799500e+06	2.819060e+06	2.812400e+06	2.806680e+06	2.804580e+06	2.816940e+06	2.806940e+06	2.809320e+06	2.811640e+06	2.803480e+06	2.798000e+06	2.816220e+06	2.802220e+06	2.782680e+06	2.792460e+06	2.790700e+06	2.808420e+06	2.809400e+06	2.810840e+06	2.820460e+06	2.800980e+06	2.806960e+06	2.800700e+06	2.804060e+06	2.810680e+06	2.802740e+06	2.819540e+06	2.802420e+06	2.804200e+06	2.807060e+06	2.805260e+06	2.808080e+06	2.809600e+06	2.804760e+06	2.809240e+06	2.805300e+06	2.808640e+06	2.800480e+06	2.813380e+06	2.817220e+06	2.812160e+06	2.808940e+06	2.806440e+06	2.819900e+06	2.812180e+06	2.820920e+06	2.799720e+06	2.812440e+06	2.811360e+06	2.809120e+06
2.800060e+06	2.801900e+06	2.816700e+06	2.803700e+06	2.809280e+06	2.814900e+06	2.811380e+06	2.812760e+06	2.808980e+06	2.808500e+06	2.804640e+06	2.805780e+06	2.813580e+06	2.806020e+06	2.806120e+06	2.805600e+06	2.807520e+06	2.799440e+06	2.817980e+06	2.795520e+06	2.809140e+06	2.806720e+06	2.813120e+06	2.805440e+06	2.809420e+06	2.801360e+06	2.814540e+06	2.812000e+06	2.809380e+06	2.816500e+06	2.810060e+06	2.803200e+06	2.810260e+06	2.806080e+06	2.799840e+06	2.812280e+06	2.819600e+06	2.805620e+06	2.814300e+06	2.793820e+06	2.789880e+06	2.800020e+06	2.792380e+06	2.790980e+06	2.801160e+06	2.799920e+06	2.801560e+06	2.810160e+06	2.804860e+06	2.808700e+06	2.805240e+06	2.804960e+06	2.805840e+06	2.811500e+06	2.801800e+06	2.811380e+06	2.812160e+06	2.792900e+06	2.799780e+06	2.802680e+06	2.806180e+06	2.801520e+06	2.809880e+06	2.800960e+06	2.804140e+06	2.804080e+06	2.808940e+06	2.824840e+06	2.808860e+06	2.808640e+06	2.806840e+06	2.814660e+06	2.813540e+06	2.792080e+06	2.813360e+06	2.813900e+06	2.798080e+06	2.805680e+06	2.820080e+06	2.793400e+06	2.799940e+06	2.783980e+06	2.811500e+06	2.804120e+06	2.787920e+06	2.796000e+06	2.794260e+06	2.802960e+06	2.794600e+06	2.812100e+06	2.799160e+06	2.806700e+06	2.803940e+06	2.810020e+06	2.812100e+06	2.816840e+06	2.802180e+06	2.816340e+06	2.804820e+06	2.799940e+06	2.813220e+06	2.804560e+06	2.819580e+06	2.814080e+06	2.816500e+06	2.806180e+06	2.805900e+06	2.813040e+06	2.810800e+06	2.828080e+06	2.813220e+06	2.811760e+06	2.813320e+06	2.806540e+06	2.819640e+06	2.797720e+06	2.816340e+06	2.810820e+06	2.804760e+06	2.796740e+06	2.804620e+06
2.803700e+06	2.816900e+06	2.822020e+06	2.809380e+06	2.814560e+06	2.804700e+06	2.798940e+06	2.799520e+06	2.812520e+06	2.817160e+06	2.806800e+06	2.817200e+06	2.814640e+06	2.828720e+06	2.807340e+06	2.821160e+06	2.819540e+06	2.805920e+06	2.813240e+06	2.803880e+06	2.812700e+06	2.801020e+06	2.814960e+06	2.814140e+06	2.812960e+06	2.807540e+06	2.807960e+06	2.820600e+06	2.811800e+06	2.807180e+06	2.812780e+06	2.813120e+06	2.818460e+06	2.801700e+06	2.809660e+06	2.811780e+06	2.807260e+06	2.797440e+06	2.809740e+06	2.810780e+06	2.804000e+06	2.788820e+06	2.806160e+06	2.800720e+06	2.797500e+06	2.796660e+06	2.807020e+06	2.787420e+06	2.800080e+06	2.801900e+06	2.818300e+06	2.821700e+06	2.812900e+06	2.800160e+06	2.816080e+06	2.799020e+06	2.819760e+06	2.822220e+06	2.799660e+06	2.812960e+06	2.811160e+06	2.813480e+06	2.795400e+06	2.821060e+06	2.811420e+06	2.811340e+06	2.811000e+06	2.814860e+06	2.816040e+06	2.801640e+06	2.820360e+06	2.815460e+06	2.808480e+06	2.811760e+06	2.801300e+06	2.807480e+06	2.811800e+06	2.808740e+06	2.822260e+06	2.800500e+06	2.791720e+06	2.790240e+06	2.801900e+06	2.802040e+06	2.802520e+06	2.803280e+06	2.814060e+06	2.799640e+06	2.798480e+06	2.810960e+06	2.815460e+06	2.813800e+06	2.808260e+06	2.807520e+06	2.816760e+06	2.804680e+06	2.806180e+06	2.807200e+06	2.813800e+06	2.807180e+06	2.821220e+06	2.818300e+06	2.798900e+06	2.812380e+06	2.810020e+06	2.808320e+06	2.804780e+06	2.806480e+06	2.808520e+06	2.803440e+06	2.816860e+06	2.807420e+06	2.804760e+06	2.804320e+06	2.805260e+06	2.802780e+06	2.812320e+06	2.815240e+06	2.816040e+06	2.813640e+06	2.814960e+06
2.806080e+06	2.808260e+06	2.813740e+06	2.802800e+06	2.806100e+06	2.813860e+06	2.812240e+06	2.812840e+06	2.821280e+06	2.820040e+06	2.824600e+06	2.809740e+06	2.813660e+06	2.818260e+06	2.795320e+06	2.805260e+06	2.813920e+06	2.810300e+06	2.816260e+06	2.811620e+06	2.806500e+06	2.818700e+06	2.788960e+06	2.822620e+06	2.816840e+06	2.810160e+06	2.825760e+06	2.805700e+06	2.814480e+06	2.816460e+06	2.801400e+06	2.815460e+06	2.807240e+06	2.807160e+06	2.819720e+06	2.810780e+06	2.807760e+06	2.804360e+06	2.805640e+06	2.806140e+06	2.802480e+06	2.790300e+06	2.784700e+06	2.796840e+06	2.815500e+06	2.803180e+06	2.800400e+06	2.798280e+06	2.795680e+06	2.798680e+06	2.815280e+06	2.800120e+06	2.824240e+06	2.813700e+06	2.811720e+06	2.806920e+06	2.797980e+06	2.806620e+06	2.798720e+06	2.809100e+06	2.805400e+06	2.815160e+06	2.808260e+06	2.803040e+06	2.814720e+06	2.814300e+06	2.815780e+06	2.824860e+06	2.816140e+06	2.817400e+06	2.812480e+06	2.805520e+06	2.802920e+06	2.813440e+06	2.813400e+06	2.810920e+06	2.801600e+06	2.813480e+06	2.806860e+06	2.789380e+06	2.793820e+06	2.808780e+06	2.804180e+06	2.805740e+06	2.791980e+06	2.803440e+06	2.790360e+06	2.805500e+06	2.813800e+06	2.808240e+06	2.801280e+06	2.810440e+06	2.803300e+06	2.822100e+06	2.803900e+06	2.821800e+06	2.810220e+06	2.819580e+06	2.818460e+06	2.805480e+06	2.808440e+06	2.812680e+06	2.811480e+06	2.814520e+06	2.801340e+06	2.812700e+06	2.800440e+06	2.811900e+06	2.804680e+06	2.807720e+06	2.814960e+06	2.805180e+06	2.810000e+06	2.812600e+06	2.812320e+06	2.819660e+06	2.809420e+06	2.812680e+06	2.819880e+06	2.813300e+06	2.809640e+06
2.801260e+06	2.800660e+06	2.812280e+06	2.814760e+06	2.807260e+06	2.817340e+06	2.812980e+06	2.807100e+06	2.821020e+06	2.806880e+06	2.814340e+06	2.821200e+06	2.820460e+06	2.813180e+06	2.810900e+06	2.803580e+06	2.809040e+06	2.808580e+06	2.800020e+06	2.807000e+06	2.809760e+06	2.815040e+06	2.813020e+06	2.806940e+06	2.809380e+06	2.817240e+06	2.813140e+06	2.805700e+06	2.802300e+06	2.820780e+06	2.810760e+06	2.817000e+06	2.805740e+06	2.812100e+06	2.811400e+06	2.820080e+06	2.816540e+06	2.816540e+06	2.806000e+06	2.799220e+06	2.792180e+06	2.794260e+06	2.792640e+06	2.795560e+06	2.809580e+06	2.802220e+06	2.795220e+06	2.789820e+06	2.790040e+06	2.808980e+06	2.804860e+06	2.797180e+06	2.808400e+06	2.808840e+06	2.812900e+06	2.815580e+06	2.803800e+06	2.808860e+06	2.809920e+06	2.805500e+06	2.803200e+06	2.810540e+06	2.806700e+06	2.800040e+06	2.807740e+06	2.811740e+06	2.819940e+06	2.819020e+06	2.818180e+06	2.806460e+06	2.825760e+06	2.805620e+06	2.792560e+06	2.809660e+06	2.809800e+06	2.804000e+06	2.815660e+06	2.808500e+06	2.800500e+06	2.792880e+06	2.794580e+06	2.797480e+06	2.797840e+06	2.795980e+06	2.800880e+06	2.798420e+06	2.793900e+06	2.787580e+06	2.795700e+06	2.811540e+06	2.803140e+06	2.817420e+06	2.810720e+06	2.812260e+06	2.802640e+06	2.812900e+06	2.810420e+06	2.815160e+06	2.804680e+06	2.815420e+06	2.814080e+06	2.804760e+06	2.813240e+06	2.810180e+06	2.816080e+06	2.805240e+06	2.800020e+06	2.815640e+06	2.815520e+06	2.812980e+06	2.819860e+06	2.810480e+06	2.812200e+06	2.800360e+06	2.808180e+06	2.814840e+06	2.808060e+06	2.803480e+06	2.819000e+06	2.793820e+06	2.803840e+06
2.808080e+06	2.801480e+06	2.815040e+06	2.805320e+06	2.813100e+06	2.814680e+06	2.806000e+06	2.822480e+06	2.815540e+06	2.820600e+06	2.806700e+06	2.805480e+06	2.794780e+06	2.816100e+06	2.806380e+06	2.819580e+06	2.814580e+06	2.803940e+06	2.812400e+06	2.816800e+06	2.810680e+06	2.812800e+06	2.809500e+06	2.814940e+06	2.825300e+06	2.805020e+06	2.808300e+06	2.825660e+06	2.831020e+06	2.811360e+06	2.803960e+06	2.816780e+06	2.810920e+06	2.817000e+06	2.807780e+06	2.811860e+06	2.812820e+06	2.815500e+06	2.812080e+06	2.811840e+06	2.800100e+06	2.785460e+06	2.799340e+06	2.797680e+06	2.804840e+06	2.806280e+06	2.800380e+06	2.793380e+06	2.797300e+06	2.804880e+06	2.806160e+06	2.814100e+06	2.814760e+06	2.801480e+06	2.805840e+06	2.807680e+06	2.804760e+06	2.808420e+06	2.818600e+06	2.809980e+06	2.814260e+06	2.812020e+06	2.806260e+06	2.819860e+06	2.819680e+06	2.808140e+06	2.819400e+06	2.807960e+06	2.805860e+06	2.818300e+06	2.813040e+06	2.806540e+06	2.823060e+06	2.807980e+06	2.809520e+06	2.815920e+06	2.819540e+06	2.813860e+06	2.808040e+06	2.798120e+06	2.798100e+06	2.792340e+06	2.804080e+06	2.810300e+06	2.795420e+06	2.791840e+06	2.802980e+06	2.815280e+06	2.814140e+06	2.814240e+06	2.810840e+06	2.802380e+06	2.816760e+06	2.809960e+06	2.800380e+06	2.806200e+06	2.804260e+06	2.811680e+06	2.816780e+06	2.810020e+06	2.809980e+06	2.810520e+06	2.808860e+06	2.807220e+06	2.802320e+06	2.802760e+06	2.820780e+06	2.796080e+06	2.806160e+06	2.812480e+06	2.802940e+06	2.806860e+06	2.808040e+06	2.812340e+06	2.799020e+06	2.809820e+06	2.824680e+06	2.799060e+06	2.806560e+06	2.806300e+06	2.817600e+06
2.812620e+06	2.813520e+06	2.800400e+06	2.812240e+06	2.812800e+06	2.821380e+06	2.816740e+06	2.811760e+06	2.812640e+06	2.815420e+06	2.810720e+06	2.825880e+06	2.811600e+06	2.821760e+06	2.812400e+06	2.820800e+06	2.816400e+06	2.813180e+06	2.812100e+06	2.812040e+06	2.811780e+06	2.820960e+06	2.811140e+06	2.814080e+06	2.811020e+06	2.803560e+06	2.811620e+06	2.808440e+06	2.800040e+06	2.820480e+06	2.813320e+06	2.815960e+06	2.811140e+06	2.823540e+06	2.808320e+06	2.812180e+06	2.824920e+06	2.826200e+06	2.805640e+06	2.809580e+06	2.808640e+06	2.801300e+06	2.794960e+06	2.808780e+06	2.810480e+06	2.802620e+06	2.785560e+06	2.805640e+06	2.788980e+06	2.799960e+06	2.809280e+06	2.809900e+06	2.801200e+06	2.807220e+06	2.809260e+06	2.817480e+06	2.815020e+06	2.811880e+06	2.798300e+06	2.803600e+06	2.805660e+06	2.808380e+06	2.808940e+06	2.803840e+06	2.822180e+06	2.813900e+06	2.816660e+06	2.803040e+06	2.815340e+06	2.812140e+06	2.813300e+06	2.831120e+06	2.801960e+06	2.810860e+06	2.809460e+06	2.819900e+06	2.811340e+06	2.811160e+06	2.809700e+06	2.795040e+06	2.798480e+06	2.794540e+06	2.798760e+06	2.805300e+06	2.799680e+06	2.799340e+06	2.797220e+06	2.799160e+06	2.797740e+06	2.801340e+06	2.809520e+06	2.816460e+06	2.805980e+06	2.822680e+06	2.821140e+06	2.806200e+06	2.809800e+06	2.819520e+06	2.805900e+06	2.814380e+06	2.814500e+06	2.803540e+06	2.814460e+06	2.819060e+06	2.807800e+06	2.808100e+06	2.810840e+06	2.820520e+06	2.800220e+06	2.813680e+06	2.815280e+06	2.818560e+06	2.818860e+06	2.816240e+06	2.806680e+06	2.820380e+06	2.814460e+06	2.820560e+06	2.812740e+06	2.807820e+06	2.807460e+06
2.808100e+06	2.811560e+06	2.803220e+06	2.807360e+06	2.818020e+06	2.806440e+06	2.825280e+06	2.803740e+06	2.810600e+06	2.804760e+06	2.802800e+06	2.818760e+06	2.824080e+06	2.830180e+06	2.808880e+06	2.800780e+06	2.813500e+06	2.817940e+06	2.809280e+06	2.825100e+06	2.812740e+06	2.808020e+06	2.812360e+06	2.819700e+06	2.815160e+06	2.809680e+06	2.812680e+06	2.819960e+06	2.818940e+06	2.804800e+06	2.816160e+06	2.800840e+06	2.808780e+06	2.813600e+06	2.814300e+06	2.820880e+06	2.823200e+06	2.814900e+06	2.817160e+06	2.805900e+06	2.806000e+06	2.800880e+06	2.793520e+06	2.804220e+06	2.805720e+06	2.801560e+06	2.801460e+06	2.788840e+06	2.805200e+06	2.804760e+06	2.820980e+06	2.810860e+06	2.804180e+06	2.815420e+06	2.814360e+06	2.809160e+06	2.819500e+06	2.810820e+06	2.820420e+06	2.799740e+06	2.803560e+06	2.815200e+06	2.822220e+06	2.800940e+06	2.820760e+06	2.815380e+06	2.809620e+06	2.807740e+06	2.815300e+06	2.801060e+06	2.803680e+06	2.814120e+06	2.805720e+06	2.806260e+06	2.802780e+06	2.817080e+06	2.800880e+06	2.817440e+06	2.806560e+06	2.796000e+06	2.792720e+06	2.797620e+06	2.805040e+06	2.811860e+06	2.790380e+06	2.789940e+06	2.799480e+06	2.808200e+06	2.811380e+06	2.816960e+06	2.808960e+06	2.821860e+06	2.808100e+06	2.797920e+06	2.807900e+06	2.806080e+06	2.812780e+06	2.818940e+06	2.823260e+06	2.812560e+06	2.810060e+06	2.814800e+06	2.801300e+06	2.814100e+06	2.808840e+06	2.819200e+06	2.820980e+06	2.803240e+06	2.812080e+06	2.821640e+06	2.806360e+06	2.813200e+06	2.822080e+06	2.800740e+06	2.812280e+06	2.810960e+06	2.810980e+06	2.807880e+06	2.804900e+06	2.801820e+06	2.803200e+06
2.811280e+06	2.819500e+06	2.809680e+06	2.817480e+06	2.816020e+06	2.823160e+06	2.815460e+06	2.825100e+06	2.819540e+06	2.814100e+06	2.822200e+06	2.819820e+06	2.814500e+06	2.812860e+06	2.819060e+06	2.825500e+06	2.822420e+06	2.809700e+06	2.816940e+06	2.820400e+06	2.823360e+06	2.824940e+06	2.817200e+06	2.816080e+06	2.826500e+06	2.820740e+06	2.815960e+06	2.817080e+06	2.812220e+06	2.814100e+06	2.814800e+06	2.805420e+06	2.808580e+06	2.814860e+06	2.821200e+06	2.807840e+06	2.807540e+06	2.805660e+06	2.814340e+06	2.811280e+06	2.807440e+06	2.784980e+06	2.800320e+06	2.790860e+06	2.806620e+06	2.815860e+06	2.799960e+06	2.808840e+06	2.810100e+06	2.811240e+06	2.810840e+06	2.818620e+06	2.802000e+06	2.807220e+06	2.807620e+06	2.804080e+06	2.817580e+06	2.818680e+06	2.815040e+06	2.814500e+06	2.812640e+06	2.818840e+06	2.813480e+06	2.811000e+06	2.829200e+06	2.812160e+06	2.822600e+06	2.818140e+06	2.815660e+06	2.816080e+06	2.816280e+06	2.805560e+06	2.799820e+06	2.820120e+06	2.803780e+06	2.807840e+06	2.810180e+06	2.806800e+06	2.795980e+06	2.797740e+06	2.803440e+06	2.797400e+06	2.802720e+06	2.797360e+06	2.795920e+06	2.807080e+06	2.806780e+06	2.800980e+06	2.803660e+06	2.817280e+06	2.806480e+06	2.813300e+06	2.813920e+06	2.809300e+06	2.815580e+06	2.811180e+06	2.825340e+06	2.806300e+06	2.815060e+06	2.816920e+06	2.813280e+06	2.822440e+06	2.802600e+06	2.800020e+06	2.816180e+06	2.811460e+06	2.821320e+06	2.814460e+06	2.815120e+06	2.824300e+06	2.826680e+06	2.813940e+06	2.804500e+06	2.811640e+06	2.811420e+06	2.803900e+06	2.818020e+06	2.813900e+06	2.813740e+06	2.802040e+06	2.812880e+06
2.796200e+06	2.812660e+06	2.801680e+06	2.814640e+06	2.815620e+06	2.809540e+06	2.811800e+06	2.821840e+06	2.809800e+06	2.815920e+06	2.823240e+06	2.818460e+06	2.816700e+06	2.806980e+06	2.819120e+06	2.819720e+06	2.815840e+06	2.810760e+06	2.821080e+06	2.823600e+06	2.816860e+06	2.806480e+06	2.809100e+06	2.820460e+06	2.806960e+06	2.811480e+06	2.819920e+06	2.814840e+06	2.804600e+06	2.834760e+06	2.803060e+06	2.820480e+06	2.803780e+06	2.799980e+06	2.813420e+06	2.809720e+06	2.815620e+06	2.818600e+06	2.799000e+06	2.826600e+06	2.798700e+06	2.798320e+06	2.792220e+06	2.799760e+06	2.804920e+06	2.806660e+06	2.792580e+06	2.796880e+06	2.808000e+06	2.814160e+06	2.811900e+06	2.818540e+06	2.820420e+06	2.815000e+06	2.804560e+06	2.816800e+06	2.815520e+06	2.821640e+06	2.819160e+06	2.814580e+06	2.810440e+06	2.813840e+06	2.828440e+06	2.816100e+06	2.813040e+06	2.833840e+06	2.814620e+06	2.817720e+06	2.815220e+06	2.823220e+06	2.816580e+06	2.820020e+06	2.811800e+06	2.810300e+06	2.813900e+06	2.827780e+06	2.828340e+06	2.813700e+06	2.805380e+06	2.803500e+06	2.806180e+06	2.801380e+06	2.794040e+06	2.809160e+06	2.814660e+06	2.804900e+06	2.803200e+06	2.808340e+06	2.816880e+06	2.812920e+06	2.814820e+06	2.806640e+06	2.814160e+06	2.812100e+06	2.815280e+06	2.816800e+06	2.812280e+06	2.809100e+06	2.820160e+06	2.809360e+06	2.808200e+06	2.828760e+06	2.812820e+06	2.814740e+06	2.801240e+06	2.829980e+06	2.820940e+06	2.816140e+06	2.813360e+06	2.820840e+06	2.813940e+06	2.821220e+06	2.817700e+06	2.818600e+06	2.820920e+06	2.818300e+06	2.821020e+06	2.824260e+06	2.807080e+06	2.815560e+06	2.803760e+06
2.814720e+06	2.798500e+06	2.818860e+06	2.812400e+06	2.822720e+06	2.820200e+06	2.809980e+06	2.816840e+06	2.821420e+06	2.815860e+06	2.805440e+06	2.823420e+06	2.821220e+06	2.815020e+06	2.815280e+06	2.812500e+06	2.807020e+06	2.804200e+06	2.821020e+06	2.820100e+06	2.832820e+06	2.816080e+06	2.803820e+06	2.824400e+06	2.814540e+06	2.816640e+06	2.814700e+06	2.817980e+06	2.816480e+06	2.814540e+06	2.823200e+06	2.822560e+06	2.818580e+06	2.813660e+06	2.820460e+06	2.808780e+06	2.816460e+06	2.813060e+06	2.800760e+06	2.796620e+06	2.791060e+06	2.813240e+06	2.796960e+06	2.805880e+06	2.802900e+06	2.797360e+06	2.799940e+06	2.805520e+06	2.805580e+06	2.814540e+06	2.814040e+06	2.816560e+06	2.821160e+06	2.823100e+06	2.819900e+06	2.817280e+06	2.819420e+06	2.819440e+06	2.824000e+06	2.827180e+06	2.817640e+06	2.810200e+06	2.810880e+06	2.817940e+06	2.813860e+06	2.820720e+06	2.821380e+06	2.818080e+06	2.813420e+06	2.831300e+06	2.830080e+06	2.824980e+06	2.821200e+06	2.810820e+06	2.822140e+06	2.824220e+06	2.803740e+06	2.816820e+06	2.818660e+06	2.815680e+06	2.806800e+06	2.806780e+06	2.811760e+06	2.806360e+06	2.799700e+06	2.809860e+06	2.810780e+06	2.805580e+06	2.810680e+06	2.821740e+06	2.807340e+06	2.822040e+06	2.815240e+06	2.818700e+06	2.822420e+06	2.810960e+06	2.834820e+06	2.814360e+06	2.809900e+06	2.815800e+06	2.826920e+06	2.804540e+06	2.814200e+06	2.810820e+06	2.817900e+06	2.817040e+06	2.813500e+06	2.820020e+06	2.809640e+06	2.817120e+06	2.807420e+06	2.817220e+06	2.817860e+06	2.814440e+06	2.811780e+06	2.805400e+06	2.814640e+06	2.818040e+06	2.810140e+06	2.818020e+06	2.803140e+06
2.810720e+06	2.814080e+06	2.806580e+06	2.808160e+06	2.803620e+06	2.816200e+06	2.825080e+06	2.830420e+06	2.810100e+06	2.833180e+06	2.814040e+06	2.808300e+06	2.807980e+06	2.825560e+06	2.821340e+06	2.832240e+06	2.822580e+06	2.811140e+06	2.825120e+06	2.812340e+06	2.824240e+06	2.809140e+06	2.816840e+06	2.826160e+06	2.816700e+06	2.816780e+06	2.816520e+06	2.824240e+06	2.817920e+06	2.821380e+06	2.819940e+06	2.808300e+06	2.817680e+06	2.811500e+06	2.828420e+06	2.813420e+06	2.820580e+06	2.810660e+06	2.817740e+06	2.803580e+06	2.808440e+06	2.795780e+06	2.798160e+06	2.798380e+06	2.812600e+06	2.806540e+06	2.797500e+06	2.814780e+06	2.805820e+06	2.814180e+06	2.807900e+06	2.807420e+06	2.825180e+06	2.806560e+06	2.814380e+06	2.817340e+06	2.817200e+06	2.813320e+06	2.810300e+06	2.812080e+06	2.806680e+06	2.828040e+06	2.822100e+06	2.809140e+06	2.813240e+06	2.819340e+06	2.813540e+06	2.823100e+06	2.824240e+06	2.811980e+06	2.816500e+06	2.802160e+06	2.811740e+06	2.822280e+06	2.815560e+06	2.828000e+06	2.820560e+06	2.816240e+06	2.810140e+06	2.809100e+06	2.822980e+06	2.807880e+06	2.804360e+06	2.808840e+06	2.810800e+06	2.801140e+06	2.804120e+06	2.795400e+06	2.814640e+06	2.833100e+06	2.812860e+06	2.817280e+06	2.818520e+06	2.813420e+06	2.812560e+06	2.818060e+06	2.812660e+06	2.826740e+06	2.816620e+06	2.820600e+06	2.827260e+06	2.805340e+06	2.826140e+06	2.823140e+06	2.823280e+06	2.820060e+06	2.821600e+06	2.830700e+06	2.813000e+06	2.819960e+06	2.816340e+06	2.819900e+06	2.830660e+06	2.821720e+06	2.817220e+06	2.819340e+06	2.816480e+06	2.806560e+06	2.825580e+06	2.825940e+06	2.815940e+06
2.809940e+06	2.802600e+06	2.822540e+06	2.818520e+06	2.826700e+06	2.823220e+06	2.797720e+06	2.808920e+06	2.816200e+06	2.817220e+06	2.807080e+06	2.821160e+06	2.825020e+06	2.811620e+06	2.806620e+06	2.815560e+06	2.821360e+06	2.819580e+06	2.814920e+06	2.820020e+06	2.821620e+06	2.817180e+06	2.825740e+06	2.820760e+06	2.822180e+06	2.807240e+06	2.813340e+06	2.827060e+06	2.825600e+06	2.821700e+06	2.824800e+06	2.818300e+06	2.818860e+06	2.816540e+06	2.817440e+06	2.821600e+06	2.816920e+06	2.822680e+06	2.807840e+06	2.807340e+06	2.802520e+06	2.792780e+06	2.808840e+06	2.805060e+06	2.813900e+06	2.812260e+06	2.798520e+06	2.795100e+06	2.803620e+06	2.826560e+06	2.811960e+06	2.812840e+06	2.824520e+06	2.826940e+06	2.806240e+06	2.810420e+06	2.814200e+06	2.823900e+06	2.821680e+06	2.816820e+06	2.818720e+06	2.814760e+06	2.828100e+06	2.820980e+06	2.825040e+06	2.819460e+06	2.821380e+06	2.828000e+06	2.816000e+06	2.819200e+06	2.816040e+06	2.818540e+06	2.811280e+06	2.833040e+06	2.819360e+06	2.824220e+06	2.809380e+06	2.817860e+06	2.812280e+06	2.817800e+06	2.807800e+06	2.807740e+06	2.816960e+06	2.826540e+06	2.813460e+06	2.792480e+06	2.792840e+06	2.801640e+06	2.810760e+06	2.811760e+06	2.824840e+06	2.808140e+06	2.820000e+06	2.820100e+06	2.814860e+06	2.821600e+06	2.822060e+06	2.818900e+06	2.810160e+06	2.821440e+06	2.819840e+06	2.835620e+06	2.814380e+06	2.815100e+06	2.809920e+06	2.812960e+06	2.823600e+06	2.824620e+06	2.815500e+06	2.803420e+06	2.824840e+06	2.809680e+06	2.818420e+06	2.818160e+06	2.813840e+06	2.817700e+06	2.819040e+06	2.812580e+06	2.820420e+06	2.813680e+06	2.814700e+06
2.813800e+06	2.814080e+06	2.828360e+06	2.823180e+06	2.827440e+06	2.826120e+06	2.814680e+06	2.808800e+06	2.834280e+06	2.825640e+06	2.815460e+06	2.833100e+06	2.831340e+06	2.802420e+06	2.818600e+06	2.821740e+06	2.830480e+06	2.823360e+06	2.819360e+06	2.822800e+06	2.815540e+06	2.827360e+06	2.823300e+06	2.816020e+06	2.836440e+06	2.825020e+06	2.822640e+06	2.831640e+06	2.820160e+06	2.813620e+06	2.827660e+06	2.820200e+06	2.826820e+06	2.835680e+06	2.822980e+06	2.825740e+06	2.818220e+06	2.820900e+06	2.822140e+06	2.831800e+06	2.801660e+06	2.798840e+06	2.799440e+06	2.811860e+06	2.813140e+06	2.804380e+06	2.810420e+06	2.824980e+06	2.801900e+06	2.802420e+06	2.814240e+06	2.818420e+06	2.817560e+06	2.822180e+06	2.814440e+06	2.828140e+06	2.831300e+06	2.825280e+06	2.818980e+06	2.827700e+06	2.817480e+06	2.821120e+06	2.829840e+06	2.818420e+06	2.820800e+06	2.820740e+06	2.825920e+06	2.834380e+06	2.814040e+06	2.818740e+06	2.834160e+06	2.821100e+06	2.828880e+06	2.810500e+06	2.823380e+06	2.820320e+06	2.809160e+06	2.824740e+06	2.820880e+06	2.803720e+06	2.813680e+06	2.790740e+06	2.812040e+06	2.826920e+06	2.806820e+06	2.813600e+06	2.810980e+06	2.818260e+06	2.813620e+06	2.822440e+06	2.823220e+06	2.817340e+06	2.823160e+06	2.831820e+06	2.821920e+06	2.808040e+06	2.812900e+06	2.823420e+06	2.820140e+06	2.813840e+06	2.822780e+06	2.835160e+06	2.811540e+06	2.826760e+06	2.814060e+06	2.819260e+06	2.813460e+06	2.824100e+06	2.823640e+06	2.827700e+06	2.821220e+06	2.833040e+06	2.819220e+06	2.822760e+06	2.811980e+06	2.813140e+06	2.808500e+06	2.829200e+06	2.825420e+06	2.810520e+06	2.823700e+06
2.823560e+06	2.815780e+06	2.829980e+06	2.816200e+06	2.823340e+06	2.831800e+06	2.816400e+06	2.819380e+06	2.822420e+06	2.832640e+06	2.831040e+06	2.813500e+06	2.840200e+06	2.825780e+06	2.822380e+06	2.834580e+06	2.817720e+06	2.827940e+06	2.824880e+06	2.837520e+06	2.806980e+06	2.826540e+06	2.822000e+06	2.824280e+06	2.835780e+06	2.837540e+06	2.817220e+06	2.818700e+06	2.817280e+06	2.824060e+06	2.822740e+06	2.821660e+06	2.806740e+06	2.815060e+06	2.827060e+06	2.814180e+06	2.814140e+06	2.825520e+06	2.827040e+06	2.824360e+06	2.815860e+06	2.803980e+06	2.814940e+06	2.800940e+06	2.809620e+06	2.818440e+06	2.806100e+06	2.807680e+06	2.800600e+06	2.816280e+06	2.816920e+06	2.827040e+06	2.827860e+06	2.819360e+06	2.821580e+06	2.825460e+06	2.831180e+06	2.814080e+06	2.833840e+06	2.819200e+06	2.820760e+06	2.825340e+06	2.816220e+06	2.816980e+06	2.833620e+06	2.822000e+06	2.816180e+06	2.817240e+06	2.817380e+06	2.822220e+06	2.831000e+06	2.824000e+06	2.825220e+06	2.825120e+06	2.829520e+06	2.820240e+06	2.812260e+06	2.813320e+06	2.819780e+06	2.814580e+06	2.810000e+06	2.813780e+06	2.816360e+06	2.816960e+06	2.815420e+06	2.809180e+06	2.809420e+06	2.818520e+06	2.824540e+06	2.815320e+06	2.814180e+06	2.819920e+06	2.812720e+06	2.825000e+06	2.823040e+06	2.835180e+06	2.823700e+06	2.823860e+06	2.826260e+06	2.822560e+06	2.822440e+06	2.813140e+06	2.822720e+06	2.826040e+06	2.823080e+06	2.833600e+06	2.826300e+06	2.826820e+06	2.841500e+06	2.818380e+06	2.819240e+06	2.817340e+06	2.815040e+06	2.828620e+06	2.808680e+06	2.825920e+06	2.823500e+06	2.825720e+06	2.815580e+06	2.821400e+06	2.823720e+06
2.815840e+06	2.813280e+06	2.822000e+06	2.822220e+06	2.822740e+06	2.822400e+06	2.829680e+06	2.837160e+06	2.827860e+06	2.811220e+06	2.816020e+06	2.832520e+06	2.830340e+06	2.820440e+06	2.837840e+06	2.813360e+06	2.830400e+06	2.831620e+06	2.825460e+06	2.817340e+06	2.818600e+06	2.823500e+06	2.836220e+06	2.820380e+06	2.819420e+06	2.818720e+06	2.824000e+06	2.829720e+06	2.825280e+06	2.820140e+06	2.826660e+06	2.815460e+06	2.818560e+06	2.827820e+06	2.834760e+06	2.826000e+06	2.818740e+06	2.826180e+06	2.820820e+06	2.825260e+06	2.820080e+06	2.807860e+06	2.808560e+06	2.810300e+06	2.809920e+06	2.834020e+06	2.806400e+06	2.805800e+06	2.802360e+06	2.827660e+06	2.832020e+06	2.815420e+06	2.826740e+06	2.820000e+06	2.837900e+06	2.814840e+06	2.822520e+06	2.829180e+06	2.825100e+06	2.827760e+06	2.818040e+06	2.822260e+06	2.830220e+06	2.829360e+06	2.835660e+06	2.831100e+06	2.829200e+06	2.820260e+06	2.823480e+06	2.831460e+06	2.843320e+06	2.828160e+06	2.829320e+06	2.822760e+06	2.831720e+06	2.829700e+06	2.816260e+06	2.821120e+06	2.820740e+06	2.807900e+06	2.818140e+06	2.817180e+06	2.821860e+06	2.812740e+06	2.805980e+06	2.812060e+06	2.822040e+06	2.814740e+06	2.823900e+06	2.814440e+06	2.821540e+06	2.830640e+06	2.832360e+06	2.826520e+06	2.832580e+06	2.819040e+06	2.829200e+06	2.823260e+06	2.842600e+06	2.824680e+06	2.831180e+06	2.829700e+06	2.831480e+06	2.822440e+06	2.815140e+06	2.828640e+06	2.831260e+06	2.820600e+06	2.830180e+06	2.830300e+06	2.822680e+06	2.824940e+06	2.817720e+06	2.828040e+06	2.822760e+06	2.820740e+06	2.815960e+06	2.828460e+06	2.818760e+06	2.819820e+06	2.822980e+06
2.835800e+06	2.839420e+06	2.826520e+06	2.819760e+06	2.834880e+06	2.836680e+06	2.830120e+06	2.835060e+06	2.830100e+06	2.833200e+06	2.832780e+06	2.827140e+06	2.835660e+06	2.836200e+06	2.833700e+06	2.823660e+06	2.841480e+06	2.831520e+06	2.827540e+06	2.813420e+06	2.837700e+06	2.834880e+06	2.831880e+06	2.826800e+06	2.831160e+06	2.831460e+06	2.838140e+06	2.835500e+06	2.827400e+06	2.829080e+06	2.829620e+06	2.816480e+06	2.825420e+06	2.831460e+06	2.822720e+06	2.816940e+06	2.818580e+06	2.833080e+06	2.828700e+06	2.833380e+06	2.815100e+06	2.807460e+06	2.812160e+06	2.821260e+06	2.819200e+06	2.830860e+06	2.814280e+06	2.818620e+06	2.822760e+06	2.829000e+06	2.825420e+06	2.823920e+06	2.832560e+06	2.835360e+06	2.833120e+06	2.834300e+06	2.823100e+06	2.829180e+06	2.833900e+06	2.820460e+06	2.826660e+06	2.834200e+06	2.824480e+06	2.815760e+06	2.822820e+06	2.827420e+06	2.845460e+06	2.831120e+06	2.819360e+06	2.833980e+06	2.833840e+06	2.826100e+06	2.820260e+06	2.831260e+06	2.827020e+06	2.830580e+06	2.822180e+06	2.824600e+06	2.820880e+06	2.827740e+06	2.829360e+06	2.807800e+06	2.819760e+06	2.819980e+06	2.810400e+06	2.812220e+06	2.803980e+06	2.814660e+06	2.824020e+06	2.816480e+06	2.831780e+06	2.834440e+06	2.818780e+06	2.830680e+06	2.828860e+06	2.832160e+06	2.826860e+06	2.832800e+06	2.836000e+06	2.823360e+06	2.837080e+06	2.835300e+06	2.828860e+06	2.830520e+06	2.826920e+06	2.821860e+06	2.831740e+06	2.820860e+06	2.826060e+06	2.830240e+06	2.818780e+06	2.822420e+06	2.832340e+06	2.829360e+06	2.829620e+06	2.829740e+06	2.827840e+06	2.830400e+06	2.819820e+06	2.824940e+06	2.823140e+06
2.824620e+06	2.819680e+06	2.820580e+06	2.839280e+06	2.823460e+06	2.831480e+06	2.820100e+06	2.832360e+06	2.821540e+06	2.818400e+06	2.821500e+06	2.830720e+06	2.815320e+06	2.822760e+06	2.827720e+06	2.827900e+06	2.836360e+06	2.827480e+06	2.832020e+06	2.823520e+06	2.826580e+06	2.825100e+06	2.829940e+06	2.824120e+06	2.827280e+06	2.840020e+06	2.834720e+06	2.831200e+06	2.827920e+06	2.820240e+06	2.828160e+06	2.830640e+06	2.829560e+06	2.825180e+06	2.820120e+06	2.830100e+06	2.827500e+06	2.829380e+06	2.815180e+06	2.828100e+06	2.820140e+06	2.817500e+06	2.811760e+06	2.817720e+06	2.833940e+06	2.808640e+06	2.810180e+06	2.820620e+06	2.818180e+06	2.830800e+06	2.833200e+06	2.828020e+06	2.811400e+06	2.851980e+06	2.827420e+06	2.827000e+06	2.841180e+06	2.840580e+06	2.825320e+06	2.826120e+06	2.829240e+06	2.831280e+06	2.829980e+06	2.827340e+06	2.816560e+06	2.823100e+06	2.838360e+06	2.828060e+06	2.832180e+06	2.837580e+06	2.833500e+06	2.820420e+06	2.835720e+06	2.832440e+06	2.833180e+06	2.833860e+06	2.837640e+06	2.828060e+06	2.822560e+06	2.834900e+06	2.817060e+06	2.808700e+06	2.831480e+06	2.826060e+06	2.819180e+06	2.827880e+06	2.829160e+06	2.818120e+06	2.815240e+06	2.832880e+06	2.840680e+06	2.829000e+06	2.836680e+06	2.833240e+06	2.829920e+06	2.837460e+06	2.829440e+06	2.828560e+06	2.835640e+06	2.829260e+06	2.835960e+06	2.836680e+06	2.826820e+06	2.835900e+06	2.835980e+06	2.843480e+06	2.825120e+06	2.828440e+06	2.822280e+06	2.833560e+06	2.828300e+06	2.838980e+06	2.825420e+06	2.836420e+06	2.826240e+06	2.841640e+06	2.821720e+06	2.826500e+06	2.831780e+06	2.828820e+06	2.841320e+06
2.827500e+06	2.825700e+06	2.817740e+06	2.837620e+06	2.832980e+06	2.835240e+06	2.824840e+06	2.836220e+06	2.832080e+06	2.836920e+06	2.844880e+06	2.833900e+06	2.834660e+06	2.840100e+06	2.827800e+06	2.815660e+06	2.834480e+06	2.832780e+06	2.834720e+06	2.837280e+06	2.834180e+06	2.832180e+06	2.843380e+06	2.824600e+06	2.840740e+06	2.828460e+06	2.827000e+06	2.833500e+06	2.832880e+06	2.841260e+06	2.839600e+06	2.849180e+06	2.838560e+06	2.838260e+06	2.823660e+06	2.836820e+06	2.822600e+06	2.825460e+06	2.823440e+06	2.827180e+06	2.820540e+06	2.816300e+06	2.814960e+06	2.814480e+06	2.827880e+06	2.823420e+06	2.818020e+06	2.807100e+06	2.810500e+06	2.827600e+06	2.833900e+06	2.828280e+06	2.829940e+06	2.819740e+06	2.818700e+06	2.833140e+06	2.831340e+06	2.818140e+06	2.834360e+06	2.831560e+06	2.831340e+06	2.833560e+06	2.830460e+06	2.832960e+06	2.828800e+06	2.828660e+06	2.823800e+06	2.825180e+06	2.836300e+06	2.828540e+06	2.841920e+06	2.832200e+06	2.828960e+06	2.830740e+06	2.830580e+06	2.835880e+06	2.837700e+06	2.831920e+06	2.828960e+06	2.817980e+06	2.843740e+06	2.818120e+06	2.818920e+06	2.813100e+06	2.833420e+06	2.820780e+06	2.823600e+06	2.823500e+06	2.827720e+06	2.830220e+06	2.838260e+06	2.830160e+06	2.840200e+06	2.826900e+06	2.824640e+06	2.822300e+06	2.832380e+06	2.826340e+06	2.822160e+06	2.835880e+06	2.827500e+06	2.821420e+06	2.828700e+06	2.835240e+06	2.832340e+06	2.833700e+06	2.822440e+06	2.838340e+06	2.828860e+06	2.834880e+06	2.822120e+06	2.838880e+06	2.830300e+06	2.829560e+06	2.829180e+06	2.834940e+06	2.835680e+06	2.818140e+06	2.825420e+06	2.823600e+06	2.817640e+06
2.822500e+06	2.836140e+06	2.834960e+06	2.841660e+06	2.819220e+06	2.834520e+06	2.833560e+06	2.822380e+06	2.828780e+06	2.828880e+06	2.826560e+06	2.823280e+06	2.840140e+06	2.841220e+06	2.828520e+06	2.828020e+06	2.830340e+06	2.815240e+06	2.820640e+06	2.828380e+06	2.834400e+06	2.839360e+06	2.843180e+06	2.824800e+06	2.819000e+06	2.836040e+06	2.850340e+06	2.833860e+06	2.828660e+06	2.836400e+06	2.831260e+06	2.830140e+06	2.818440e+06	2.831600e+06	2.835340e+06	2.832540e+06	2.820080e+06	2.832840e+06	2.836580e+06	2.822780e+06	2.807960e+06	2.816140e+06	2.817960e+06	2.814020e+06	2.828220e+06	2.825100e+06	2.821340e+06	2.824500e+06	2.813040e+06	2.831620e+06	2.826540e+06	2.831880e+06	2.823460e+06	2.827980e+06	2.830820e+06	2.827020e+06	2.834700e+06	2.829220e+06	2.825700e+06	2.830340e+06	2.828620e+06	2.826680e+06	2.827240e+06	2.832840e+06	2.839600e+06	2.826120e+06	2.823620e+06	2.830620e+06	2.836600e+06	2.833200e+06	2.833800e+06	2.839640e+06	2.831880e+06	2.823620e+06	2.833660e+06	2.835380e+06	2.833780e+06	2.823600e+06	2.833760e+06	2.814000e+06	2.821860e+06	2.837840e+06	2.826060e+06	2.808220e+06	2.822060e+06	2.815380e+06	2.826820e+06	2.815120e+06	2.828260e+06	2.823220e+06	2.823200e+06	2.829460e+06	2.823560e+06	2.832380e+06	2.833260e+06	2.815700e+06	2.838540e+06	2.825300e+06	2.832600e+06	2.831080e+06	2.833540e+06	2.822420e+06	2.829640e+06	2.830920e+06	2.833520e+06	2.835160e+06	2.830580e+06	2.837220e+06	2.824680e+06	2.822980e+06	2.830440e+06	2.833680e+06	2.828060e+06	2.826900e+06	2.829740e+06	2.831700e+06	2.832640e+06	2.816940e+06	2.831320e+06	2.818740e+06	2.839040e+06
2.824760e+06	2.825920e+06	2.838680e+06	2.825820e+06	2.835940e+06	2.834880e+06	2.832760e+06	2.835900e+06	2.836720e+06	2.832520e+06	2.825920e+06	2.822280e+06	2.832520e+06	2.836760e+06	2.835000e+06	2.842560e+06	2.825440e+06	2.830580e+06	2.827220e+06	2.830480e+06	2.820780e+06	2.825400e+06	2.833840e+06	2.837560e+06	2.844060e+06	2.841380e+06	2.832860e+06	2.829820e+06	2.829700e+06	2.828000e+06	2.823660e+06	2.839780e+06	2.826160e+06	2.834980e+06	2.825180e+06	2.837580e+06	2.820760e+06	2.832880e+06	2.830400e+06	2.832420e+06	2.821260e+06	2.813240e+06	2.809380e+06	2.816660e+06	2.826880e+06	2.822320e+06	2.818900e+06	2.826820e+06	2.810480e+06	2.835540e+06	2.827840e+06	2.824880e+06	2.838480e+06	2.819380e+06	2.841620e+06	2.825320e+06	2.828320e+06	2.836980e+06	2.831440e+06	2.824160e+06	2.839020e+06	2.839220e+06	2.823740e+06	2.823600e+06	2.830060e+06	2.834520e+06	2.833340e+06	2.822140e+06	2.836520e+06	2.827560e+06	2.839480e+06	2.825000e+06	2.832660e+06	2.829360e+06	2.824440e+06	2.831000e+06	2.823540e+06	2.823060e+06	2.829140e+06	2.818940e+06	2.816340e+06	2.813860e+06	2.831260e+06	2.820780e+06	2.815480e+06	2.800420e+06	2.801080e+06	2.824860e+06	2.836680e+06	2.831040e+06	2.818460e+06	2.831520e+06	2.826900e+06	2.837480e+06	2.834200e+06	2.825660e+06	2.838380e+06	2.831840e+06	2.827580e+06	2.844860e+06	2.836060e+06	2.825720e+06	2.836780e+06	2.831420e+06	2.832120e+06	2.829940e+06	2.848840e+06	2.830560e+06	2.838840e+06	2.839520e+06	2.831820e+06	2.813900e+06	2.829920e+06	2.820360e+06	2.833980e+06	2.829500e+06	2.829600e+06	2.825680e+06	2.833640e+06	2.819260e+06	2.835880e+06
2.829960e+06	2.824360e+06	2.828560e+06	2.844720e+06	2.825480e+06	2.825420e+06	2.830060e+06	2.840880e+06	2.830540e+06	2.824560e+06	2.824540e+06	2.822620e+06	2.837480e+06	2.832080e+06	2.828640e+06	2.820920e+06	2.832180e+06	2.824000e+06	2.832780e+06	2.834100e+06	2.827660e+06	2.831920e+06	2.842160e+06	2.833180e+06	2.826860e+06	2.831620e+06	2.828740e+06	2.813500e+06	2.833320e+06	2.842720e+06	2.833280e+06	2.825820e+06	2.833760e+06	2.837760e+06	2.839220e+06	2.825960e+06	2.826600e+06	2.824780e+06	2.831600e+06	2.821860e+06	2.820920e+06	2.809840e+06	2.818160e+06	2.818120e+06	2.808060e+06	2.809980e+06	2.811680e+06	2.819000e+06	2.816600e+06	2.827200e+06	2.824460e+06	2.838780e+06	2.823200e+06	2.831060e+06	2.838360e+06	2.819120e+06	2.832640e+06	2.838880e+06	2.820820e+06	2.826000e+06	2.828880e+06	2.844960e+06	2.824640e+06	2.842000e+06	2.838060e+06	2.833800e+06	2.823920e+06	2.824900e+06	2.831000e+06	2.812440e+06	2.833860e+06	2.842380e+06	2.834600e+06	2.822300e+06	2.839040e+06	2.826820e+06	2.830480e+06	2.821780e+06	2.833000e+06	2.812540e+06	2.827980e+06	2.821140e+06	2.825440e+06	2.823320e+06	2.838280e+06	2.830540e+06	2.815580e+06	2.833240e+06	2.834480e+06	2.827000e+06	2.835280e+06	2.833640e+06	2.833480e+06	2.828580e+06	2.828360e+06	2.827660e+06	2.842480e+06	2.838080e+06	2.820080e+06	2.822020e+06	2.823720e+06	2.848340e+06	2.836780e+06	2.825480e+06	2.834600e+06	2.817400e+06	2.832680e+06	2.828720e+06	2.830380e+06	2.822880e+06	2.822860e+06	2.827940e+06	2.841580e+06	2.821140e+06	2.820060e+06	2.832100e+06	2.826080e+06	2.834380e+06	2.835040e+06	2.834080e+06	2.830740e+06
2.819380e+06	2.829360e+06	2.831380e+06	2.840600e+06	2.834840e+06	2.826240e+06	2.825960e+06	2.823020e+06	2.835720e+06	2.826060e+06	2.831360e+06	2.820180e+06	2.831760e+06	2.825260e+06	2.820820e+06	2.831800e+06	2.828500e+06	2.829240e+06	2.836800e+06	2.813940e+06	2.818400e+06	2.831240e+06	2.832540e+06	2.807140e+06	2.837400e+06	2.823960e+06	2.827860e+06	2.822300e+06	2.834000e+06	2.825200e+06	2.829540e+06	2.818240e+06	2.815020e+06	2.821900e+06	2.834840e+06	2.817560e+06	2.833940e+06	2.826500e+06	2.828980e+06	2.814840e+06	2.825840e+06	2.821560e+06	2.823800e+06	2.811940e+06	2.819420e+06	2.829360e+06	2.805000e+06	2.824760e+06	2.823800e+06	2.831160e+06	2.826160e+06	2.833980e+06	2.830760e+06	2.826440e+06	2.833120e+06	2.842400e+06	2.831980e+06	2.833860e+06	2.836960e+06	2.833820e+06	2.824400e+06	2.821060e+06	2.829080e+06	2.831460e+06	2.842820e+06	2.838740e+06	2.830840e+06	2.833360e+06	2.836480e+06	2.828180e+06	2.821620e+06	2.844920e+06	2.823960e+06	2.816180e+06	2.841440e+06	2.812800e+06	2.827920e+06	2.827720e+06	2.817800e+06	2.818240e+06	2.818480e+06	2.820300e+06	2.816280e+06	2.827560e+06	2.832800e+06	2.814840e+06	2.823220e+06	2.806020e+06	2.818700e+06	2.827420e+06	2.836200e+06	2.818800e+06	2.824240e+06	2.826140e+06	2.832500e+06	2.826520e+06	2.836380e+06	2.844520e+06	2.823320e+06	2.823820e+06	2.829220e+06	2.827140e+06	2.830800e+06	2.822860e+06	2.824840e+06	2.837240e+06	2.842620e+06	2.834980e+06	2.838200e+06	2.814900e+06	2.836900e+06	2.832000e+06	2.826980e+06	2.828160e+06	2.831920e+06	2.837740e+06	2.837240e+06	2.833940e+06	2.823780e+06	2.829340e+06	2.839900e+06
2.831580e+06	2.832980e+06	2.824320e+06	2.821600e+06	2.834320e+06	2.827580e+06	2.833740e+06	2.833380e+06	2.820500e+06	2.828500e+06	2.830040e+06	2.840560e+06	2.828920e+06	2.833220e+06	2.830440e+06	2.831560e+06	2.820540e+06	2.822900e+06	2.823600e+06	2.835580e+06	2.837240e+06	2.832040e+06	2.846040e+06	2.824980e+06	2.832560e+06	2.837640e+06	2.840840e+06	2.831240e+06	2.833380e+06	2.831820e+06	2.832180e+06	2.821820e+06	2.828780e+06	2.832060e+06	2.827000e+06	2.831140e+06	2.815620e+06	2.839340e+06	2.819900e+06	2.834280e+06	2.808380e+06	2.807020e+06	2.805980e+06	2.819060e+06	2.815260e+06	2.820720e+06	2.829540e+06	2.807400e+06	2.822920e+06	2.822140e+06	2.845900e+06	2.839800e+06	2.828420e+06	2.838660e+06	2.839340e+06	2.831080e+06	2.845340e+06	2.836780e+06	2.824440e+06	2.830340e+06	2.822720e+06	2.838860e+06	2.823800e+06	2.841300e+06	2.821840e+06	2.828360e+06	2.835160e+06	2.824480e+06	2.828480e+06	2.841260e+06	2.842140e+06	2.834880e+06	2.832080e+06	2.829020e+06	2.831280e+06	2.838420e+06	2.832680e+06	2.818580e+06	2.824640e+06	2.821780e+06	2.828340e+06	2.825400e+06	2.835160e+06	2.817840e+06	2.806160e+06	2.817100e+06	2.813420e+06	2.822400e+06	2.818980e+06	2.830860e+06	2.827040e+06	2.831940e+06	2.834580e+06	2.836740e+06	2.827420e+06	2.819420e+06	2.834160e+06	2.828880e+06	2.830180e+06	2.829080e+06	2.835240e+06	2.834140e+06	2.827280e+06	2.827600e+06	2.853600e+06	2.825720e+06	2.828420e+06	2.838040e+06	2.829120e+06	2.818100e+06	2.839460e+06	2.827740e+06	2.832780e+06	2.836340e+06	2.837980e+06	2.827440e+06	2.831380e+06	2.820320e+06	2.828920e+06	2.831600e+06	2.821880e+06
2.816440e+06	2.833780e+06	2.819900e+06	2.819280e+06	2.830680e+06	2.828140e+06	2.828220e+06	2.826380e+06	2.829400e+06	2.832620e+06	2.844960e+06	2.825800e+06	2.828580e+06	2.821160e+06	2.824240e+06	2.837640e+06	2.821100e+06	2.836280e+06	2.818320e+06	2.830760e+06	2.835280e+06	2.836060e+06	2.832820e+06	2.815840e+06	2.820940e+06	2.843340e+06	2.826600e+06	2.839320e+06	2.833480e+06	2.829500e+06	2.832740e+06	2.826540e+06	2.829080e+06	2.827240e+06	2.824520e+06	2.825540e+06	2.843140e+06	2.832880e+06	2.836380e+06	2.811400e+06	2.822300e+06	2.813820e+06	2.809660e+06	2.813320e+06	2.811380e+06	2.820080e+06	2.805260e+06	2.814000e+06	2.814860e+06	2.837680e+06	2.825860e+06	2.833880e+06	2.835800e+06	2.836880e+06	2.822340e+06	2.830480e+06	2.845380e+06	2.828880e+06	2.832580e+06	2.826920e+06	2.832220e+06	2.827840e+06	2.828740e+06	2.833420e+06	2.831360e+06	2.820540e+06	2.829100e+06	2.837220e+06	2.832180e+06	2.833480e+06	2.830820e+06	2.832000e+06	2.841160e+06	2.843080e+06	2.821720e+06	2.824100e+06	2.828800e+06	2.833260e+06	2.828980e+06	2.821700e+06	2.816160e+06	2.826940e+06	2.823320e+06	2.830280e+06	2.819460e+06	2.817720e+06	2.821440e+06	2.819160e+06	2.826260e+06	2.837740e+06	2.823320e+06	2.831420e+06	2.832920e+06	2.825840e+06	2.837260e+06	2.827200e+06	2.826220e+06	2.838340e+06	2.836120e+06	2.832020e+06	2.818680e+06	2.824560e+06	2.825880e+06	2.833540e+06	2.819900e+06	2.833020e+06	2.828020e+06	2.824500e+06	2.825680e+06	2.834680e+06	2.822820e+06	2.826520e+06	2.831120e+06	2.819100e+06	2.833180e+06	2.826900e+06	2.837120e+06	2.825280e+06	2.811780e+06	2.818000e+06	2.835220e+06
2.825980e+06	2.835000e+06	2.819380e+06	2.842980e+06	2.838840e+06	2.828080e+06	2.847360e+06	2.833620e+06	2.848360e+06	2.834540e+06	2.839760e+06	2.837600e+06	2.841320e+06	2.838960e+06	2.831780e+06	2.839320e+06	2.823860e+06	2.826940e+06	2.832020e+06	2.846520e+06	2.824380e+06	2.835380e+06	2.830820e+06	2.835320e+06	2.836500e+06	2.831160e+06	2.829820e+06	2.836540e+06	2.835080e+06	2.829340e+06	2.834360e+06	2.833020e+06	2.844040e+06	2.840860e+06	2.841200e+06	2.834800e+06	2.845880e+06	2.837020e+06	2.825140e+06	2.822640e+06	2.824740e+06	2.814900e+06	2.815900e+06	2.823140e+06	2.816680e+06	2.831280e+06	2.832020e+06	2.822120e+06	2.808700e+06	2.824040e+06	2.833520e+06	2.821420e+06	2.838160e+06	2.830920e+06	2.827780e+06	2.839440e+06	2.833040e+06	2.832440e+06	2.837700e+06	2.829460e+06	2.831100e+06	2.840300e+06	2.832220e+06	2.835740e+06	2.840040e+06	2.831080e+06	2.824780e+06	2.820940e+06	2.838640e+06	2.831160e+06	2.825960e+06	2.830780e+06	2.827660e+06	2.836580e+06	2.841720e+06	2.837820e+06	2.820900e+06	2.822860e+06	2.837820e+06	2.809920e+06	2.817000e+06	2.820520e+06	2.829440e+06	2.830380e+06	2.821160e+06	2.809960e+06	2.819220e+06	2.822580e+06	2.838880e+06	2.832480e+06	2.825060e+06	2.829480e+06	2.834880e+06	2.825580e+06	2.827720e+06	2.832100e+06	2.841240e+06	2.835560e+06	2.834340e+06	2.829960e+06	2.841980e+06	2.831320e+06	2.817760e+06	2.829220e+06	2.839280e+06	2.841120e+06	2.833800e+06	2.835160e+06	2.831040e+06	2.828520e+06	2.828420e+06	2.820920e+06	2.822680e+06	2.841660e+06	2.830580e+06	2.833400e+06	2.836440e+06	2.821040e+06	2.828220e+06	2.827340e+06	2.812080e+06
2.828340e+06	2.824780e+06	2.834160e+06	2.835380e+06	2.830680e+06	2.828620e+06	2.825060e+06	2.824960e+06	2.825820e+06	2.834680e+06	2.831260e+06	2.839380e+06	2.822200e+06	2.839240e+06	2.835060e+06	2.829940e+06	2.823080e+06	2.827500e+06	2.839340e+06	2.837640e+06	2.822280e+06	2.834160e+06	2.821280e+06	2.834280e+06	2.839860e+06	2.833300e+06	2.830820e+06	2.822360e+06	2.832500e+06	2.842640e+06	2.838980e+06	2.840940e+06	2.835360e+06	2.824320e+06	2.821820e+06	2.830460e+06	2.830760e+06	2.836180e+06	2.812840e+06	2.832720e+06	2.820180e+06	2.823900e+06	2.807460e+06	2.818560e+06	2.817620e+06	2.817560e+06	2.833760e+06	2.814340e+06	2.811120e+06	2.831260e+06	2.829180e+06	2.827760e+06	2.841020e+06	2.836060e+06	2.837640e+06	2.823740e+06	2.834980e+06	2.823760e+06	2.837140e+06	2.834740e+06	2.829500e+06	2.834640e+06	2.833200e+06	2.841580e+06	2.825520e+06	2.826540e+06	2.832320e+06	2.834660e+06	2.841340e+06	2.824080e+06	2.825660e+06	2.826420e+06	2.838080e+06	2.832520e+06	2.831020e+06	2.833020e+06	2.834440e+06	2.834060e+06	2.829220e+06	2.831480e+06	2.822300e+06	2.821440e+06	2.822120e+06	2.818620e+06	2.826420e+06	2.812400e+06	2.819300e+06	2.825020e+06	2.824720e+06	2.836460e+06	2.821600e+06	2.838860e+06	2.831360e+06	2.826260e+06	2.832920e+06	2.832080e+06	2.832760e+06	2.833060e+06	2.835600e+06	2.835780e+06	2.824120e+06	2.825660e+06	2.835420e+06	2.833080e+06	2.822340e+06	2.834680e+06	2.835160e+06	2.840620e+06	2.837820e+06	2.831300e+06	2.833860e+06	2.823680e+06	2.820480e+06	2.817740e+06	2.825060e+06	2.826200e+06	2.834720e+06	2.836960e+06	2.817840e+06	2.814960e+06	2.826100e+06
2.830620e+06	2.831440e+06	2.834740e+06	2.832080e+06	2.826340e+06	2.842080e+06	2.824760e+06	2.845380e+06	2.831940e+06	2.839080e+06	2.840500e+06	2.838800e+06	2.847540e+06	2.833020e+06	2.823860e+06	2.827280e+06	2.837980e+06	2.845020e+06	2.834480e+06	2.829240e+06	2.839500e+06	2.841700e+06	2.833620e+06	2.831720e+06	2.827160e+06	2.834760e+06	2.831320e+06	2.852540e+06	2.830400e+06	2.828860e+06	2.831800e+06	2.837580e+06	2.831700e+06	2.822200e+06	2.835320e+06	2.839060e+06	2.832060e+06	2.831480e+06	2.833440e+06	2.829760e+06	2.828420e+06	2.816380e+06	2.823120e+06	2.805140e+06	2.830600e+06	2.821000e+06	2.809060e+06	2.823420e+06	2.806940e+06	2.833640e+06	2.822140e+06	2.828380e+06	2.829700e+06	2.834580e+06	2.827660e+06	2.841500e+06	2.825040e+06	2.833880e+06	2.838960e+06	2.818680e+06	2.826540e+06	2.818780e+06	2.818640e+06	2.825760e+06	2.831480e+06	2.836540e+06	2.839140e+06	2.836760e+06	2.829760e+06	2.826560e+06	2.825840e+06	2.836980e+06	2.829400e+06	2.831260e+06	2.823140e+06	2.836120e+06	2.835600e+06	2.827880e+06	2.828000e+06	2.817300e+06	2.833680e+06	2.814680e+06	2.826820e+06	2.825180e+06	2.828200e+06	2.806100e+06	2.819980e+06	2.820200e+06	2.828620e+06	2.821020e+06	2.834020e+06	2.841200e+06	2.839700e+06	2.842840e+06	2.844560e+06	2.851400e+06	2.826000e+06	2.837180e+06	2.832180e+06	2.836180e+06	2.832200e+06	2.833820e+06	2.834080e+06	2.842420e+06	2.828120e+06	2.835420e+06	2.823900e+06	2.844960e+06	2.841400e+06	2.833620e+06	2.834980e+06	2.824440e+06	2.845440e+06	2.835260e+06	2.838440e+06	2.824480e+06	2.837040e+06	2.831160e+06	2.836520e+06	2.836120e+06	2.822840e+06
2.826040e+06	2.821600e+06	2.832720e+06	2.835460e+06	2.832280e+06	2.830000e+06	2.829060e+06	2.821580e+06	2.843700e+06	2.842020e+06	2.848460e+06	2.826800e+06	2.847040e+06	2.848500e+06	2.838320e+06	2.836760e+06	2.828700e+06	2.845060e+06	2.842060e+06	2.833940e+06	2.819300e+06	2.836120e+06	2.835000e+06	2.844540e+06	2.835640e+06	2.845280e+06	2.825040e+06	2.844060e+06	2.842140e+06	2.833600e+06	2.847500e+06	2.839040e+06	2.849720e+06	2.837740e+06	2.843460e+06	2.844840e+06	2.831660e+06	2.830800e+06	2.827000e+06	2.845120e+06	2.823020e+06	2.802380e+06	2.817100e+06	2.811400e+06	2.830380e+06	2.820380e+06	2.816160e+06	2.815580e+06	2.820980e+06	2.832780e+06	2.834160e+06	2.837440e+06	2.832480e+06	2.837580e+06	2.846100e+06	2.852140e+06	2.837800e+06	2.845000e+06	2.831240e+06	2.834160e+06	2.844220e+06	2.837640e+06	2.836680e+06	2.821980e+06	2.838580e+06	2.845420e+06	2.838540e+06	2.847020e+06	2.824120e+06	2.840560e+06	2.839720e+06	2.833120e+06	2.835060e+06	2.841160e+06	2.833960e+06	2.830720e+06	2.826760e+06	2.825200e+06	2.830440e+06	2.825460e+06	2.834980e+06	2.822440e+06	2.833440e+06	2.832080e+06	2.810260e+06	2.831940e+06	2.817080e+06	2.829520e+06	2.847440e+06	2.819000e+06	2.841600e+06	2.833580e+06	2.836500e+06	2.840260e+06	2.835520e+06	2.824520e+06	2.829780e+06	2.828740e+06	2.839700e+06	2.845860e+06	2.833700e+06	2.829820e+06	2.833680e+06	2.838440e+06	2.830800e+06	2.829100e+06	2.838740e+06	2.832240e+06	2.835640e+06	2.837620e+06	2.835480e+06	2.833820e+06	2.832920e+06	2.831280e+06	2.831280e+06	2.839740e+06	2.828120e+06	2.838180e+06	2.838120e+06	2.836380e+06	2.837360e+06
