#Saved Data from the class odmr_logic on 15.07.2022 at 13h24m10s.
#
#Parameters:
#===========
#
#Microwave CW Power (dBm): -1.0000000000000000e+01
#Microwave Sweep Power (dBm): 0.0000000000000000e+00
#Run Time (s): 3.0000000000000000e+02
#Number of frequency sweeps (#): 74
#Start Frequencies (Hz): [2800000000.0]
#Stop Frequencies (Hz): [2950000000.0]
#Step sizes (Hz): [2000000.0]
#Clock Frequencies (Hz): 20
#Channel: 0: /Dev1/Ctr3
#
#Data:
#=====
#count data (counts/s)
2.251840e+06	2.251900e+06	2.254880e+06	2.244680e+06	2.242640e+06	2.256220e+06	2.243220e+06	2.246000e+06	2.250660e+06	2.240760e+06	2.233480e+06	2.248140e+06	2.250060e+06	2.241360e+06	2.254560e+06	2.244700e+06	2.248520e+06	2.258060e+06	2.243860e+06	2.250020e+06	2.248260e+06	2.246560e+06	2.246840e+06	2.252640e+06	2.245800e+06	2.249560e+06	2.246680e+06	2.242940e+06	2.251400e+06	2.246780e+06	2.237160e+06	2.245480e+06	2.254140e+06	2.256980e+06	2.243820e+06	2.253880e+06	2.259260e+06	2.253460e+06	2.241540e+06	2.251520e+06	2.243980e+06	2.251400e+06	2.254840e+06	2.260780e+06	2.249760e+06	2.246980e+06	2.250900e+06	2.247000e+06	2.253920e+06	2.256200e+06	2.253360e+06	2.230740e+06	2.248340e+06	2.247080e+06	2.256900e+06	2.257460e+06	2.244600e+06	2.254980e+06	2.260440e+06	2.255900e+06	2.251520e+06	2.252840e+06	2.258000e+06	2.246060e+06	2.242320e+06	2.250140e+06	2.257060e+06	2.249940e+06	2.245380e+06	2.251360e+06	2.254440e+06	2.239460e+06	2.250940e+06	2.236740e+06	2.254760e+06	2.248480e+06
2.244920e+06	2.250580e+06	2.249660e+06	2.250520e+06	2.242960e+06	2.246280e+06	2.235120e+06	2.248100e+06	2.248040e+06	2.237220e+06	2.239020e+06	2.247560e+06	2.247520e+06	2.245920e+06	2.233240e+06	2.241500e+06	2.241060e+06	2.237460e+06	2.256080e+06	2.241000e+06	2.246720e+06	2.249940e+06	2.247220e+06	2.257180e+06	2.247720e+06	2.255300e+06	2.243840e+06	2.243960e+06	2.253660e+06	2.258580e+06	2.249380e+06	2.255680e+06	2.248840e+06	2.243760e+06	2.250280e+06	2.251340e+06	2.252920e+06	2.243500e+06	2.245780e+06	2.253540e+06	2.250400e+06	2.255080e+06	2.246480e+06	2.244640e+06	2.248900e+06	2.238520e+06	2.253900e+06	2.250360e+06	2.258200e+06	2.253760e+06	2.248800e+06	2.251480e+06	2.258920e+06	2.253540e+06	2.256060e+06	2.250440e+06	2.254400e+06	2.251900e+06	2.251860e+06	2.243960e+06	2.251640e+06	2.256340e+06	2.256700e+06	2.248120e+06	2.248420e+06	2.249040e+06	2.239580e+06	2.247100e+06	2.250740e+06	2.247640e+06	2.245760e+06	2.252100e+06	2.250720e+06	2.233500e+06	2.254020e+06	2.244040e+06
2.256200e+06	2.259460e+06	2.246900e+06	2.243020e+06	2.245820e+06	2.259260e+06	2.254860e+06	2.242880e+06	2.236220e+06	2.251680e+06	2.250260e+06	2.246520e+06	2.258860e+06	2.258420e+06	2.240840e+06	2.255080e+06	2.252300e+06	2.256880e+06	2.244240e+06	2.246240e+06	2.245400e+06	2.245740e+06	2.243940e+06	2.254140e+06	2.249340e+06	2.238240e+06	2.255600e+06	2.240780e+06	2.251200e+06	2.244720e+06	2.252260e+06	2.239440e+06	2.252780e+06	2.247460e+06	2.239480e+06	2.249000e+06	2.245140e+06	2.244820e+06	2.254100e+06	2.249140e+06	2.256360e+06	2.233360e+06	2.252740e+06	2.244320e+06	2.249820e+06	2.240780e+06	2.254020e+06	2.238720e+06	2.238880e+06	2.250500e+06	2.249280e+06	2.249180e+06	2.256000e+06	2.242960e+06	2.251240e+06	2.247540e+06	2.245820e+06	2.258360e+06	2.253340e+06	2.249340e+06	2.250540e+06	2.257100e+06	2.261020e+06	2.256340e+06	2.255040e+06	2.238060e+06	2.248320e+06	2.251140e+06	2.242820e+06	2.232480e+06	2.239700e+06	2.252840e+06	2.236300e+06	2.246760e+06	2.246880e+06	2.249920e+06
2.240840e+06	2.247420e+06	2.248820e+06	2.229880e+06	2.242060e+06	2.225580e+06	2.243120e+06	2.243960e+06	2.246040e+06	2.256940e+06	2.249660e+06	2.257540e+06	2.260560e+06	2.242300e+06	2.247840e+06	2.258000e+06	2.237040e+06	2.244020e+06	2.248840e+06	2.247880e+06	2.267460e+06	2.238480e+06	2.244660e+06	2.248660e+06	2.235440e+06	2.248080e+06	2.259320e+06	2.255440e+06	2.246320e+06	2.241600e+06	2.241940e+06	2.251500e+06	2.259820e+06	2.239420e+06	2.243960e+06	2.250820e+06	2.241360e+06	2.250040e+06	2.255340e+06	2.251220e+06	2.254040e+06	2.251420e+06	2.240600e+06	2.242540e+06	2.236740e+06	2.244720e+06	2.244580e+06	2.252740e+06	2.254120e+06	2.260100e+06	2.255000e+06	2.247840e+06	2.249880e+06	2.250880e+06	2.251480e+06	2.254440e+06	2.252100e+06	2.250960e+06	2.245200e+06	2.255600e+06	2.261320e+06	2.249460e+06	2.252620e+06	2.244500e+06	2.251420e+06	2.236100e+06	2.246680e+06	2.247920e+06	2.251640e+06	2.245980e+06	2.246720e+06	2.243880e+06	2.236400e+06	2.252520e+06	2.252320e+06	2.254560e+06
2.243920e+06	2.252020e+06	2.254620e+06	2.251280e+06	2.240000e+06	2.252380e+06	2.246480e+06	2.246320e+06	2.240960e+06	2.242880e+06	2.247520e+06	2.247220e+06	2.243220e+06	2.251200e+06	2.236960e+06	2.246720e+06	2.252820e+06	2.247340e+06	2.246960e+06	2.253520e+06	2.245980e+06	2.243380e+06	2.247960e+06	2.248820e+06	2.244300e+06	2.256560e+06	2.246460e+06	2.236560e+06	2.247320e+06	2.251200e+06	2.243300e+06	2.258600e+06	2.245460e+06	2.242920e+06	2.246400e+06	2.243960e+06	2.249960e+06	2.251300e+06	2.250440e+06	2.244060e+06	2.255620e+06	2.260720e+06	2.245900e+06	2.258780e+06	2.248420e+06	2.245480e+06	2.260180e+06	2.246500e+06	2.248360e+06	2.239180e+06	2.255700e+06	2.253780e+06	2.233280e+06	2.248200e+06	2.250520e+06	2.248780e+06	2.244080e+06	2.260880e+06	2.250720e+06	2.250560e+06	2.244560e+06	2.259900e+06	2.255520e+06	2.249980e+06	2.243300e+06	2.248560e+06	2.257840e+06	2.246600e+06	2.243400e+06	2.256560e+06	2.242740e+06	2.257180e+06	2.249700e+06	2.247340e+06	2.242200e+06	2.258520e+06
2.251060e+06	2.246780e+06	2.243140e+06	2.236840e+06	2.228320e+06	2.238900e+06	2.242260e+06	2.241960e+06	2.246100e+06	2.249400e+06	2.254620e+06	2.244340e+06	2.234600e+06	2.254860e+06	2.256660e+06	2.240660e+06	2.245040e+06	2.247440e+06	2.251000e+06	2.244700e+06	2.249200e+06	2.247880e+06	2.260840e+06	2.248100e+06	2.245520e+06	2.258360e+06	2.252300e+06	2.258960e+06	2.246540e+06	2.239400e+06	2.245140e+06	2.245240e+06	2.252140e+06	2.237200e+06	2.252040e+06	2.251300e+06	2.254620e+06	2.243620e+06	2.249980e+06	2.245420e+06	2.256320e+06	2.257440e+06	2.244960e+06	2.252660e+06	2.245320e+06	2.235460e+06	2.255620e+06	2.243560e+06	2.238200e+06	2.239620e+06	2.253720e+06	2.252540e+06	2.252920e+06	2.245780e+06	2.255720e+06	2.247400e+06	2.252220e+06	2.256960e+06	2.252980e+06	2.250320e+06	2.243140e+06	2.257280e+06	2.253440e+06	2.250860e+06	2.251300e+06	2.239060e+06	2.249000e+06	2.249700e+06	2.241660e+06	2.252800e+06	2.240260e+06	2.242060e+06	2.247140e+06	2.250960e+06	2.248760e+06	2.248400e+06
2.260940e+06	2.256500e+06	2.248180e+06	2.233700e+06	2.247860e+06	2.244640e+06	2.245820e+06	2.248060e+06	2.244180e+06	2.238780e+06	2.243460e+06	2.251480e+06	2.256080e+06	2.239320e+06	2.261800e+06	2.245880e+06	2.242560e+06	2.248240e+06	2.241540e+06	2.240000e+06	2.240460e+06	2.245140e+06	2.256980e+06	2.245140e+06	2.251720e+06	2.249020e+06	2.257280e+06	2.246080e+06	2.254760e+06	2.244280e+06	2.242220e+06	2.253120e+06	2.240840e+06	2.246840e+06	2.247740e+06	2.248420e+06	2.245880e+06	2.254200e+06	2.247660e+06	2.249380e+06	2.240340e+06	2.236960e+06	2.246400e+06	2.251980e+06	2.240960e+06	2.244500e+06	2.250340e+06	2.255600e+06	2.256500e+06	2.254160e+06	2.245600e+06	2.257020e+06	2.250580e+06	2.255560e+06	2.248120e+06	2.242900e+06	2.251000e+06	2.251860e+06	2.256340e+06	2.261520e+06	2.248760e+06	2.251380e+06	2.254040e+06	2.249780e+06	2.264180e+06	2.240800e+06	2.237600e+06	2.255740e+06	2.242000e+06	2.250540e+06	2.251480e+06	2.234180e+06	2.248140e+06	2.243060e+06	2.242440e+06	2.253580e+06
2.235820e+06	2.242840e+06	2.255040e+06	2.241080e+06	2.240860e+06	2.245060e+06	2.241620e+06	2.240660e+06	2.232960e+06	2.244160e+06	2.252080e+06	2.240220e+06	2.255440e+06	2.248680e+06	2.243840e+06	2.249260e+06	2.250820e+06	2.257080e+06	2.251720e+06	2.251240e+06	2.244260e+06	2.257100e+06	2.248940e+06	2.242300e+06	2.252200e+06	2.245660e+06	2.253760e+06	2.256900e+06	2.247460e+06	2.243200e+06	2.242680e+06	2.244560e+06	2.247240e+06	2.242360e+06	2.242680e+06	2.238740e+06	2.245800e+06	2.249740e+06	2.242960e+06	2.251560e+06	2.255220e+06	2.244860e+06	2.244040e+06	2.250120e+06	2.244960e+06	2.243260e+06	2.247260e+06	2.235540e+06	2.234800e+06	2.244220e+06	2.250700e+06	2.253920e+06	2.253920e+06	2.241360e+06	2.251260e+06	2.245560e+06	2.247800e+06	2.244520e+06	2.249320e+06	2.252800e+06	2.243580e+06	2.243060e+06	2.244460e+06	2.255160e+06	2.246820e+06	2.241260e+06	2.250220e+06	2.249200e+06	2.235020e+06	2.247760e+06	2.250720e+06	2.243340e+06	2.234940e+06	2.234320e+06	2.237100e+06	2.244440e+06
2.249460e+06	2.240120e+06	2.242140e+06	2.248340e+06	2.244560e+06	2.247220e+06	2.244560e+06	2.253100e+06	2.231000e+06	2.240480e+06	2.253900e+06	2.257520e+06	2.245200e+06	2.243980e+06	2.246580e+06	2.247300e+06	2.245960e+06	2.259620e+06	2.244840e+06	2.245300e+06	2.252980e+06	2.240980e+06	2.246680e+06	2.253100e+06	2.247980e+06	2.244600e+06	2.230400e+06	2.235940e+06	2.236840e+06	2.243260e+06	2.241120e+06	2.240600e+06	2.236020e+06	2.240960e+06	2.240060e+06	2.245060e+06	2.239340e+06	2.237920e+06	2.242380e+06	2.247980e+06	2.241380e+06	2.243860e+06	2.244440e+06	2.250560e+06	2.232260e+06	2.246540e+06	2.252960e+06	2.254540e+06	2.249620e+06	2.247940e+06	2.248980e+06	2.250460e+06	2.249840e+06	2.251480e+06	2.238880e+06	2.251660e+06	2.244160e+06	2.240100e+06	2.246780e+06	2.252200e+06	2.240740e+06	2.257980e+06	2.244480e+06	2.258960e+06	2.249920e+06	2.247380e+06	2.250420e+06	2.244240e+06	2.242880e+06	2.239920e+06	2.241580e+06	2.242100e+06	2.237520e+06	2.243140e+06	2.243820e+06	2.247000e+06
2.255460e+06	2.235540e+06	2.243080e+06	2.244720e+06	2.252720e+06	2.249220e+06	2.258200e+06	2.240880e+06	2.240660e+06	2.243920e+06	2.251060e+06	2.251000e+06	2.250020e+06	2.242500e+06	2.245720e+06	2.242480e+06	2.242800e+06	2.254920e+06	2.241940e+06	2.255160e+06	2.243700e+06	2.249920e+06	2.245220e+06	2.243960e+06	2.242900e+06	2.260460e+06	2.245980e+06	2.235760e+06	2.243920e+06	2.256440e+06	2.236880e+06	2.247820e+06	2.238580e+06	2.245680e+06	2.237640e+06	2.240620e+06	2.250140e+06	2.255080e+06	2.252220e+06	2.253440e+06	2.245520e+06	2.248600e+06	2.254960e+06	2.246440e+06	2.247900e+06	2.243800e+06	2.242540e+06	2.233580e+06	2.247860e+06	2.248160e+06	2.254860e+06	2.241760e+06	2.254980e+06	2.245360e+06	2.239800e+06	2.243180e+06	2.249440e+06	2.244460e+06	2.252300e+06	2.256540e+06	2.251880e+06	2.242280e+06	2.241160e+06	2.250240e+06	2.242880e+06	2.254800e+06	2.249320e+06	2.248160e+06	2.243440e+06	2.244460e+06	2.253600e+06	2.247740e+06	2.243360e+06	2.246860e+06	2.246800e+06	2.244920e+06
2.248020e+06	2.246700e+06	2.252680e+06	2.243960e+06	2.247540e+06	2.250920e+06	2.242700e+06	2.258000e+06	2.244960e+06	2.229140e+06	2.243900e+06	2.256740e+06	2.251460e+06	2.248020e+06	2.248200e+06	2.242460e+06	2.241740e+06	2.250040e+06	2.252980e+06	2.255840e+06	2.250300e+06	2.247640e+06	2.253900e+06	2.246820e+06	2.252780e+06	2.245740e+06	2.253020e+06	2.255060e+06	2.267400e+06	2.237860e+06	2.247940e+06	2.255040e+06	2.250220e+06	2.249100e+06	2.240760e+06	2.248720e+06	2.250620e+06	2.245040e+06	2.240680e+06	2.254360e+06	2.235600e+06	2.236520e+06	2.247640e+06	2.252880e+06	2.254840e+06	2.254900e+06	2.234520e+06	2.234220e+06	2.244220e+06	2.236400e+06	2.250680e+06	2.239680e+06	2.251180e+06	2.264380e+06	2.255280e+06	2.251400e+06	2.244180e+06	2.247240e+06	2.251900e+06	2.237680e+06	2.257340e+06	2.243420e+06	2.256440e+06	2.247960e+06	2.238740e+06	2.242900e+06	2.254360e+06	2.243800e+06	2.251380e+06	2.256160e+06	2.235500e+06	2.249600e+06	2.232680e+06	2.244680e+06	2.235520e+06	2.236980e+06
2.238120e+06	2.250380e+06	2.247800e+06	2.249200e+06	2.240380e+06	2.230660e+06	2.247220e+06	2.246900e+06	2.253260e+06	2.240400e+06	2.249340e+06	2.239820e+06	2.257700e+06	2.253420e+06	2.258320e+06	2.246280e+06	2.236680e+06	2.244620e+06	2.242680e+06	2.253320e+06	2.251280e+06	2.249440e+06	2.248740e+06	2.246140e+06	2.241380e+06	2.247600e+06	2.243800e+06	2.247520e+06	2.240200e+06	2.243980e+06	2.254680e+06	2.246380e+06	2.244300e+06	2.241880e+06	2.246040e+06	2.238720e+06	2.246620e+06	2.248200e+06	2.253320e+06	2.249220e+06	2.249740e+06	2.250740e+06	2.255380e+06	2.243360e+06	2.240940e+06	2.248020e+06	2.244760e+06	2.247760e+06	2.249240e+06	2.256940e+06	2.241440e+06	2.245680e+06	2.252240e+06	2.260300e+06	2.245280e+06	2.250820e+06	2.251460e+06	2.251660e+06	2.241060e+06	2.243840e+06	2.249340e+06	2.246840e+06	2.247140e+06	2.251780e+06	2.253820e+06	2.253420e+06	2.240460e+06	2.253300e+06	2.241080e+06	2.238100e+06	2.248740e+06	2.252080e+06	2.241600e+06	2.240660e+06	2.250440e+06	2.253800e+06
2.240980e+06	2.250140e+06	2.250960e+06	2.246680e+06	2.236060e+06	2.237920e+06	2.239160e+06	2.239280e+06	2.245240e+06	2.250540e+06	2.249940e+06	2.247320e+06	2.241000e+06	2.245960e+06	2.254340e+06	2.247500e+06	2.243220e+06	2.251620e+06	2.253140e+06	2.245760e+06	2.253900e+06	2.249820e+06	2.246040e+06	2.241480e+06	2.253800e+06	2.248480e+06	2.245580e+06	2.249660e+06	2.258500e+06	2.230940e+06	2.251160e+06	2.244100e+06	2.250520e+06	2.233960e+06	2.249220e+06	2.239600e+06	2.260240e+06	2.239580e+06	2.248360e+06	2.247520e+06	2.242860e+06	2.251660e+06	2.242400e+06	2.249000e+06	2.238980e+06	2.246060e+06	2.244620e+06	2.240460e+06	2.246560e+06	2.251080e+06	2.241060e+06	2.250860e+06	2.240200e+06	2.252040e+06	2.246840e+06	2.245680e+06	2.246780e+06	2.246240e+06	2.238520e+06	2.245600e+06	2.245120e+06	2.252860e+06	2.241860e+06	2.243540e+06	2.248560e+06	2.246240e+06	2.244440e+06	2.238180e+06	2.243180e+06	2.240140e+06	2.243620e+06	2.247800e+06	2.237560e+06	2.235400e+06	2.241740e+06	2.251880e+06
2.237620e+06	2.247520e+06	2.239380e+06	2.229040e+06	2.249520e+06	2.241040e+06	2.249040e+06	2.250800e+06	2.235700e+06	2.247780e+06	2.247280e+06	2.247140e+06	2.245600e+06	2.249660e+06	2.233720e+06	2.242300e+06	2.246560e+06	2.250600e+06	2.243320e+06	2.251520e+06	2.244900e+06	2.249580e+06	2.252720e+06	2.235800e+06	2.248660e+06	2.245000e+06	2.243540e+06	2.247040e+06	2.242680e+06	2.249300e+06	2.247420e+06	2.249500e+06	2.232280e+06	2.246760e+06	2.242920e+06	2.252040e+06	2.247220e+06	2.248120e+06	2.243280e+06	2.249800e+06	2.245740e+06	2.243840e+06	2.246720e+06	2.252780e+06	2.243820e+06	2.244820e+06	2.258680e+06	2.242100e+06	2.247360e+06	2.234540e+06	2.245560e+06	2.247000e+06	2.241100e+06	2.251380e+06	2.236560e+06	2.241200e+06	2.243680e+06	2.249200e+06	2.237940e+06	2.240600e+06	2.239000e+06	2.242540e+06	2.247920e+06	2.241780e+06	2.239560e+06	2.239500e+06	2.242320e+06	2.243740e+06	2.233820e+06	2.241360e+06	2.245180e+06	2.236880e+06	2.239400e+06	2.246940e+06	2.241720e+06	2.239400e+06
2.245960e+06	2.249380e+06	2.247020e+06	2.245660e+06	2.240580e+06	2.241440e+06	2.247260e+06	2.239820e+06	2.235980e+06	2.241580e+06	2.244660e+06	2.248700e+06	2.256140e+06	2.254100e+06	2.261620e+06	2.252640e+06	2.251700e+06	2.249260e+06	2.239720e+06	2.246280e+06	2.258520e+06	2.247820e+06	2.240960e+06	2.245900e+06	2.253860e+06	2.246020e+06	2.258940e+06	2.244120e+06	2.257840e+06	2.244800e+06	2.252300e+06	2.252380e+06	2.238180e+06	2.240560e+06	2.233860e+06	2.252780e+06	2.245560e+06	2.241280e+06	2.244720e+06	2.248840e+06	2.241680e+06	2.251840e+06	2.244900e+06	2.243680e+06	2.257580e+06	2.238500e+06	2.240760e+06	2.245680e+06	2.254940e+06	2.234960e+06	2.249780e+06	2.250980e+06	2.251740e+06	2.251580e+06	2.254040e+06	2.246240e+06	2.250140e+06	2.252460e+06	2.258600e+06	2.242240e+06	2.247380e+06	2.247540e+06	2.240560e+06	2.249760e+06	2.242420e+06	2.250760e+06	2.250460e+06	2.242020e+06	2.248520e+06	2.242800e+06	2.241880e+06	2.244140e+06	2.236080e+06	2.240800e+06	2.240640e+06	2.243140e+06
2.247640e+06	2.241460e+06	2.252920e+06	2.248660e+06	2.241020e+06	2.250940e+06	2.245260e+06	2.246660e+06	2.242080e+06	2.244540e+06	2.242140e+06	2.254760e+06	2.251080e+06	2.241400e+06	2.250060e+06	2.246980e+06	2.255620e+06	2.246220e+06	2.252960e+06	2.246680e+06	2.244760e+06	2.248220e+06	2.252000e+06	2.246880e+06	2.234940e+06	2.252960e+06	2.247360e+06	2.239820e+06	2.243340e+06	2.259920e+06	2.236900e+06	2.249520e+06	2.244020e+06	2.234940e+06	2.241620e+06	2.248820e+06	2.252100e+06	2.252480e+06	2.241380e+06	2.258520e+06	2.251300e+06	2.246860e+06	2.243600e+06	2.242160e+06	2.250700e+06	2.238280e+06	2.241380e+06	2.254600e+06	2.256780e+06	2.245480e+06	2.245440e+06	2.248940e+06	2.240120e+06	2.245400e+06	2.253300e+06	2.251740e+06	2.255480e+06	2.246180e+06	2.244920e+06	2.244120e+06	2.250800e+06	2.252700e+06	2.248020e+06	2.251240e+06	2.243820e+06	2.248560e+06	2.244500e+06	2.251360e+06	2.244500e+06	2.250040e+06	2.251040e+06	2.238280e+06	2.241920e+06	2.248080e+06	2.246500e+06	2.238220e+06
2.243900e+06	2.256780e+06	2.252660e+06	2.246780e+06	2.247420e+06	2.241680e+06	2.247400e+06	2.244740e+06	2.249520e+06	2.247520e+06	2.243100e+06	2.262740e+06	2.257520e+06	2.247460e+06	2.244380e+06	2.248300e+06	2.245460e+06	2.249080e+06	2.259720e+06	2.250440e+06	2.253180e+06	2.245380e+06	2.248120e+06	2.245060e+06	2.246160e+06	2.243680e+06	2.254520e+06	2.251600e+06	2.244920e+06	2.247960e+06	2.247340e+06	2.242740e+06	2.246980e+06	2.237400e+06	2.245260e+06	2.238260e+06	2.243620e+06	2.241260e+06	2.247680e+06	2.248500e+06	2.243640e+06	2.260240e+06	2.251360e+06	2.246780e+06	2.246660e+06	2.245720e+06	2.245440e+06	2.244180e+06	2.239720e+06	2.244360e+06	2.238720e+06	2.248300e+06	2.241740e+06	2.258080e+06	2.245680e+06	2.244320e+06	2.249380e+06	2.252780e+06	2.250860e+06	2.244540e+06	2.256520e+06	2.240780e+06	2.259300e+06	2.248640e+06	2.243460e+06	2.243660e+06	2.239660e+06	2.237620e+06	2.246960e+06	2.248040e+06	2.257440e+06	2.233560e+06	2.237900e+06	2.239480e+06	2.248740e+06	2.250880e+06
2.255000e+06	2.248200e+06	2.259060e+06	2.246960e+06	2.244720e+06	2.238960e+06	2.250240e+06	2.240440e+06	2.238180e+06	2.244640e+06	2.244980e+06	2.241020e+06	2.243520e+06	2.241360e+06	2.248720e+06	2.246580e+06	2.244620e+06	2.248340e+06	2.243040e+06	2.253980e+06	2.246040e+06	2.242940e+06	2.242500e+06	2.247620e+06	2.247840e+06	2.256060e+06	2.248960e+06	2.245740e+06	2.241620e+06	2.243660e+06	2.249200e+06	2.246780e+06	2.230860e+06	2.239860e+06	2.247120e+06	2.233240e+06	2.244920e+06	2.243520e+06	2.255080e+06	2.238060e+06	2.250100e+06	2.254060e+06	2.256540e+06	2.245700e+06	2.248360e+06	2.240600e+06	2.251720e+06	2.243080e+06	2.249820e+06	2.254560e+06	2.246960e+06	2.248900e+06	2.253920e+06	2.242600e+06	2.248140e+06	2.246500e+06	2.246140e+06	2.246760e+06	2.247920e+06	2.247580e+06	2.248780e+06	2.227560e+06	2.248860e+06	2.248560e+06	2.257540e+06	2.262340e+06	2.249000e+06	2.241680e+06	2.246680e+06	2.242460e+06	2.248820e+06	2.248840e+06	2.234900e+06	2.235460e+06	2.243880e+06	2.250480e+06
2.242780e+06	2.242680e+06	2.256200e+06	2.239380e+06	2.241400e+06	2.239900e+06	2.241160e+06	2.244800e+06	2.231400e+06	2.240780e+06	2.251920e+06	2.246200e+06	2.243620e+06	2.245520e+06	2.254400e+06	2.244880e+06	2.249140e+06	2.249020e+06	2.241040e+06	2.252320e+06	2.245860e+06	2.250400e+06	2.251820e+06	2.254600e+06	2.244660e+06	2.238120e+06	2.248940e+06	2.237600e+06	2.244460e+06	2.237980e+06	2.244380e+06	2.246820e+06	2.250200e+06	2.241300e+06	2.247700e+06	2.238340e+06	2.246980e+06	2.242500e+06	2.248980e+06	2.244300e+06	2.259460e+06	2.241220e+06	2.238140e+06	2.246380e+06	2.249380e+06	2.241640e+06	2.250960e+06	2.250360e+06	2.237300e+06	2.237680e+06	2.257540e+06	2.245840e+06	2.248900e+06	2.239420e+06	2.245360e+06	2.259980e+06	2.247180e+06	2.243380e+06	2.248060e+06	2.247660e+06	2.245840e+06	2.239120e+06	2.250380e+06	2.253600e+06	2.240200e+06	2.243600e+06	2.239040e+06	2.249840e+06	2.244080e+06	2.257080e+06	2.255360e+06	2.249800e+06	2.244260e+06	2.244200e+06	2.252960e+06	2.250620e+06
2.248080e+06	2.256260e+06	2.241100e+06	2.241320e+06	2.244620e+06	2.236400e+06	2.238580e+06	2.249060e+06	2.244200e+06	2.243340e+06	2.238560e+06	2.239640e+06	2.247040e+06	2.244700e+06	2.239660e+06	2.236780e+06	2.241160e+06	2.243960e+06	2.245580e+06	2.244780e+06	2.255740e+06	2.260840e+06	2.252800e+06	2.241540e+06	2.240740e+06	2.245880e+06	2.244200e+06	2.241940e+06	2.246400e+06	2.250600e+06	2.241140e+06	2.243340e+06	2.248240e+06	2.242140e+06	2.248840e+06	2.255900e+06	2.244940e+06	2.249140e+06	2.244000e+06	2.248900e+06	2.246340e+06	2.253240e+06	2.242200e+06	2.234600e+06	2.241800e+06	2.233100e+06	2.246960e+06	2.248580e+06	2.242920e+06	2.251180e+06	2.232100e+06	2.252820e+06	2.250980e+06	2.246660e+06	2.247420e+06	2.250640e+06	2.247000e+06	2.240280e+06	2.248120e+06	2.253180e+06	2.249200e+06	2.254360e+06	2.250860e+06	2.233400e+06	2.246220e+06	2.239100e+06	2.242680e+06	2.249180e+06	2.232860e+06	2.235020e+06	2.246420e+06	2.244460e+06	2.247220e+06	2.229860e+06	2.254860e+06	2.247740e+06
2.237300e+06	2.240340e+06	2.236080e+06	2.225740e+06	2.254360e+06	2.240860e+06	2.241280e+06	2.242760e+06	2.252500e+06	2.245840e+06	2.240760e+06	2.232800e+06	2.243980e+06	2.252260e+06	2.252280e+06	2.249840e+06	2.247820e+06	2.239700e+06	2.245740e+06	2.247580e+06	2.251700e+06	2.242680e+06	2.241680e+06	2.233360e+06	2.244760e+06	2.255120e+06	2.240420e+06	2.243780e+06	2.252740e+06	2.239820e+06	2.254640e+06	2.251020e+06	2.245540e+06	2.237900e+06	2.251420e+06	2.254620e+06	2.249980e+06	2.251000e+06	2.252340e+06	2.237520e+06	2.252440e+06	2.244700e+06	2.265760e+06	2.253180e+06	2.242780e+06	2.236620e+06	2.234660e+06	2.243040e+06	2.252500e+06	2.241160e+06	2.242560e+06	2.239420e+06	2.262260e+06	2.250660e+06	2.242140e+06	2.253060e+06	2.246500e+06	2.250700e+06	2.236520e+06	2.253300e+06	2.252360e+06	2.252040e+06	2.254000e+06	2.243620e+06	2.245000e+06	2.252000e+06	2.246880e+06	2.243340e+06	2.250920e+06	2.238300e+06	2.247620e+06	2.236860e+06	2.239860e+06	2.241660e+06	2.248780e+06	2.238280e+06
2.249000e+06	2.247160e+06	2.245700e+06	2.231700e+06	2.253520e+06	2.253620e+06	2.242580e+06	2.242640e+06	2.239220e+06	2.239040e+06	2.241140e+06	2.247580e+06	2.240640e+06	2.252740e+06	2.247540e+06	2.246660e+06	2.235740e+06	2.242980e+06	2.242720e+06	2.248240e+06	2.245260e+06	2.259660e+06	2.244640e+06	2.250800e+06	2.247000e+06	2.250780e+06	2.248480e+06	2.255320e+06	2.240980e+06	2.242860e+06	2.239520e+06	2.242500e+06	2.233680e+06	2.236680e+06	2.243500e+06	2.244520e+06	2.245080e+06	2.252320e+06	2.241240e+06	2.247540e+06	2.254740e+06	2.234820e+06	2.257800e+06	2.247020e+06	2.242280e+06	2.236900e+06	2.249360e+06	2.235440e+06	2.255240e+06	2.255400e+06	2.240020e+06	2.259180e+06	2.246900e+06	2.252220e+06	2.247260e+06	2.245280e+06	2.255120e+06	2.250040e+06	2.241260e+06	2.237620e+06	2.242100e+06	2.246220e+06	2.243800e+06	2.249900e+06	2.254040e+06	2.252320e+06	2.240900e+06	2.241720e+06	2.232540e+06	2.231320e+06	2.252000e+06	2.243140e+06	2.239780e+06	2.231160e+06	2.250100e+06	2.238320e+06
2.227080e+06	2.242020e+06	2.252700e+06	2.243220e+06	2.235800e+06	2.229640e+06	2.231280e+06	2.239360e+06	2.236200e+06	2.244160e+06	2.230040e+06	2.249860e+06	2.249780e+06	2.237320e+06	2.262920e+06	2.254620e+06	2.242540e+06	2.243600e+06	2.246340e+06	2.242520e+06	2.243680e+06	2.255440e+06	2.248680e+06	2.247880e+06	2.251680e+06	2.248920e+06	2.248760e+06	2.231780e+06	2.244440e+06	2.253460e+06	2.249240e+06	2.256860e+06	2.243320e+06	2.237500e+06	2.246820e+06	2.236360e+06	2.238620e+06	2.242500e+06	2.256420e+06	2.245660e+06	2.238800e+06	2.239180e+06	2.249140e+06	2.245000e+06	2.240200e+06	2.252040e+06	2.242480e+06	2.246480e+06	2.242600e+06	2.253800e+06	2.254240e+06	2.254480e+06	2.246620e+06	2.241740e+06	2.255320e+06	2.247360e+06	2.256200e+06	2.242560e+06	2.249340e+06	2.233340e+06	2.240840e+06	2.248540e+06	2.253680e+06	2.238240e+06	2.245800e+06	2.252220e+06	2.233540e+06	2.249880e+06	2.241720e+06	2.250720e+06	2.244880e+06	2.236360e+06	2.247360e+06	2.235500e+06	2.243640e+06	2.235140e+06
2.244560e+06	2.246680e+06	2.243960e+06	2.234060e+06	2.240340e+06	2.234180e+06	2.248600e+06	2.243560e+06	2.244960e+06	2.233120e+06	2.237700e+06	2.251000e+06	2.243960e+06	2.245900e+06	2.244360e+06	2.237740e+06	2.233900e+06	2.247340e+06	2.245880e+06	2.242360e+06	2.254660e+06	2.250060e+06	2.245240e+06	2.252300e+06	2.235240e+06	2.244140e+06	2.253740e+06	2.240120e+06	2.252900e+06	2.245480e+06	2.253660e+06	2.256040e+06	2.233540e+06	2.240000e+06	2.243680e+06	2.246840e+06	2.247700e+06	2.242000e+06	2.249260e+06	2.247320e+06	2.237940e+06	2.240740e+06	2.252440e+06	2.242640e+06	2.254500e+06	2.232620e+06	2.239260e+06	2.246020e+06	2.247080e+06	2.246760e+06	2.245960e+06	2.242640e+06	2.254340e+06	2.242500e+06	2.256460e+06	2.234860e+06	2.245720e+06	2.251040e+06	2.247300e+06	2.251820e+06	2.242180e+06	2.249480e+06	2.255480e+06	2.255400e+06	2.235780e+06	2.234200e+06	2.248300e+06	2.252260e+06	2.257040e+06	2.247540e+06	2.252060e+06	2.237280e+06	2.237240e+06	2.243100e+06	2.240320e+06	2.241460e+06
2.247600e+06	2.235120e+06	2.248600e+06	2.246460e+06	2.228300e+06	2.238480e+06	2.244800e+06	2.245480e+06	2.240740e+06	2.239580e+06	2.250060e+06	2.241040e+06	2.237880e+06	2.245080e+06	2.244780e+06	2.244920e+06	2.252000e+06	2.240320e+06	2.258460e+06	2.242820e+06	2.249360e+06	2.235720e+06	2.241920e+06	2.242640e+06	2.240140e+06	2.237000e+06	2.252220e+06	2.250800e+06	2.244180e+06	2.240680e+06	2.244600e+06	2.252340e+06	2.248500e+06	2.233000e+06	2.241000e+06	2.255760e+06	2.249400e+06	2.236120e+06	2.258320e+06	2.248180e+06	2.246120e+06	2.239420e+06	2.244580e+06	2.250660e+06	2.244380e+06	2.234300e+06	2.231980e+06	2.250340e+06	2.243560e+06	2.254360e+06	2.258900e+06	2.254400e+06	2.247520e+06	2.248780e+06	2.244640e+06	2.245080e+06	2.251660e+06	2.251960e+06	2.241380e+06	2.246780e+06	2.241900e+06	2.265780e+06	2.245080e+06	2.253060e+06	2.236340e+06	2.243000e+06	2.246100e+06	2.242700e+06	2.241660e+06	2.245560e+06	2.244980e+06	2.254040e+06	2.246500e+06	2.246260e+06	2.242920e+06	2.244720e+06
2.248180e+06	2.246700e+06	2.248380e+06	2.241900e+06	2.248020e+06	2.248920e+06	2.225040e+06	2.235440e+06	2.248760e+06	2.250160e+06	2.244940e+06	2.249960e+06	2.241360e+06	2.251140e+06	2.240980e+06	2.239920e+06	2.243660e+06	2.248580e+06	2.244820e+06	2.240480e+06	2.242040e+06	2.248560e+06	2.237240e+06	2.252720e+06	2.244760e+06	2.238400e+06	2.239160e+06	2.246880e+06	2.237380e+06	2.230360e+06	2.249460e+06	2.245840e+06	2.252320e+06	2.247740e+06	2.233320e+06	2.247140e+06	2.235900e+06	2.239300e+06	2.247340e+06	2.238160e+06	2.243940e+06	2.238940e+06	2.255620e+06	2.241360e+06	2.247900e+06	2.243280e+06	2.252920e+06	2.243240e+06	2.241620e+06	2.242160e+06	2.251340e+06	2.233280e+06	2.236800e+06	2.238120e+06	2.249940e+06	2.250580e+06	2.262980e+06	2.238820e+06	2.241280e+06	2.234100e+06	2.241060e+06	2.242860e+06	2.246240e+06	2.228960e+06	2.247980e+06	2.241620e+06	2.257440e+06	2.238180e+06	2.246000e+06	2.247600e+06	2.249000e+06	2.237180e+06	2.240180e+06	2.227780e+06	2.245440e+06	2.244340e+06
2.234300e+06	2.242040e+06	2.244760e+06	2.235020e+06	2.233420e+06	2.236680e+06	2.241280e+06	2.232620e+06	2.251680e+06	2.241320e+06	2.254560e+06	2.239380e+06	2.233360e+06	2.242660e+06	2.240360e+06	2.249480e+06	2.248880e+06	2.227700e+06	2.249840e+06	2.240640e+06	2.241200e+06	2.235320e+06	2.237660e+06	2.251020e+06	2.236940e+06	2.247040e+06	2.243620e+06	2.238380e+06	2.238560e+06	2.242780e+06	2.239060e+06	2.252800e+06	2.250780e+06	2.235180e+06	2.246760e+06	2.240660e+06	2.252460e+06	2.243340e+06	2.239720e+06	2.245980e+06	2.233540e+06	2.235800e+06	2.252820e+06	2.235380e+06	2.239820e+06	2.241640e+06	2.241120e+06	2.230300e+06	2.243320e+06	2.256200e+06	2.234200e+06	2.239000e+06	2.248140e+06	2.248520e+06	2.240820e+06	2.240000e+06	2.238140e+06	2.233780e+06	2.247500e+06	2.238020e+06	2.249540e+06	2.242880e+06	2.246180e+06	2.248160e+06	2.252780e+06	2.242320e+06	2.235600e+06	2.245640e+06	2.232360e+06	2.242740e+06	2.241860e+06	2.232820e+06	2.233620e+06	2.246220e+06	2.234660e+06	2.234100e+06
2.257440e+06	2.243240e+06	2.243100e+06	2.238360e+06	2.251520e+06	2.236980e+06	2.241060e+06	2.247460e+06	2.239860e+06	2.248980e+06	2.248920e+06	2.250560e+06	2.247100e+06	2.241040e+06	2.252240e+06	2.245520e+06	2.244980e+06	2.245400e+06	2.241620e+06	2.238320e+06	2.243520e+06	2.242780e+06	2.253780e+06	2.239900e+06	2.244580e+06	2.229460e+06	2.244060e+06	2.237120e+06	2.243940e+06	2.244820e+06	2.241200e+06	2.240480e+06	2.234940e+06	2.237320e+06	2.242780e+06	2.231680e+06	2.250520e+06	2.239280e+06	2.228560e+06	2.240980e+06	2.247140e+06	2.244280e+06	2.245620e+06	2.236880e+06	2.233680e+06	2.258080e+06	2.240260e+06	2.232020e+06	2.242020e+06	2.255880e+06	2.243560e+06	2.245160e+06	2.230940e+06	2.249740e+06	2.241500e+06	2.242680e+06	2.242100e+06	2.250200e+06	2.244260e+06	2.229020e+06	2.246480e+06	2.242780e+06	2.240360e+06	2.237260e+06	2.246740e+06	2.241360e+06	2.234940e+06	2.232800e+06	2.237020e+06	2.240260e+06	2.239500e+06	2.240000e+06	2.241180e+06	2.244140e+06	2.237920e+06	2.242200e+06
2.247920e+06	2.242100e+06	2.245060e+06	2.244800e+06	2.243560e+06	2.238940e+06	2.243300e+06	2.244700e+06	2.248440e+06	2.248960e+06	2.247120e+06	2.255060e+06	2.247480e+06	2.260120e+06	2.247020e+06	2.246800e+06	2.231540e+06	2.247880e+06	2.249320e+06	2.250800e+06	2.245920e+06	2.239940e+06	2.246760e+06	2.235980e+06	2.241540e+06	2.244440e+06	2.244440e+06	2.253920e+06	2.240840e+06	2.256400e+06	2.244560e+06	2.250640e+06	2.237940e+06	2.242800e+06	2.242520e+06	2.244500e+06	2.252820e+06	2.236960e+06	2.248820e+06	2.243560e+06	2.231900e+06	2.242740e+06	2.249360e+06	2.246060e+06	2.249300e+06	2.234600e+06	2.238520e+06	2.251940e+06	2.245040e+06	2.249160e+06	2.254220e+06	2.245400e+06	2.249960e+06	2.246860e+06	2.246660e+06	2.244420e+06	2.242460e+06	2.247240e+06	2.240420e+06	2.236800e+06	2.247160e+06	2.253880e+06	2.244700e+06	2.239020e+06	2.254500e+06	2.254260e+06	2.251300e+06	2.239960e+06	2.246800e+06	2.241600e+06	2.234820e+06	2.243520e+06	2.251980e+06	2.237800e+06	2.249720e+06	2.244120e+06
2.247740e+06	2.241760e+06	2.240800e+06	2.246960e+06	2.238580e+06	2.253060e+06	2.242080e+06	2.247700e+06	2.243440e+06	2.256180e+06	2.241220e+06	2.250800e+06	2.254040e+06	2.241620e+06	2.240700e+06	2.247720e+06	2.239640e+06	2.246440e+06	2.248720e+06	2.238260e+06	2.252080e+06	2.248280e+06	2.246340e+06	2.244900e+06	2.238980e+06	2.249720e+06	2.247660e+06	2.235420e+06	2.242800e+06	2.223600e+06	2.247160e+06	2.248780e+06	2.227360e+06	2.240760e+06	2.236520e+06	2.244780e+06	2.231420e+06	2.247340e+06	2.254400e+06	2.244000e+06	2.238700e+06	2.238800e+06	2.247920e+06	2.250140e+06	2.241180e+06	2.243540e+06	2.237800e+06	2.227120e+06	2.245020e+06	2.248440e+06	2.239000e+06	2.248980e+06	2.242860e+06	2.240400e+06	2.244180e+06	2.255140e+06	2.241400e+06	2.251320e+06	2.246780e+06	2.246180e+06	2.250360e+06	2.240260e+06	2.252740e+06	2.234400e+06	2.246040e+06	2.251140e+06	2.237760e+06	2.240980e+06	2.257480e+06	2.241020e+06	2.246480e+06	2.235920e+06	2.237220e+06	2.238300e+06	2.250140e+06	2.255840e+06
2.242520e+06	2.230620e+06	2.242420e+06	2.233460e+06	2.242180e+06	2.245720e+06	2.232200e+06	2.241900e+06	2.234480e+06	2.245500e+06	2.249260e+06	2.243120e+06	2.248540e+06	2.246460e+06	2.242840e+06	2.232080e+06	2.251160e+06	2.244900e+06	2.249040e+06	2.242920e+06	2.237500e+06	2.246360e+06	2.238540e+06	2.240280e+06	2.243300e+06	2.252520e+06	2.234420e+06	2.241400e+06	2.241420e+06	2.246180e+06	2.232020e+06	2.242220e+06	2.245060e+06	2.226660e+06	2.231120e+06	2.239000e+06	2.239720e+06	2.244640e+06	2.239720e+06	2.247700e+06	2.232400e+06	2.247280e+06	2.246480e+06	2.240920e+06	2.237060e+06	2.241600e+06	2.230380e+06	2.245380e+06	2.238940e+06	2.239320e+06	2.252420e+06	2.238780e+06	2.243580e+06	2.248040e+06	2.236460e+06	2.237300e+06	2.248440e+06	2.247420e+06	2.240500e+06	2.244140e+06	2.239420e+06	2.236260e+06	2.242000e+06	2.227760e+06	2.248920e+06	2.253280e+06	2.249380e+06	2.231480e+06	2.240780e+06	2.240880e+06	2.244100e+06	2.238560e+06	2.232580e+06	2.231200e+06	2.251580e+06	2.237280e+06
2.242240e+06	2.249260e+06	2.231280e+06	2.228680e+06	2.239780e+06	2.247300e+06	2.247560e+06	2.231400e+06	2.240440e+06	2.229940e+06	2.242820e+06	2.244420e+06	2.243720e+06	2.256500e+06	2.242020e+06	2.250540e+06	2.242720e+06	2.259680e+06	2.247700e+06	2.242760e+06	2.246280e+06	2.237740e+06	2.250440e+06	2.249060e+06	2.248580e+06	2.253740e+06	2.239400e+06	2.242260e+06	2.238400e+06	2.242220e+06	2.239740e+06	2.246360e+06	2.236700e+06	2.237060e+06	2.237980e+06	2.239720e+06	2.239220e+06	2.242620e+06	2.244480e+06	2.248480e+06	2.242340e+06	2.253260e+06	2.240600e+06	2.234620e+06	2.229420e+06	2.246740e+06	2.236920e+06	2.238220e+06	2.244600e+06	2.250520e+06	2.242500e+06	2.228440e+06	2.250700e+06	2.237460e+06	2.235700e+06	2.250740e+06	2.233740e+06	2.242840e+06	2.247100e+06	2.242020e+06	2.242340e+06	2.244540e+06	2.247320e+06	2.249200e+06	2.239320e+06	2.246020e+06	2.241860e+06	2.244240e+06	2.246260e+06	2.234400e+06	2.244820e+06	2.221480e+06	2.234400e+06	2.230640e+06	2.246380e+06	2.243240e+06
2.235720e+06	2.238520e+06	2.242940e+06	2.248880e+06	2.232300e+06	2.235600e+06	2.244660e+06	2.234000e+06	2.247660e+06	2.230420e+06	2.242780e+06	2.241180e+06	2.250720e+06	2.236460e+06	2.252660e+06	2.247880e+06	2.243140e+06	2.254040e+06	2.251980e+06	2.239000e+06	2.244740e+06	2.239020e+06	2.241480e+06	2.246160e+06	2.243520e+06	2.248940e+06	2.245700e+06	2.235760e+06	2.241800e+06	2.242820e+06	2.236160e+06	2.238580e+06	2.244300e+06	2.234160e+06	2.236340e+06	2.226900e+06	2.249340e+06	2.242140e+06	2.246800e+06	2.240460e+06	2.239880e+06	2.234900e+06	2.239580e+06	2.240000e+06	2.245220e+06	2.242500e+06	2.239780e+06	2.244420e+06	2.235180e+06	2.249860e+06	2.247920e+06	2.242840e+06	2.239400e+06	2.245140e+06	2.245780e+06	2.251940e+06	2.247420e+06	2.237600e+06	2.247900e+06	2.245820e+06	2.243180e+06	2.255180e+06	2.246000e+06	2.248040e+06	2.248220e+06	2.247420e+06	2.233840e+06	2.239560e+06	2.247180e+06	2.237460e+06	2.243200e+06	2.235580e+06	2.241920e+06	2.244900e+06	2.238940e+06	2.238280e+06
2.252960e+06	2.238660e+06	2.237200e+06	2.249160e+06	2.243120e+06	2.243460e+06	2.254800e+06	2.244160e+06	2.241200e+06	2.233200e+06	2.239540e+06	2.239800e+06	2.237100e+06	2.228020e+06	2.235520e+06	2.244280e+06	2.246320e+06	2.233040e+06	2.231980e+06	2.249560e+06	2.252340e+06	2.246020e+06	2.250100e+06	2.240540e+06	2.244400e+06	2.251160e+06	2.241780e+06	2.242580e+06	2.241200e+06	2.241000e+06	2.231120e+06	2.250080e+06	2.234940e+06	2.236780e+06	2.240840e+06	2.233940e+06	2.246740e+06	2.246740e+06	2.245460e+06	2.238160e+06	2.245300e+06	2.236120e+06	2.237760e+06	2.244420e+06	2.237000e+06	2.238940e+06	2.241340e+06	2.233520e+06	2.242940e+06	2.242840e+06	2.243860e+06	2.241900e+06	2.251100e+06	2.233380e+06	2.251880e+06	2.249860e+06	2.248040e+06	2.248240e+06	2.239040e+06	2.245060e+06	2.245740e+06	2.236100e+06	2.244520e+06	2.241940e+06	2.240900e+06	2.245180e+06	2.244380e+06	2.231720e+06	2.239920e+06	2.245560e+06	2.247780e+06	2.234840e+06	2.235320e+06	2.234180e+06	2.243620e+06	2.256180e+06
2.224260e+06	2.235780e+06	2.247200e+06	2.246820e+06	2.234720e+06	2.237960e+06	2.243420e+06	2.220060e+06	2.235180e+06	2.241860e+06	2.245000e+06	2.235820e+06	2.234240e+06	2.244020e+06	2.245640e+06	2.242960e+06	2.239820e+06	2.236340e+06	2.238440e+06	2.252360e+06	2.242220e+06	2.241640e+06	2.235960e+06	2.249100e+06	2.260480e+06	2.232680e+06	2.236360e+06	2.244880e+06	2.241920e+06	2.244440e+06	2.231700e+06	2.229240e+06	2.243900e+06	2.244140e+06	2.237300e+06	2.237620e+06	2.241640e+06	2.246400e+06	2.253360e+06	2.253580e+06	2.248120e+06	2.249060e+06	2.237520e+06	2.229380e+06	2.238260e+06	2.232260e+06	2.245400e+06	2.233660e+06	2.242960e+06	2.241180e+06	2.243440e+06	2.263080e+06	2.255540e+06	2.237620e+06	2.246020e+06	2.240840e+06	2.241080e+06	2.246940e+06	2.239720e+06	2.240000e+06	2.244580e+06	2.234420e+06	2.250180e+06	2.246980e+06	2.248140e+06	2.240920e+06	2.252420e+06	2.252540e+06	2.233300e+06	2.235220e+06	2.236780e+06	2.240900e+06	2.243340e+06	2.242380e+06	2.242120e+06	2.252380e+06
2.253700e+06	2.251000e+06	2.236840e+06	2.247060e+06	2.231560e+06	2.227880e+06	2.235760e+06	2.246480e+06	2.246700e+06	2.246980e+06	2.250880e+06	2.249460e+06	2.239720e+06	2.244780e+06	2.247940e+06	2.245880e+06	2.253700e+06	2.253500e+06	2.243300e+06	2.250660e+06	2.250580e+06	2.247780e+06	2.242780e+06	2.240480e+06	2.247140e+06	2.246440e+06	2.241960e+06	2.235520e+06	2.242520e+06	2.237720e+06	2.252080e+06	2.255660e+06	2.232860e+06	2.240160e+06	2.233440e+06	2.238140e+06	2.246620e+06	2.237720e+06	2.242620e+06	2.239980e+06	2.250400e+06	2.239600e+06	2.241260e+06	2.233920e+06	2.241020e+06	2.231740e+06	2.253340e+06	2.239420e+06	2.245300e+06	2.236360e+06	2.250360e+06	2.241860e+06	2.251720e+06	2.247160e+06	2.241020e+06	2.246840e+06	2.239300e+06	2.246200e+06	2.248640e+06	2.241200e+06	2.253120e+06	2.252400e+06	2.241260e+06	2.248540e+06	2.245560e+06	2.241380e+06	2.239820e+06	2.251060e+06	2.246120e+06	2.235380e+06	2.234120e+06	2.234240e+06	2.229900e+06	2.239260e+06	2.244740e+06	2.244740e+06
2.247380e+06	2.248320e+06	2.233240e+06	2.246420e+06	2.237680e+06	2.231600e+06	2.245920e+06	2.249020e+06	2.234460e+06	2.255400e+06	2.238860e+06	2.243680e+06	2.243160e+06	2.239680e+06	2.247900e+06	2.239900e+06	2.245160e+06	2.242520e+06	2.247020e+06	2.239740e+06	2.243900e+06	2.245300e+06	2.246280e+06	2.243460e+06	2.249200e+06	2.244920e+06	2.249780e+06	2.242100e+06	2.239940e+06	2.239200e+06	2.245300e+06	2.223520e+06	2.233120e+06	2.245940e+06	2.245860e+06	2.236580e+06	2.239020e+06	2.240480e+06	2.247680e+06	2.247620e+06	2.238500e+06	2.241680e+06	2.247880e+06	2.252000e+06	2.253440e+06	2.243580e+06	2.252140e+06	2.225020e+06	2.256060e+06	2.240340e+06	2.254000e+06	2.235520e+06	2.262800e+06	2.238280e+06	2.249600e+06	2.240340e+06	2.253320e+06	2.249200e+06	2.236580e+06	2.247460e+06	2.244320e+06	2.247680e+06	2.250800e+06	2.244980e+06	2.239980e+06	2.234900e+06	2.250920e+06	2.253480e+06	2.233620e+06	2.242220e+06	2.234080e+06	2.239740e+06	2.232440e+06	2.232460e+06	2.242600e+06	2.240800e+06
2.229020e+06	2.244700e+06	2.247440e+06	2.241840e+06	2.233960e+06	2.236700e+06	2.237520e+06	2.237940e+06	2.238600e+06	2.235560e+06	2.247860e+06	2.251480e+06	2.239360e+06	2.244520e+06	2.243020e+06	2.235520e+06	2.248380e+06	2.248780e+06	2.242140e+06	2.232400e+06	2.246680e+06	2.240300e+06	2.239980e+06	2.239220e+06	2.245020e+06	2.251200e+06	2.250980e+06	2.237240e+06	2.254560e+06	2.243320e+06	2.247680e+06	2.240300e+06	2.247320e+06	2.229600e+06	2.232300e+06	2.228500e+06	2.241100e+06	2.246980e+06	2.248600e+06	2.240940e+06	2.241500e+06	2.238680e+06	2.247620e+06	2.231060e+06	2.243840e+06	2.237760e+06	2.240920e+06	2.239740e+06	2.243160e+06	2.247120e+06	2.241760e+06	2.245340e+06	2.242420e+06	2.233100e+06	2.243720e+06	2.250140e+06	2.253280e+06	2.247160e+06	2.242840e+06	2.243960e+06	2.246920e+06	2.256720e+06	2.240780e+06	2.237320e+06	2.247940e+06	2.250620e+06	2.246900e+06	2.251380e+06	2.253680e+06	2.243340e+06	2.232300e+06	2.239140e+06	2.243680e+06	2.232720e+06	2.247860e+06	2.244640e+06
2.241020e+06	2.226660e+06	2.239940e+06	2.238500e+06	2.234160e+06	2.227200e+06	2.233300e+06	2.229340e+06	2.230100e+06	2.243400e+06	2.235640e+06	2.231720e+06	2.248700e+06	2.237300e+06	2.229860e+06	2.229420e+06	2.244560e+06	2.223500e+06	2.243720e+06	2.239520e+06	2.239160e+06	2.243880e+06	2.246200e+06	2.245640e+06	2.233560e+06	2.233180e+06	2.240880e+06	2.237340e+06	2.246880e+06	2.247160e+06	2.232020e+06	2.235380e+06	2.234100e+06	2.229460e+06	2.235840e+06	2.246420e+06	2.228060e+06	2.244360e+06	2.227260e+06	2.236960e+06	2.238880e+06	2.238680e+06	2.239700e+06	2.245000e+06	2.234760e+06	2.229980e+06	2.234060e+06	2.242220e+06	2.241400e+06	2.230420e+06	2.241740e+06	2.236760e+06	2.244120e+06	2.242960e+06	2.239260e+06	2.254640e+06	2.237800e+06	2.241020e+06	2.245060e+06	2.238480e+06	2.240440e+06	2.238840e+06	2.239900e+06	2.244760e+06	2.246560e+06	2.241460e+06	2.244920e+06	2.241920e+06	2.246500e+06	2.234640e+06	2.239740e+06	2.238420e+06	2.226660e+06	2.226960e+06	2.235480e+06	2.251720e+06
2.232700e+06	2.234760e+06	2.241800e+06	2.233380e+06	2.248980e+06	2.230160e+06	2.223060e+06	2.231000e+06	2.242180e+06	2.234140e+06	2.229700e+06	2.238880e+06	2.234500e+06	2.236360e+06	2.238880e+06	2.238300e+06	2.241680e+06	2.242180e+06	2.240880e+06	2.233580e+06	2.248840e+06	2.229360e+06	2.235740e+06	2.239540e+06	2.232900e+06	2.240180e+06	2.228620e+06	2.243560e+06	2.243120e+06	2.234800e+06	2.234620e+06	2.227680e+06	2.227020e+06	2.225520e+06	2.235180e+06	2.240800e+06	2.236160e+06	2.235700e+06	2.244960e+06	2.246360e+06	2.237420e+06	2.233200e+06	2.244340e+06	2.242840e+06	2.229180e+06	2.232020e+06	2.240880e+06	2.241400e+06	2.243700e+06	2.239580e+06	2.231320e+06	2.235460e+06	2.243540e+06	2.229780e+06	2.232820e+06	2.238400e+06	2.231040e+06	2.241120e+06	2.244780e+06	2.246020e+06	2.236460e+06	2.231220e+06	2.246880e+06	2.251180e+06	2.228060e+06	2.233920e+06	2.245720e+06	2.248940e+06	2.231900e+06	2.230660e+06	2.233240e+06	2.229780e+06	2.240140e+06	2.222360e+06	2.244560e+06	2.231080e+06
2.238760e+06	2.243740e+06	2.237600e+06	2.244580e+06	2.245240e+06	2.242820e+06	2.228220e+06	2.233020e+06	2.239740e+06	2.240860e+06	2.236780e+06	2.235320e+06	2.240780e+06	2.239360e+06	2.243820e+06	2.247940e+06	2.250760e+06	2.231300e+06	2.243840e+06	2.245140e+06	2.238740e+06	2.237040e+06	2.224960e+06	2.255260e+06	2.237960e+06	2.232520e+06	2.246020e+06	2.238060e+06	2.235340e+06	2.238800e+06	2.231320e+06	2.246960e+06	2.230660e+06	2.242040e+06	2.242820e+06	2.237280e+06	2.240760e+06	2.237360e+06	2.230440e+06	2.245580e+06	2.236360e+06	2.229340e+06	2.238700e+06	2.222760e+06	2.229620e+06	2.237400e+06	2.228100e+06	2.231880e+06	2.242020e+06	2.241340e+06	2.237940e+06	2.241440e+06	2.232840e+06	2.243420e+06	2.244260e+06	2.235600e+06	2.249280e+06	2.245060e+06	2.242160e+06	2.237340e+06	2.240260e+06	2.242780e+06	2.243300e+06	2.237300e+06	2.233940e+06	2.248240e+06	2.228420e+06	2.237900e+06	2.233940e+06	2.242820e+06	2.232520e+06	2.231440e+06	2.230040e+06	2.242620e+06	2.235380e+06	2.245240e+06
2.235580e+06	2.247760e+06	2.239660e+06	2.229040e+06	2.231040e+06	2.229440e+06	2.241700e+06	2.231280e+06	2.247020e+06	2.234500e+06	2.227880e+06	2.244800e+06	2.240280e+06	2.233900e+06	2.230700e+06	2.232820e+06	2.231420e+06	2.238920e+06	2.235260e+06	2.243460e+06	2.243000e+06	2.239000e+06	2.238060e+06	2.238820e+06	2.246660e+06	2.251920e+06	2.246100e+06	2.248920e+06	2.233560e+06	2.231680e+06	2.242560e+06	2.239360e+06	2.232760e+06	2.240740e+06	2.236180e+06	2.234580e+06	2.237100e+06	2.240240e+06	2.239280e+06	2.224740e+06	2.232800e+06	2.242620e+06	2.240760e+06	2.235600e+06	2.237100e+06	2.231460e+06	2.243280e+06	2.240180e+06	2.245880e+06	2.237980e+06	2.243840e+06	2.236900e+06	2.232500e+06	2.240660e+06	2.237220e+06	2.237560e+06	2.238440e+06	2.245540e+06	2.239060e+06	2.244080e+06	2.232300e+06	2.247760e+06	2.253620e+06	2.245140e+06	2.247380e+06	2.240100e+06	2.238840e+06	2.243980e+06	2.237180e+06	2.245700e+06	2.233740e+06	2.237700e+06	2.243500e+06	2.227440e+06	2.240920e+06	2.245620e+06
2.254020e+06	2.224960e+06	2.241160e+06	2.236160e+06	2.235160e+06	2.237860e+06	2.227180e+06	2.223940e+06	2.234860e+06	2.227420e+06	2.226520e+06	2.237360e+06	2.230720e+06	2.224340e+06	2.241460e+06	2.239280e+06	2.243900e+06	2.237940e+06	2.241280e+06	2.246300e+06	2.225940e+06	2.236040e+06	2.241320e+06	2.245200e+06	2.247360e+06	2.237660e+06	2.236380e+06	2.242340e+06	2.241960e+06	2.240540e+06	2.239600e+06	2.235540e+06	2.228360e+06	2.238760e+06	2.227300e+06	2.246220e+06	2.231580e+06	2.231720e+06	2.250160e+06	2.244100e+06	2.246060e+06	2.242360e+06	2.237100e+06	2.232400e+06	2.223420e+06	2.241700e+06	2.239540e+06	2.239460e+06	2.240320e+06	2.230780e+06	2.232320e+06	2.240560e+06	2.244540e+06	2.239400e+06	2.233600e+06	2.236300e+06	2.239540e+06	2.240020e+06	2.238140e+06	2.233380e+06	2.247320e+06	2.242980e+06	2.239400e+06	2.244580e+06	2.237760e+06	2.233240e+06	2.234100e+06	2.246480e+06	2.236880e+06	2.245020e+06	2.241140e+06	2.246240e+06	2.234380e+06	2.241940e+06	2.233500e+06	2.241180e+06
2.236980e+06	2.226180e+06	2.230700e+06	2.222680e+06	2.232840e+06	2.233600e+06	2.232900e+06	2.240840e+06	2.223000e+06	2.235600e+06	2.219800e+06	2.236260e+06	2.231220e+06	2.231500e+06	2.230480e+06	2.229780e+06	2.234340e+06	2.221020e+06	2.235080e+06	2.231900e+06	2.233620e+06	2.236260e+06	2.234600e+06	2.235620e+06	2.244360e+06	2.234220e+06	2.236340e+06	2.241820e+06	2.235320e+06	2.241480e+06	2.239740e+06	2.233580e+06	2.242200e+06	2.228880e+06	2.235660e+06	2.238440e+06	2.234040e+06	2.238340e+06	2.244380e+06	2.239080e+06	2.228520e+06	2.236220e+06	2.236420e+06	2.235860e+06	2.233340e+06	2.234880e+06	2.231020e+06	2.237540e+06	2.240220e+06	2.237540e+06	2.236960e+06	2.240760e+06	2.247580e+06	2.236260e+06	2.235760e+06	2.235660e+06	2.230480e+06	2.240260e+06	2.237080e+06	2.244860e+06	2.234700e+06	2.242660e+06	2.232340e+06	2.239200e+06	2.236500e+06	2.228540e+06	2.227260e+06	2.226300e+06	2.240980e+06	2.229840e+06	2.234000e+06	2.238680e+06	2.230540e+06	2.234120e+06	2.232400e+06	2.222880e+06
2.237820e+06	2.236920e+06	2.223040e+06	2.230040e+06	2.232200e+06	2.232860e+06	2.226620e+06	2.220300e+06	2.239400e+06	2.232960e+06	2.219100e+06	2.232720e+06	2.227720e+06	2.224740e+06	2.227120e+06	2.224680e+06	2.229380e+06	2.232360e+06	2.228580e+06	2.229640e+06	2.224340e+06	2.244740e+06	2.230820e+06	2.233420e+06	2.236180e+06	2.251680e+06	2.235260e+06	2.235060e+06	2.221460e+06	2.233420e+06	2.243160e+06	2.229680e+06	2.234460e+06	2.223380e+06	2.231860e+06	2.223040e+06	2.228180e+06	2.226760e+06	2.232680e+06	2.236620e+06	2.232280e+06	2.217600e+06	2.236620e+06	2.227460e+06	2.224260e+06	2.223240e+06	2.230340e+06	2.231940e+06	2.234520e+06	2.230220e+06	2.239180e+06	2.230560e+06	2.230500e+06	2.233920e+06	2.244600e+06	2.236380e+06	2.234020e+06	2.229820e+06	2.221140e+06	2.231540e+06	2.231120e+06	2.235100e+06	2.237780e+06	2.231000e+06	2.233540e+06	2.227760e+06	2.233260e+06	2.225900e+06	2.234400e+06	2.224740e+06	2.227820e+06	2.217540e+06	2.234840e+06	2.226520e+06	2.221160e+06	2.231620e+06
2.219520e+06	2.240160e+06	2.224400e+06	2.236160e+06	2.229580e+06	2.232520e+06	2.243620e+06	2.221260e+06	2.236420e+06	2.233980e+06	2.227000e+06	2.235060e+06	2.243900e+06	2.233920e+06	2.230420e+06	2.229140e+06	2.238220e+06	2.238180e+06	2.221560e+06	2.235340e+06	2.234060e+06	2.232760e+06	2.240540e+06	2.228140e+06	2.231480e+06	2.244260e+06	2.241480e+06	2.242720e+06	2.230120e+06	2.230100e+06	2.241280e+06	2.241360e+06	2.230620e+06	2.234900e+06	2.228660e+06	2.233480e+06	2.233760e+06	2.247240e+06	2.226400e+06	2.239260e+06	2.234340e+06	2.239360e+06	2.241640e+06	2.231880e+06	2.222760e+06	2.228540e+06	2.230780e+06	2.226920e+06	2.241140e+06	2.229420e+06	2.226620e+06	2.235120e+06	2.236520e+06	2.232960e+06	2.228660e+06	2.230000e+06	2.235460e+06	2.231940e+06	2.241660e+06	2.235820e+06	2.240540e+06	2.230540e+06	2.227840e+06	2.233340e+06	2.229520e+06	2.232580e+06	2.236860e+06	2.235260e+06	2.219620e+06	2.236520e+06	2.223340e+06	2.222620e+06	2.221040e+06	2.221360e+06	2.230240e+06	2.239980e+06
2.239640e+06	2.229940e+06	2.227680e+06	2.226640e+06	2.228940e+06	2.236240e+06	2.236720e+06	2.228860e+06	2.233900e+06	2.234400e+06	2.235640e+06	2.226460e+06	2.238520e+06	2.247340e+06	2.233120e+06	2.233660e+06	2.237080e+06	2.231500e+06	2.238140e+06	2.234400e+06	2.242700e+06	2.234780e+06	2.228120e+06	2.220180e+06	2.242000e+06	2.236480e+06	2.229100e+06	2.238800e+06	2.228300e+06	2.232880e+06	2.232800e+06	2.230880e+06	2.232600e+06	2.244480e+06	2.230020e+06	2.235120e+06	2.239480e+06	2.238060e+06	2.222180e+06	2.229240e+06	2.228040e+06	2.223620e+06	2.230940e+06	2.236920e+06	2.234920e+06	2.222740e+06	2.236180e+06	2.232620e+06	2.236640e+06	2.233460e+06	2.245020e+06	2.235480e+06	2.237760e+06	2.231800e+06	2.231340e+06	2.231540e+06	2.248080e+06	2.242880e+06	2.233580e+06	2.241600e+06	2.236560e+06	2.227940e+06	2.243300e+06	2.221540e+06	2.246740e+06	2.221120e+06	2.224780e+06	2.241000e+06	2.230080e+06	2.236180e+06	2.227180e+06	2.231300e+06	2.234820e+06	2.224820e+06	2.231860e+06	2.243100e+06
2.236740e+06	2.239760e+06	2.238180e+06	2.225260e+06	2.222840e+06	2.240000e+06	2.234160e+06	2.234000e+06	2.234840e+06	2.239020e+06	2.238200e+06	2.237020e+06	2.241280e+06	2.231460e+06	2.231220e+06	2.235900e+06	2.238940e+06	2.245700e+06	2.230140e+06	2.240800e+06	2.227300e+06	2.235460e+06	2.249680e+06	2.235320e+06	2.228060e+06	2.240860e+06	2.235380e+06	2.232860e+06	2.225240e+06	2.232900e+06	2.241300e+06	2.229820e+06	2.235700e+06	2.223080e+06	2.233240e+06	2.242680e+06	2.239500e+06	2.240080e+06	2.233600e+06	2.242120e+06	2.236620e+06	2.239880e+06	2.239240e+06	2.245600e+06	2.233620e+06	2.231380e+06	2.237020e+06	2.241060e+06	2.240380e+06	2.233560e+06	2.234260e+06	2.234520e+06	2.231600e+06	2.235840e+06	2.229020e+06	2.239540e+06	2.242240e+06	2.233060e+06	2.235220e+06	2.238340e+06	2.232700e+06	2.238740e+06	2.231260e+06	2.221740e+06	2.230540e+06	2.236820e+06	2.227260e+06	2.220280e+06	2.237460e+06	2.230220e+06	2.231320e+06	2.225400e+06	2.229720e+06	2.234200e+06	2.237160e+06	2.228580e+06
2.230940e+06	2.235280e+06	2.243720e+06	2.235080e+06	2.239560e+06	2.233320e+06	2.245100e+06	2.238280e+06	2.248520e+06	2.232960e+06	2.233120e+06	2.242760e+06	2.246800e+06	2.253160e+06	2.234300e+06	2.241800e+06	2.238840e+06	2.241420e+06	2.229480e+06	2.229860e+06	2.246160e+06	2.235840e+06	2.249720e+06	2.242420e+06	2.235740e+06	2.251580e+06	2.233960e+06	2.238200e+06	2.240160e+06	2.242580e+06	2.245700e+06	2.246520e+06	2.231600e+06	2.232480e+06	2.241600e+06	2.239040e+06	2.244120e+06	2.243680e+06	2.235740e+06	2.235780e+06	2.238000e+06	2.238060e+06	2.232680e+06	2.241420e+06	2.231520e+06	2.222580e+06	2.226560e+06	2.239040e+06	2.236460e+06	2.245260e+06	2.226920e+06	2.239300e+06	2.246120e+06	2.236960e+06	2.239440e+06	2.235660e+06	2.240600e+06	2.231760e+06	2.225160e+06	2.233340e+06	2.245860e+06	2.237780e+06	2.234840e+06	2.236040e+06	2.236740e+06	2.234180e+06	2.238220e+06	2.241800e+06	2.236260e+06	2.230780e+06	2.227760e+06	2.230240e+06	2.223640e+06	2.232040e+06	2.233180e+06	2.244440e+06
2.256040e+06	2.240800e+06	2.241660e+06	2.240620e+06	2.235820e+06	2.239360e+06	2.251840e+06	2.250780e+06	2.239600e+06	2.251780e+06	2.237900e+06	2.240360e+06	2.238460e+06	2.242760e+06	2.256980e+06	2.243860e+06	2.248480e+06	2.232480e+06	2.252940e+06	2.238420e+06	2.244040e+06	2.241920e+06	2.236140e+06	2.247480e+06	2.237920e+06	2.237780e+06	2.236940e+06	2.244380e+06	2.235180e+06	2.248560e+06	2.240400e+06	2.234740e+06	2.234740e+06	2.238160e+06	2.245660e+06	2.231040e+06	2.243500e+06	2.230940e+06	2.237380e+06	2.244260e+06	2.249500e+06	2.231080e+06	2.238480e+06	2.244080e+06	2.238500e+06	2.239340e+06	2.237980e+06	2.243100e+06	2.237980e+06	2.244000e+06	2.234580e+06	2.244980e+06	2.246180e+06	2.240200e+06	2.243320e+06	2.247620e+06	2.236100e+06	2.242560e+06	2.233780e+06	2.250300e+06	2.236900e+06	2.230740e+06	2.238380e+06	2.241740e+06	2.243480e+06	2.244460e+06	2.239500e+06	2.241880e+06	2.241020e+06	2.242800e+06	2.245360e+06	2.224920e+06	2.242620e+06	2.242340e+06	2.240340e+06	2.235540e+06
2.241060e+06	2.239000e+06	2.239600e+06	2.237360e+06	2.230660e+06	2.233380e+06	2.233520e+06	2.230320e+06	2.252860e+06	2.237440e+06	2.248020e+06	2.247380e+06	2.241560e+06	2.238280e+06	2.231780e+06	2.248820e+06	2.245080e+06	2.232540e+06	2.245080e+06	2.236300e+06	2.236540e+06	2.242700e+06	2.243440e+06	2.243540e+06	2.241340e+06	2.246740e+06	2.234680e+06	2.236820e+06	2.239720e+06	2.246320e+06	2.234140e+06	2.241720e+06	2.238940e+06	2.240600e+06	2.236340e+06	2.246360e+06	2.237380e+06	2.240380e+06	2.249380e+06	2.243560e+06	2.237440e+06	2.241900e+06	2.242100e+06	2.234340e+06	2.247400e+06	2.229560e+06	2.247940e+06	2.238560e+06	2.243820e+06	2.246860e+06	2.237980e+06	2.252760e+06	2.237820e+06	2.236980e+06	2.233920e+06	2.237260e+06	2.246780e+06	2.238780e+06	2.236060e+06	2.238660e+06	2.242220e+06	2.244600e+06	2.234040e+06	2.240020e+06	2.235940e+06	2.233880e+06	2.238900e+06	2.240440e+06	2.247320e+06	2.245560e+06	2.236700e+06	2.243540e+06	2.239880e+06	2.237880e+06	2.243860e+06	2.252080e+06
2.246220e+06	2.236240e+06	2.237540e+06	2.240920e+06	2.235040e+06	2.227520e+06	2.243780e+06	2.240680e+06	2.237100e+06	2.245080e+06	2.230060e+06	2.249400e+06	2.247840e+06	2.235660e+06	2.232140e+06	2.232180e+06	2.245020e+06	2.241360e+06	2.232400e+06	2.250500e+06	2.249860e+06	2.247040e+06	2.240820e+06	2.240420e+06	2.240640e+06	2.242300e+06	2.236080e+06	2.240900e+06	2.230480e+06	2.233020e+06	2.238420e+06	2.233920e+06	2.237800e+06	2.231400e+06	2.232520e+06	2.242840e+06	2.241960e+06	2.239140e+06	2.230680e+06	2.236020e+06	2.252140e+06	2.232180e+06	2.231200e+06	2.239220e+06	2.235420e+06	2.239300e+06	2.244800e+06	2.231120e+06	2.241300e+06	2.228520e+06	2.233840e+06	2.233800e+06	2.234740e+06	2.237060e+06	2.242520e+06	2.238680e+06	2.234840e+06	2.245480e+06	2.228200e+06	2.242340e+06	2.233800e+06	2.246560e+06	2.242300e+06	2.228760e+06	2.238440e+06	2.239960e+06	2.242700e+06	2.228080e+06	2.231380e+06	2.244700e+06	2.238680e+06	2.226060e+06	2.236660e+06	2.232820e+06	2.241320e+06	2.230580e+06
2.237540e+06	2.238800e+06	2.230600e+06	2.235960e+06	2.242120e+06	2.226800e+06	2.234140e+06	2.234720e+06	2.231220e+06	2.226620e+06	2.225060e+06	2.230240e+06	2.240000e+06	2.234780e+06	2.238680e+06	2.233960e+06	2.243660e+06	2.240280e+06	2.228540e+06	2.233700e+06	2.230860e+06	2.235780e+06	2.238880e+06	2.248940e+06	2.236040e+06	2.238020e+06	2.234920e+06	2.239200e+06	2.243200e+06	2.236020e+06	2.241040e+06	2.233240e+06	2.227600e+06	2.228280e+06	2.223220e+06	2.227920e+06	2.236860e+06	2.234820e+06	2.242000e+06	2.244640e+06	2.235000e+06	2.235280e+06	2.241400e+06	2.240720e+06	2.236500e+06	2.228200e+06	2.225500e+06	2.236120e+06	2.233900e+06	2.228740e+06	2.238600e+06	2.239420e+06	2.230560e+06	2.243640e+06	2.220280e+06	2.247320e+06	2.237500e+06	2.243400e+06	2.238280e+06	2.237520e+06	2.244800e+06	2.244720e+06	2.234900e+06	2.243140e+06	2.233660e+06	2.233580e+06	2.243560e+06	2.243480e+06	2.234080e+06	2.242360e+06	2.229700e+06	2.222800e+06	2.224360e+06	2.225220e+06	2.232920e+06	2.238120e+06
2.225800e+06	2.228020e+06	2.235660e+06	2.237640e+06	2.229040e+06	2.241520e+06	2.246720e+06	2.231660e+06	2.232980e+06	2.238100e+06	2.231740e+06	2.248340e+06	2.228800e+06	2.239180e+06	2.241840e+06	2.237600e+06	2.237300e+06	2.246540e+06	2.239580e+06	2.231380e+06	2.240400e+06	2.233700e+06	2.234440e+06	2.241420e+06	2.233280e+06	2.238800e+06	2.255200e+06	2.232840e+06	2.234480e+06	2.228280e+06	2.234060e+06	2.239520e+06	2.236420e+06	2.239260e+06	2.227660e+06	2.242080e+06	2.232260e+06	2.234720e+06	2.232060e+06	2.234200e+06	2.230240e+06	2.245980e+06	2.238780e+06	2.231960e+06	2.238400e+06	2.236380e+06	2.235900e+06	2.231240e+06	2.238700e+06	2.240480e+06	2.237480e+06	2.228560e+06	2.234980e+06	2.234100e+06	2.234020e+06	2.236960e+06	2.240720e+06	2.242660e+06	2.238840e+06	2.233660e+06	2.232360e+06	2.240320e+06	2.239820e+06	2.235020e+06	2.215320e+06	2.238200e+06	2.230960e+06	2.225620e+06	2.246840e+06	2.241460e+06	2.227820e+06	2.227980e+06	2.225400e+06	2.225640e+06	2.237620e+06	2.226960e+06
2.241860e+06	2.230920e+06	2.238720e+06	2.234000e+06	2.239680e+06	2.225820e+06	2.238100e+06	2.223820e+06	2.234880e+06	2.232200e+06	2.233460e+06	2.239100e+06	2.237660e+06	2.250660e+06	2.241600e+06	2.232720e+06	2.236680e+06	2.237480e+06	2.239580e+06	2.228260e+06	2.238480e+06	2.232660e+06	2.236620e+06	2.239080e+06	2.235680e+06	2.242560e+06	2.240040e+06	2.243080e+06	2.237760e+06	2.234960e+06	2.228260e+06	2.242360e+06	2.232840e+06	2.227060e+06	2.231480e+06	2.224040e+06	2.230460e+06	2.235100e+06	2.233960e+06	2.233340e+06	2.237520e+06	2.249440e+06	2.232960e+06	2.237640e+06	2.228880e+06	2.226360e+06	2.236760e+06	2.231460e+06	2.247140e+06	2.235860e+06	2.232920e+06	2.229320e+06	2.226520e+06	2.238880e+06	2.237820e+06	2.236960e+06	2.253060e+06	2.238300e+06	2.235920e+06	2.243920e+06	2.237720e+06	2.237720e+06	2.234620e+06	2.241580e+06	2.239880e+06	2.246680e+06	2.231520e+06	2.229120e+06	2.235580e+06	2.230360e+06	2.231760e+06	2.235820e+06	2.230360e+06	2.227100e+06	2.224800e+06	2.238060e+06
2.237040e+06	2.230400e+06	2.240600e+06	2.238480e+06	2.231680e+06	2.232960e+06	2.232320e+06	2.233020e+06	2.234720e+06	2.240040e+06	2.230280e+06	2.227220e+06	2.227660e+06	2.237080e+06	2.226820e+06	2.230420e+06	2.244700e+06	2.240900e+06	2.253520e+06	2.240500e+06	2.233700e+06	2.245040e+06	2.239840e+06	2.240680e+06	2.235480e+06	2.244280e+06	2.255180e+06	2.241820e+06	2.245260e+06	2.230740e+06	2.238460e+06	2.234000e+06	2.242480e+06	2.234060e+06	2.235340e+06	2.238020e+06	2.243140e+06	2.233240e+06	2.251720e+06	2.246420e+06	2.227420e+06	2.240580e+06	2.234520e+06	2.231160e+06	2.231300e+06	2.234580e+06	2.235440e+06	2.228520e+06	2.236920e+06	2.226320e+06	2.240200e+06	2.231140e+06	2.236200e+06	2.246520e+06	2.245380e+06	2.237920e+06	2.251240e+06	2.227320e+06	2.235020e+06	2.240000e+06	2.242940e+06	2.244200e+06	2.241240e+06	2.235080e+06	2.239400e+06	2.234280e+06	2.233640e+06	2.235440e+06	2.233100e+06	2.226140e+06	2.230020e+06	2.230240e+06	2.229760e+06	2.226360e+06	2.232600e+06	2.229020e+06
2.235160e+06	2.230680e+06	2.234920e+06	2.224380e+06	2.214520e+06	2.213460e+06	2.228320e+06	2.233900e+06	2.231200e+06	2.233420e+06	2.230740e+06	2.226920e+06	2.235640e+06	2.231300e+06	2.227480e+06	2.237520e+06	2.235320e+06	2.221480e+06	2.228920e+06	2.234840e+06	2.225180e+06	2.226440e+06	2.225380e+06	2.234480e+06	2.231900e+06	2.240880e+06	2.228480e+06	2.220500e+06	2.222080e+06	2.232260e+06	2.247940e+06	2.232920e+06	2.213600e+06	2.234520e+06	2.226000e+06	2.230260e+06	2.234240e+06	2.230560e+06	2.231280e+06	2.233720e+06	2.229880e+06	2.222300e+06	2.233400e+06	2.234120e+06	2.225240e+06	2.234100e+06	2.224380e+06	2.224260e+06	2.229060e+06	2.235380e+06	2.224120e+06	2.236560e+06	2.234280e+06	2.242740e+06	2.237520e+06	2.234480e+06	2.243100e+06	2.240380e+06	2.230140e+06	2.233500e+06	2.234980e+06	2.246400e+06	2.231260e+06	2.235200e+06	2.240140e+06	2.231400e+06	2.227840e+06	2.227680e+06	2.238420e+06	2.227260e+06	2.243980e+06	2.224040e+06	2.226260e+06	2.229400e+06	2.233160e+06	2.235960e+06
2.234840e+06	2.231240e+06	2.231120e+06	2.224440e+06	2.236980e+06	2.232680e+06	2.226620e+06	2.220180e+06	2.224480e+06	2.219520e+06	2.222000e+06	2.224820e+06	2.235180e+06	2.226960e+06	2.233820e+06	2.226280e+06	2.222320e+06	2.230100e+06	2.230580e+06	2.231080e+06	2.232460e+06	2.236960e+06	2.230000e+06	2.227900e+06	2.235740e+06	2.233320e+06	2.231720e+06	2.221280e+06	2.226600e+06	2.234780e+06	2.223680e+06	2.225320e+06	2.221040e+06	2.236160e+06	2.222780e+06	2.245080e+06	2.230340e+06	2.233680e+06	2.237760e+06	2.234740e+06	2.229160e+06	2.236700e+06	2.221580e+06	2.221320e+06	2.229040e+06	2.238180e+06	2.229280e+06	2.226660e+06	2.230100e+06	2.228480e+06	2.237460e+06	2.226760e+06	2.238040e+06	2.220060e+06	2.233100e+06	2.236980e+06	2.238680e+06	2.240540e+06	2.231460e+06	2.228380e+06	2.221100e+06	2.229580e+06	2.226500e+06	2.239040e+06	2.232240e+06	2.242140e+06	2.225660e+06	2.224260e+06	2.233520e+06	2.238060e+06	2.228520e+06	2.228160e+06	2.225320e+06	2.223480e+06	2.234980e+06	2.231580e+06
2.239260e+06	2.232680e+06	2.227960e+06	2.222100e+06	2.226780e+06	2.219760e+06	2.224180e+06	2.221320e+06	2.230760e+06	2.228700e+06	2.222060e+06	2.232480e+06	2.236880e+06	2.222540e+06	2.233020e+06	2.234580e+06	2.224880e+06	2.236940e+06	2.229100e+06	2.224220e+06	2.236040e+06	2.227240e+06	2.226300e+06	2.231080e+06	2.226140e+06	2.233120e+06	2.237340e+06	2.232240e+06	2.233040e+06	2.242300e+06	2.234620e+06	2.225800e+06	2.219540e+06	2.222780e+06	2.231840e+06	2.236220e+06	2.232360e+06	2.227900e+06	2.236060e+06	2.218040e+06	2.237700e+06	2.227640e+06	2.220280e+06	2.222460e+06	2.224100e+06	2.224900e+06	2.217420e+06	2.229880e+06	2.241860e+06	2.224660e+06	2.231880e+06	2.222100e+06	2.232860e+06	2.234600e+06	2.226400e+06	2.228980e+06	2.226100e+06	2.241580e+06	2.246860e+06	2.227180e+06	2.227560e+06	2.221440e+06	2.232620e+06	2.239500e+06	2.234320e+06	2.234880e+06	2.216880e+06	2.228500e+06	2.226700e+06	2.233700e+06	2.218880e+06	2.221740e+06	2.226860e+06	2.227080e+06	2.224900e+06	2.233700e+06
2.226760e+06	2.224620e+06	2.218180e+06	2.227860e+06	2.229660e+06	2.222480e+06	2.218900e+06	2.231040e+06	2.219820e+06	2.226580e+06	2.223820e+06	2.230280e+06	2.224940e+06	2.226140e+06	2.227500e+06	2.233600e+06	2.231920e+06	2.219280e+06	2.227140e+06	2.229100e+06	2.230560e+06	2.234100e+06	2.225600e+06	2.224500e+06	2.238860e+06	2.237260e+06	2.236220e+06	2.227460e+06	2.230500e+06	2.218160e+06	2.232320e+06	2.226620e+06	2.214420e+06	2.219040e+06	2.232960e+06	2.224120e+06	2.229180e+06	2.225780e+06	2.230900e+06	2.228560e+06	2.227360e+06	2.221540e+06	2.226660e+06	2.226660e+06	2.227960e+06	2.214900e+06	2.223300e+06	2.228760e+06	2.209080e+06	2.240200e+06	2.226340e+06	2.236340e+06	2.220340e+06	2.235100e+06	2.233560e+06	2.228800e+06	2.235560e+06	2.225860e+06	2.223740e+06	2.225700e+06	2.216980e+06	2.224940e+06	2.233460e+06	2.238440e+06	2.231460e+06	2.221960e+06	2.217920e+06	2.230240e+06	2.217520e+06	2.233380e+06	2.230240e+06	2.219660e+06	2.225400e+06	2.225380e+06	2.231120e+06	2.224320e+06
2.230120e+06	2.232340e+06	2.230560e+06	2.234000e+06	2.234460e+06	2.222420e+06	2.226500e+06	2.222460e+06	2.229160e+06	2.223960e+06	2.221820e+06	2.220620e+06	2.214800e+06	2.229520e+06	2.244380e+06	2.224180e+06	2.222120e+06	2.238200e+06	2.233480e+06	2.234820e+06	2.238380e+06	2.223760e+06	2.223020e+06	2.230160e+06	2.225080e+06	2.222860e+06	2.234880e+06	2.228860e+06	2.229340e+06	2.234840e+06	2.229620e+06	2.219560e+06	2.225240e+06	2.226300e+06	2.225480e+06	2.232140e+06	2.221400e+06	2.235500e+06	2.230840e+06	2.227700e+06	2.230440e+06	2.229040e+06	2.226480e+06	2.234440e+06	2.225500e+06	2.223820e+06	2.227940e+06	2.226620e+06	2.221860e+06	2.215240e+06	2.220660e+06	2.224020e+06	2.239620e+06	2.231980e+06	2.230100e+06	2.229280e+06	2.228340e+06	2.225300e+06	2.227140e+06	2.227360e+06	2.226440e+06	2.226220e+06	2.231040e+06	2.220380e+06	2.213480e+06	2.219480e+06	2.232840e+06	2.227940e+06	2.216300e+06	2.212620e+06	2.215780e+06	2.228800e+06	2.228760e+06	2.227620e+06	2.226320e+06	2.233780e+06
2.225400e+06	2.228540e+06	2.241460e+06	2.235520e+06	2.226920e+06	2.228000e+06	2.224340e+06	2.224940e+06	2.226000e+06	2.226480e+06	2.222580e+06	2.213040e+06	2.215740e+06	2.232800e+06	2.224500e+06	2.232180e+06	2.227360e+06	2.241580e+06	2.236660e+06	2.246320e+06	2.219280e+06	2.239280e+06	2.235820e+06	2.235080e+06	2.221600e+06	2.231880e+06	2.226140e+06	2.229480e+06	2.230100e+06	2.216000e+06	2.225460e+06	2.236120e+06	2.222340e+06	2.218560e+06	2.225900e+06	2.236960e+06	2.226640e+06	2.238940e+06	2.217100e+06	2.216700e+06	2.220900e+06	2.229780e+06	2.221380e+06	2.221240e+06	2.215400e+06	2.232820e+06	2.215220e+06	2.233600e+06	2.224740e+06	2.230900e+06	2.231080e+06	2.231160e+06	2.230160e+06	2.230980e+06	2.220700e+06	2.225720e+06	2.227760e+06	2.227400e+06	2.226000e+06	2.229640e+06	2.230040e+06	2.225620e+06	2.226480e+06	2.231180e+06	2.224260e+06	2.224320e+06	2.228000e+06	2.227240e+06	2.229640e+06	2.230560e+06	2.221540e+06	2.229920e+06	2.221080e+06	2.222340e+06	2.219200e+06	2.220880e+06
2.229780e+06	2.227480e+06	2.230960e+06	2.232340e+06	2.232340e+06	2.221940e+06	2.230040e+06	2.235140e+06	2.231320e+06	2.224360e+06	2.239460e+06	2.235180e+06	2.215180e+06	2.235280e+06	2.235080e+06	2.226400e+06	2.234660e+06	2.223000e+06	2.232080e+06	2.221660e+06	2.241180e+06	2.240880e+06	2.246080e+06	2.234640e+06	2.226200e+06	2.229280e+06	2.236300e+06	2.229040e+06	2.231480e+06	2.225840e+06	2.238400e+06	2.230820e+06	2.222020e+06	2.222740e+06	2.225540e+06	2.226860e+06	2.236340e+06	2.220940e+06	2.236840e+06	2.223480e+06	2.228940e+06	2.226840e+06	2.230040e+06	2.224260e+06	2.225020e+06	2.232080e+06	2.225100e+06	2.221780e+06	2.232120e+06	2.232380e+06	2.235900e+06	2.235900e+06	2.222460e+06	2.226840e+06	2.243660e+06	2.228420e+06	2.223060e+06	2.230740e+06	2.235560e+06	2.233500e+06	2.223220e+06	2.229720e+06	2.226380e+06	2.221220e+06	2.231320e+06	2.225020e+06	2.246260e+06	2.225240e+06	2.223960e+06	2.228380e+06	2.219640e+06	2.223880e+06	2.226020e+06	2.233820e+06	2.234040e+06	2.224560e+06
2.227400e+06	2.231780e+06	2.229180e+06	2.226240e+06	2.219480e+06	2.220020e+06	2.226040e+06	2.229780e+06	2.225440e+06	2.224600e+06	2.222580e+06	2.235420e+06	2.227440e+06	2.229920e+06	2.233640e+06	2.224400e+06	2.229660e+06	2.233600e+06	2.232540e+06	2.228560e+06	2.230400e+06	2.232020e+06	2.229340e+06	2.243360e+06	2.234760e+06	2.227800e+06	2.241060e+06	2.239720e+06	2.240760e+06	2.243580e+06	2.225160e+06	2.229460e+06	2.215920e+06	2.231180e+06	2.233140e+06	2.224600e+06	2.233320e+06	2.232540e+06	2.232040e+06	2.238740e+06	2.225840e+06	2.223280e+06	2.239960e+06	2.230160e+06	2.225460e+06	2.238720e+06	2.231080e+06	2.229700e+06	2.232660e+06	2.231980e+06	2.236860e+06	2.233460e+06	2.234180e+06	2.229600e+06	2.222660e+06	2.232480e+06	2.230660e+06	2.232600e+06	2.246520e+06	2.236660e+06	2.240860e+06	2.239620e+06	2.239200e+06	2.230600e+06	2.231840e+06	2.227740e+06	2.219880e+06	2.223500e+06	2.229220e+06	2.231560e+06	2.226900e+06	2.231200e+06	2.226940e+06	2.228380e+06	2.225360e+06	2.233740e+06
2.223940e+06	2.228900e+06	2.226720e+06	2.227360e+06	2.222300e+06	2.233720e+06	2.229000e+06	2.228020e+06	2.225740e+06	2.228740e+06	2.222180e+06	2.223900e+06	2.234860e+06	2.227120e+06	2.233600e+06	2.229500e+06	2.230280e+06	2.220660e+06	2.235440e+06	2.238860e+06	2.227860e+06	2.217820e+06	2.230700e+06	2.229520e+06	2.233980e+06	2.222120e+06	2.234680e+06	2.227080e+06	2.232880e+06	2.231500e+06	2.227940e+06	2.223340e+06	2.233780e+06	2.219960e+06	2.220300e+06	2.227660e+06	2.220300e+06	2.228940e+06	2.238520e+06	2.230840e+06	2.238820e+06	2.240740e+06	2.227340e+06	2.226680e+06	2.229220e+06	2.230320e+06	2.223960e+06	2.231200e+06	2.235680e+06	2.233740e+06	2.230400e+06	2.223960e+06	2.228400e+06	2.229000e+06	2.230760e+06	2.226900e+06	2.231740e+06	2.223720e+06	2.213620e+06	2.229280e+06	2.233700e+06	2.236480e+06	2.231040e+06	2.227440e+06	2.233900e+06	2.235880e+06	2.226880e+06	2.226000e+06	2.221080e+06	2.226320e+06	2.222260e+06	2.227680e+06	2.216920e+06	2.227140e+06	2.244700e+06	2.226700e+06
2.225560e+06	2.227460e+06	2.216220e+06	2.220720e+06	2.218440e+06	2.223340e+06	2.215760e+06	2.219360e+06	2.225440e+06	2.220900e+06	2.217240e+06	2.214360e+06	2.220080e+06	2.217280e+06	2.224100e+06	2.216440e+06	2.223260e+06	2.218560e+06	2.236180e+06	2.223760e+06	2.216600e+06	2.210580e+06	2.221300e+06	2.227700e+06	2.222020e+06	2.225160e+06	2.220420e+06	2.223720e+06	2.216000e+06	2.219480e+06	2.236040e+06	2.221320e+06	2.218260e+06	2.215620e+06	2.218120e+06	2.227700e+06	2.229520e+06	2.223380e+06	2.213060e+06	2.224260e+06	2.231500e+06	2.218960e+06	2.229100e+06	2.239240e+06	2.218140e+06	2.228760e+06	2.218380e+06	2.220440e+06	2.219340e+06	2.225860e+06	2.228780e+06	2.218580e+06	2.236840e+06	2.215280e+06	2.230440e+06	2.221640e+06	2.226040e+06	2.227100e+06	2.244780e+06	2.235880e+06	2.226580e+06	2.238320e+06	2.226440e+06	2.220220e+06	2.224300e+06	2.220160e+06	2.218420e+06	2.222960e+06	2.221340e+06	2.215600e+06	2.229880e+06	2.215000e+06	2.219920e+06	2.227420e+06	2.237620e+06	2.234400e+06
2.216360e+06	2.224060e+06	2.220640e+06	2.214740e+06	2.228280e+06	2.219980e+06	2.217980e+06	2.222960e+06	2.209760e+06	2.220220e+06	2.217380e+06	2.225540e+06	2.220060e+06	2.219420e+06	2.219700e+06	2.230660e+06	2.219080e+06	2.225060e+06	2.226040e+06	2.228080e+06	2.224700e+06	2.226940e+06	2.224040e+06	2.225700e+06	2.219800e+06	2.205840e+06	2.216500e+06	2.225940e+06	2.227680e+06	2.217500e+06	2.232540e+06	2.220380e+06	2.208000e+06	2.223600e+06	2.213100e+06	2.221760e+06	2.227420e+06	2.226820e+06	2.227580e+06	2.219720e+06	2.228480e+06	2.210840e+06	2.213860e+06	2.227160e+06	2.219280e+06	2.222280e+06	2.216540e+06	2.222500e+06	2.229260e+06	2.230840e+06	2.234040e+06	2.223780e+06	2.228040e+06	2.229880e+06	2.235420e+06	2.218760e+06	2.219940e+06	2.228860e+06	2.220240e+06	2.207400e+06	2.222680e+06	2.218420e+06	2.217780e+06	2.228320e+06	2.220860e+06	2.216080e+06	2.212060e+06	2.222200e+06	2.224660e+06	2.215340e+06	2.220920e+06	2.213580e+06	2.228900e+06	2.218640e+06	2.222380e+06	2.232620e+06
2.224760e+06	2.219880e+06	2.214100e+06	2.209880e+06	2.212520e+06	2.220200e+06	2.223480e+06	2.207740e+06	2.218020e+06	2.215940e+06	2.217460e+06	2.227840e+06	2.222000e+06	2.222460e+06	2.224000e+06	2.218360e+06	2.212780e+06	2.224000e+06	2.225260e+06	2.221880e+06	2.220700e+06	2.222900e+06	2.226360e+06	2.223840e+06	2.223160e+06	2.221780e+06	2.222620e+06	2.219940e+06	2.222940e+06	2.226620e+06	2.226100e+06	2.221660e+06	2.220080e+06	2.209200e+06	2.220020e+06	2.220940e+06	2.213880e+06	2.218820e+06	2.222120e+06	2.217440e+06	2.220460e+06	2.224680e+06	2.218860e+06	2.212460e+06	2.229300e+06	2.229560e+06	2.217220e+06	2.219620e+06	2.218860e+06	2.234900e+06	2.222460e+06	2.231060e+06	2.227580e+06	2.235260e+06	2.223960e+06	2.221400e+06	2.231520e+06	2.231480e+06	2.231720e+06	2.222560e+06	2.224700e+06	2.224080e+06	2.216960e+06	2.225420e+06	2.226360e+06	2.216580e+06	2.211060e+06	2.214660e+06	2.214540e+06	2.220880e+06	2.221180e+06	2.217940e+06	2.213220e+06	2.206240e+06	2.228780e+06	2.221560e+06
2.229360e+06	2.219600e+06	2.227640e+06	2.217280e+06	2.220800e+06	2.226920e+06	2.221640e+06	2.218640e+06	2.219620e+06	2.223960e+06	2.218580e+06	2.234280e+06	2.217300e+06	2.228320e+06	2.227860e+06	2.217180e+06	2.221860e+06	2.222700e+06	2.219740e+06	2.231420e+06	2.220000e+06	2.215100e+06	2.222140e+06	2.222100e+06	2.230460e+06	2.213500e+06	2.231580e+06	2.227280e+06	2.218340e+06	2.215720e+06	2.220260e+06	2.221860e+06	2.205140e+06	2.221940e+06	2.222120e+06	2.219500e+06	2.216740e+06	2.225500e+06	2.221200e+06	2.221960e+06	2.218560e+06	2.230260e+06	2.220840e+06	2.219820e+06	2.219340e+06	2.223680e+06	2.210640e+06	2.226900e+06	2.214340e+06	2.228080e+06	2.210800e+06	2.221240e+06	2.221360e+06	2.211460e+06	2.227960e+06	2.238400e+06	2.217200e+06	2.217400e+06	2.224600e+06	2.222620e+06	2.209400e+06	2.218260e+06	2.223740e+06	2.221780e+06	2.222920e+06	2.216040e+06	2.217500e+06	2.224340e+06	2.212440e+06	2.227500e+06	2.213820e+06	2.216300e+06	2.217700e+06	2.223700e+06	2.228080e+06	2.214320e+06
2.221260e+06	2.219820e+06	2.219440e+06	2.225500e+06	2.222040e+06	2.219820e+06	2.218720e+06	2.202340e+06	2.217420e+06	2.218520e+06	2.207480e+06	2.219900e+06	2.226960e+06	2.207820e+06	2.220760e+06	2.225340e+06	2.222860e+06	2.221400e+06	2.229600e+06	2.222520e+06	2.222500e+06	2.224120e+06	2.217360e+06	2.228340e+06	2.222380e+06	2.228720e+06	2.222200e+06	2.213000e+06	2.222920e+06	2.224820e+06	2.227580e+06	2.210700e+06	2.219580e+06	2.219220e+06	2.210560e+06	2.217840e+06	2.225780e+06	2.211740e+06	2.227280e+06	2.224620e+06	2.225660e+06	2.228400e+06	2.226100e+06	2.224080e+06	2.221440e+06	2.218600e+06	2.213300e+06	2.229300e+06	2.233920e+06	2.218660e+06	2.224640e+06	2.234660e+06	2.231020e+06	2.225200e+06	2.230960e+06	2.215920e+06	2.217580e+06	2.229400e+06	2.227040e+06	2.229580e+06	2.222660e+06	2.226480e+06	2.223660e+06	2.217740e+06	2.232720e+06	2.234240e+06	2.226660e+06	2.217840e+06	2.226120e+06	2.225760e+06	2.222680e+06	2.216600e+06	2.206980e+06	2.217600e+06	2.223780e+06	2.219400e+06
2.222200e+06	2.216560e+06	2.236120e+06	2.225700e+06	2.229820e+06	2.224920e+06	2.220380e+06	2.235080e+06	2.230860e+06	2.223260e+06	2.223180e+06	2.227500e+06	2.231180e+06	2.221440e+06	2.234980e+06	2.228640e+06	2.218640e+06	2.220160e+06	2.221180e+06	2.220300e+06	2.219180e+06	2.224280e+06	2.222480e+06	2.223620e+06	2.230860e+06	2.222840e+06	2.220860e+06	2.225280e+06	2.218040e+06	2.229860e+06	2.219640e+06	2.224160e+06	2.225380e+06	2.214280e+06	2.224440e+06	2.224700e+06	2.220400e+06	2.231560e+06	2.224720e+06	2.219120e+06	2.226440e+06	2.224060e+06	2.221320e+06	2.220000e+06	2.224740e+06	2.217520e+06	2.219020e+06	2.228780e+06	2.224900e+06	2.237420e+06	2.224820e+06	2.220060e+06	2.214220e+06	2.233280e+06	2.220760e+06	2.225480e+06	2.232040e+06	2.231500e+06	2.227240e+06	2.210920e+06	2.221660e+06	2.228060e+06	2.231400e+06	2.232260e+06	2.228380e+06	2.234900e+06	2.225160e+06	2.222940e+06	2.227320e+06	2.224540e+06	2.224660e+06	2.218540e+06	2.224220e+06	2.217100e+06	2.229700e+06	2.236720e+06
2.222620e+06	2.229060e+06	2.228940e+06	2.220900e+06	2.228700e+06	2.215680e+06	2.215040e+06	2.227300e+06	2.230820e+06	2.215440e+06	2.215960e+06	2.230080e+06	2.220160e+06	2.215760e+06	2.220480e+06	2.233040e+06	2.224820e+06	2.212360e+06	2.235200e+06	2.216480e+06	2.225920e+06	2.227660e+06	2.220960e+06	2.227660e+06	2.229320e+06	2.244960e+06	2.225680e+06	2.227760e+06	2.232380e+06	2.230720e+06	2.223920e+06	2.231740e+06	2.214880e+06	2.212180e+06	2.225020e+06	2.243960e+06	2.222520e+06	2.228740e+06	2.230580e+06	2.226520e+06	2.230120e+06	2.229660e+06	2.227640e+06	2.231660e+06	2.219020e+06	2.231660e+06	2.220220e+06	2.231240e+06	2.223680e+06	2.225420e+06	2.224000e+06	2.225620e+06	2.223100e+06	2.237200e+06	2.220720e+06	2.229280e+06	2.226140e+06	2.219860e+06	2.219400e+06	2.224640e+06	2.226580e+06	2.228460e+06	2.224640e+06	2.222300e+06	2.224620e+06	2.222780e+06	2.218980e+06	2.224100e+06	2.232300e+06	2.223860e+06	2.235640e+06	2.215300e+06	2.210080e+06	2.223640e+06	2.228720e+06	2.233180e+06
2.228480e+06	2.222780e+06	2.230300e+06	2.228060e+06	2.229620e+06	2.214200e+06	2.223240e+06	2.215400e+06	2.223060e+06	2.229160e+06	2.225540e+06	2.228140e+06	2.213560e+06	2.235520e+06	2.249440e+06	2.230840e+06	2.223060e+06	2.224700e+06	2.239860e+06	2.228860e+06	2.238080e+06	2.230920e+06	2.226780e+06	2.230180e+06	2.231000e+06	2.225720e+06	2.226180e+06	2.217560e+06	2.243360e+06	2.232220e+06	2.234180e+06	2.213760e+06	2.221880e+06	2.218500e+06	2.226700e+06	2.233840e+06	2.226580e+06	2.219760e+06	2.225820e+06	2.225940e+06	2.225220e+06	2.226460e+06	2.219840e+06	2.228360e+06	2.229300e+06	2.226340e+06	2.229980e+06	2.222180e+06	2.227420e+06	2.223300e+06	2.232840e+06	2.233040e+06	2.227000e+06	2.217220e+06	2.227020e+06	2.219300e+06	2.212520e+06	2.228220e+06	2.226120e+06	2.223840e+06	2.231860e+06	2.223500e+06	2.209120e+06	2.234840e+06	2.226800e+06	2.230800e+06	2.229220e+06	2.217340e+06	2.215600e+06	2.229340e+06	2.227280e+06	2.223340e+06	2.219560e+06	2.221960e+06	2.228740e+06	2.226660e+06
2.221640e+06	2.226240e+06	2.233500e+06	2.235360e+06	2.220040e+06	2.222140e+06	2.219680e+06	2.227640e+06	2.232980e+06	2.224000e+06	2.221280e+06	2.228960e+06	2.221680e+06	2.222220e+06	2.221180e+06	2.226260e+06	2.223360e+06	2.232180e+06	2.228160e+06	2.233140e+06	2.220100e+06	2.225740e+06	2.218960e+06	2.223400e+06	2.231320e+06	2.226140e+06	2.221660e+06	2.235080e+06	2.223940e+06	2.232260e+06	2.225640e+06	2.223460e+06	2.214920e+06	2.220340e+06	2.220780e+06	2.229160e+06	2.220140e+06	2.224400e+06	2.223260e+06	2.225340e+06	2.217820e+06	2.220980e+06	2.236020e+06	2.209800e+06	2.228340e+06	2.242060e+06	2.230920e+06	2.235540e+06	2.223740e+06	2.228620e+06	2.226000e+06	2.233840e+06	2.227740e+06	2.222080e+06	2.221260e+06	2.229820e+06	2.230120e+06	2.222440e+06	2.235300e+06	2.229340e+06	2.219740e+06	2.234740e+06	2.219900e+06	2.237260e+06	2.232280e+06	2.231640e+06	2.230280e+06	2.221000e+06	2.226100e+06	2.219900e+06	2.224920e+06	2.225860e+06	2.230340e+06	2.218680e+06	2.215640e+06	2.228960e+06
