#Saved Data from the class odmr_logic on 29.07.2022 at 18h53m29s.
#
#Parameters:
#===========
#
#Microwave CW Power (dBm): -3.0000000000000000e+01
#Microwave Sweep Power (dBm): -1.0000000000000000e+01
#Run Time (s): 3.0000000000000000e+02
#Number of frequency sweeps (#): 48
#Start Frequencies (Hz): [2750000000.0]
#Stop Frequencies (Hz): [2990000000.0]
#Step sizes (Hz): [2000000.0]
#Clock Frequencies (Hz): 20
#Channel: 0: /Dev1/Ctr3
#
#Data:
#=====
#count data (counts/s)
1.480818e+07	1.478860e+07	1.480290e+07	1.480544e+07	1.480184e+07	1.480970e+07	1.479692e+07	1.480000e+07	1.479184e+07	1.480844e+07	1.479890e+07	1.480294e+07	1.479210e+07	1.480196e+07	1.479064e+07	1.478944e+07	1.479202e+07	1.481730e+07	1.479868e+07	1.480080e+07	1.478882e+07	1.478352e+07	1.479750e+07	1.480500e+07	1.480512e+07	1.480868e+07	1.478584e+07	1.481168e+07	1.478956e+07	1.480142e+07	1.481364e+07	1.479690e+07	1.481514e+07	1.480192e+07	1.479112e+07	1.479600e+07	1.481412e+07	1.479736e+07	1.477330e+07	1.476488e+07	1.477048e+07	1.478840e+07	1.476618e+07	1.475836e+07	1.476004e+07	1.479234e+07	1.478060e+07	1.479172e+07	1.480226e+07	1.479316e+07	1.476406e+07	1.477576e+07	1.475514e+07	1.475912e+07	1.475906e+07	1.477700e+07	1.477406e+07	1.479268e+07	1.478410e+07	1.479458e+07	1.480686e+07	1.480218e+07	1.480068e+07	1.480138e+07	1.478928e+07	1.478012e+07	1.475868e+07	1.477128e+07	1.476696e+07	1.476262e+07	1.476870e+07	1.477514e+07	1.478776e+07	1.479348e+07	1.478870e+07	1.479326e+07	1.480408e+07	1.474866e+07	1.475538e+07	1.476556e+07	1.478044e+07	1.478838e+07	1.478710e+07	1.479182e+07	1.478352e+07	1.478846e+07	1.477682e+07	1.480618e+07	1.479768e+07	1.480390e+07	1.480038e+07	1.481436e+07	1.479886e+07	1.479732e+07	1.479634e+07	1.479116e+07	1.480850e+07	1.479900e+07	1.479412e+07	1.480264e+07	1.480124e+07	1.480104e+07	1.478608e+07	1.480498e+07	1.478804e+07	1.480316e+07	1.478738e+07	1.478874e+07	1.479586e+07	1.478868e+07	1.480484e+07	1.478262e+07	1.479810e+07	1.479770e+07	1.478968e+07	1.479470e+07	1.480626e+07	1.478774e+07	1.479410e+07	1.480194e+07	1.478200e+07
1.479988e+07	1.480778e+07	1.479964e+07	1.480976e+07	1.481222e+07	1.479654e+07	1.480720e+07	1.481300e+07	1.479390e+07	1.479570e+07	1.480902e+07	1.480692e+07	1.481464e+07	1.482156e+07	1.479702e+07	1.481056e+07	1.481534e+07	1.479348e+07	1.481714e+07	1.479946e+07	1.480054e+07	1.480052e+07	1.480888e+07	1.480478e+07	1.479256e+07	1.479420e+07	1.481300e+07	1.479556e+07	1.480278e+07	1.479392e+07	1.479786e+07	1.480538e+07	1.479418e+07	1.480152e+07	1.481218e+07	1.479636e+07	1.481130e+07	1.479650e+07	1.477614e+07	1.477050e+07	1.478576e+07	1.478274e+07	1.476448e+07	1.475666e+07	1.475758e+07	1.478352e+07	1.478544e+07	1.478786e+07	1.479114e+07	1.480008e+07	1.476136e+07	1.476050e+07	1.475552e+07	1.475968e+07	1.475482e+07	1.475978e+07	1.476500e+07	1.478838e+07	1.478610e+07	1.478762e+07	1.479554e+07	1.479278e+07	1.479816e+07	1.480076e+07	1.478242e+07	1.476020e+07	1.476024e+07	1.475570e+07	1.477248e+07	1.476448e+07	1.475776e+07	1.476632e+07	1.478924e+07	1.478868e+07	1.479480e+07	1.480040e+07	1.478246e+07	1.475502e+07	1.474878e+07	1.474548e+07	1.476824e+07	1.478336e+07	1.478248e+07	1.478770e+07	1.479276e+07	1.480006e+07	1.480344e+07	1.480408e+07	1.480262e+07	1.480306e+07	1.481064e+07	1.479580e+07	1.479942e+07	1.481316e+07	1.479168e+07	1.480690e+07	1.480214e+07	1.479152e+07	1.479156e+07	1.479718e+07	1.481116e+07	1.481254e+07	1.480666e+07	1.480924e+07	1.480770e+07	1.479768e+07	1.480440e+07	1.480312e+07	1.479212e+07	1.479916e+07	1.479650e+07	1.479540e+07	1.481358e+07	1.478434e+07	1.480292e+07	1.480402e+07	1.480744e+07	1.479400e+07	1.480682e+07	1.478916e+07	1.480242e+07
1.482482e+07	1.480294e+07	1.480700e+07	1.480222e+07	1.480862e+07	1.481132e+07	1.480456e+07	1.481888e+07	1.480418e+07	1.479792e+07	1.481752e+07	1.481182e+07	1.481442e+07	1.481300e+07	1.480968e+07	1.480726e+07	1.482668e+07	1.482334e+07	1.480864e+07	1.480108e+07	1.481308e+07	1.481592e+07	1.479766e+07	1.480456e+07	1.480754e+07	1.479486e+07	1.481214e+07	1.480612e+07	1.481272e+07	1.481676e+07	1.482088e+07	1.481404e+07	1.482494e+07	1.480306e+07	1.481862e+07	1.480424e+07	1.480054e+07	1.480124e+07	1.478376e+07	1.477978e+07	1.478320e+07	1.478484e+07	1.476776e+07	1.476998e+07	1.478476e+07	1.479056e+07	1.480884e+07	1.481064e+07	1.480288e+07	1.479298e+07	1.478960e+07	1.477970e+07	1.476940e+07	1.476734e+07	1.475082e+07	1.476590e+07	1.476462e+07	1.478072e+07	1.480270e+07	1.482566e+07	1.479952e+07	1.482072e+07	1.480090e+07	1.480002e+07	1.481174e+07	1.477626e+07	1.477040e+07	1.477660e+07	1.478066e+07	1.476436e+07	1.477632e+07	1.477574e+07	1.480502e+07	1.480152e+07	1.480132e+07	1.480252e+07	1.478268e+07	1.475910e+07	1.475670e+07	1.477114e+07	1.477284e+07	1.479592e+07	1.478510e+07	1.479540e+07	1.479934e+07	1.482556e+07	1.480052e+07	1.482484e+07	1.481896e+07	1.479374e+07	1.479582e+07	1.480306e+07	1.480386e+07	1.482330e+07	1.481538e+07	1.480864e+07	1.481520e+07	1.480786e+07	1.481756e+07	1.481844e+07	1.480178e+07	1.482814e+07	1.480044e+07	1.480286e+07	1.479160e+07	1.481332e+07	1.479468e+07	1.482178e+07	1.480710e+07	1.479874e+07	1.481744e+07	1.481440e+07	1.479728e+07	1.480660e+07	1.481154e+07	1.482022e+07	1.480244e+07	1.479760e+07	1.478854e+07	1.480004e+07	1.480542e+07
1.481014e+07	1.480616e+07	1.479894e+07	1.480304e+07	1.482286e+07	1.480544e+07	1.480874e+07	1.479772e+07	1.482364e+07	1.482674e+07	1.482556e+07	1.481222e+07	1.481262e+07	1.479950e+07	1.481660e+07	1.481328e+07	1.480160e+07	1.481300e+07	1.479854e+07	1.481114e+07	1.479620e+07	1.481424e+07	1.480228e+07	1.480952e+07	1.482616e+07	1.481680e+07	1.481254e+07	1.481438e+07	1.482382e+07	1.479770e+07	1.479310e+07	1.482400e+07	1.480680e+07	1.481500e+07	1.479894e+07	1.481572e+07	1.480748e+07	1.481394e+07	1.476690e+07	1.478644e+07	1.478922e+07	1.479790e+07	1.477026e+07	1.475618e+07	1.476386e+07	1.479010e+07	1.480116e+07	1.478848e+07	1.479928e+07	1.478844e+07	1.478466e+07	1.477030e+07	1.476246e+07	1.477324e+07	1.475618e+07	1.476632e+07	1.476724e+07	1.479382e+07	1.480098e+07	1.480152e+07	1.480604e+07	1.480788e+07	1.480780e+07	1.480040e+07	1.479630e+07	1.477804e+07	1.476516e+07	1.476160e+07	1.477982e+07	1.477174e+07	1.477594e+07	1.477594e+07	1.480764e+07	1.480524e+07	1.479738e+07	1.479774e+07	1.480360e+07	1.475770e+07	1.476712e+07	1.478014e+07	1.478408e+07	1.479474e+07	1.479156e+07	1.478412e+07	1.481252e+07	1.481070e+07	1.480546e+07	1.481404e+07	1.480490e+07	1.480200e+07	1.481110e+07	1.481970e+07	1.481142e+07	1.479690e+07	1.480946e+07	1.481664e+07	1.481540e+07	1.481104e+07	1.482202e+07	1.479422e+07	1.480326e+07	1.482514e+07	1.482098e+07	1.482218e+07	1.480812e+07	1.482590e+07	1.480558e+07	1.481074e+07	1.482116e+07	1.482192e+07	1.481552e+07	1.482282e+07	1.480538e+07	1.480654e+07	1.481046e+07	1.480136e+07	1.480622e+07	1.481934e+07	1.481004e+07	1.481872e+07	1.482332e+07
1.481878e+07	1.480954e+07	1.480308e+07	1.481138e+07	1.480388e+07	1.479370e+07	1.480316e+07	1.481454e+07	1.478600e+07	1.480770e+07	1.478832e+07	1.480146e+07	1.481080e+07	1.479634e+07	1.480058e+07	1.480156e+07	1.480744e+07	1.480534e+07	1.481152e+07	1.481894e+07	1.478962e+07	1.481900e+07	1.480162e+07	1.481280e+07	1.479684e+07	1.480778e+07	1.479896e+07	1.480390e+07	1.480426e+07	1.481268e+07	1.478734e+07	1.480226e+07	1.481002e+07	1.481378e+07	1.480832e+07	1.480384e+07	1.480232e+07	1.479564e+07	1.478022e+07	1.477344e+07	1.477342e+07	1.478344e+07	1.476658e+07	1.475038e+07	1.476352e+07	1.479054e+07	1.480312e+07	1.480618e+07	1.479164e+07	1.479858e+07	1.479162e+07	1.476640e+07	1.477458e+07	1.477532e+07	1.474846e+07	1.476260e+07	1.476130e+07	1.478664e+07	1.480010e+07	1.480944e+07	1.481334e+07	1.480306e+07	1.481680e+07	1.481008e+07	1.479766e+07	1.477242e+07	1.475630e+07	1.477898e+07	1.477806e+07	1.476314e+07	1.477126e+07	1.477574e+07	1.480262e+07	1.480002e+07	1.481458e+07	1.479548e+07	1.479946e+07	1.477838e+07	1.476096e+07	1.476924e+07	1.477532e+07	1.479628e+07	1.479618e+07	1.479168e+07	1.480968e+07	1.479992e+07	1.479510e+07	1.482250e+07	1.481016e+07	1.479750e+07	1.480490e+07	1.479682e+07	1.480320e+07	1.480224e+07	1.480798e+07	1.481778e+07	1.481924e+07	1.479668e+07	1.482054e+07	1.480696e+07	1.483104e+07	1.481410e+07	1.480848e+07	1.480984e+07	1.480716e+07	1.480664e+07	1.481162e+07	1.482566e+07	1.481758e+07	1.483846e+07	1.480302e+07	1.480312e+07	1.479384e+07	1.481840e+07	1.481004e+07	1.480466e+07	1.480868e+07	1.481538e+07	1.482212e+07	1.480548e+07	1.481848e+07
1.482116e+07	1.480512e+07	1.482030e+07	1.481988e+07	1.482870e+07	1.482382e+07	1.481416e+07	1.481304e+07	1.481238e+07	1.482822e+07	1.480370e+07	1.481346e+07	1.481726e+07	1.481898e+07	1.480630e+07	1.482000e+07	1.482590e+07	1.480752e+07	1.482344e+07	1.480928e+07	1.481052e+07	1.481428e+07	1.482824e+07	1.482030e+07	1.483160e+07	1.481766e+07	1.481584e+07	1.482158e+07	1.480716e+07	1.480530e+07	1.482026e+07	1.483200e+07	1.482316e+07	1.481274e+07	1.482590e+07	1.482580e+07	1.481954e+07	1.481056e+07	1.479072e+07	1.477180e+07	1.479630e+07	1.481200e+07	1.476644e+07	1.478910e+07	1.477878e+07	1.480678e+07	1.480790e+07	1.480600e+07	1.480352e+07	1.480022e+07	1.480688e+07	1.477770e+07	1.478450e+07	1.478084e+07	1.476258e+07	1.477650e+07	1.477260e+07	1.478614e+07	1.482250e+07	1.481110e+07	1.479998e+07	1.481666e+07	1.482002e+07	1.481948e+07	1.480626e+07	1.477314e+07	1.477470e+07	1.479028e+07	1.479094e+07	1.478046e+07	1.478798e+07	1.476724e+07	1.480780e+07	1.480378e+07	1.480288e+07	1.480052e+07	1.481580e+07	1.476694e+07	1.478698e+07	1.478744e+07	1.478840e+07	1.478698e+07	1.479588e+07	1.479360e+07	1.482118e+07	1.481738e+07	1.480282e+07	1.480796e+07	1.481414e+07	1.481874e+07	1.482000e+07	1.481020e+07	1.483322e+07	1.482116e+07	1.480814e+07	1.481984e+07	1.480542e+07	1.481234e+07	1.481450e+07	1.481330e+07	1.481190e+07	1.479666e+07	1.483280e+07	1.480418e+07	1.482208e+07	1.481830e+07	1.480826e+07	1.480644e+07	1.481520e+07	1.479894e+07	1.481174e+07	1.480114e+07	1.478578e+07	1.480284e+07	1.480482e+07	1.480592e+07	1.480170e+07	1.479512e+07	1.481178e+07	1.481302e+07	1.480170e+07
1.482146e+07	1.482404e+07	1.482664e+07	1.483014e+07	1.481466e+07	1.480436e+07	1.480716e+07	1.481090e+07	1.480964e+07	1.482448e+07	1.481628e+07	1.481776e+07	1.483174e+07	1.481624e+07	1.482636e+07	1.482458e+07	1.482728e+07	1.481870e+07	1.482106e+07	1.481426e+07	1.482682e+07	1.483224e+07	1.482346e+07	1.480444e+07	1.482854e+07	1.481920e+07	1.482036e+07	1.482710e+07	1.482260e+07	1.481696e+07	1.482424e+07	1.482282e+07	1.481942e+07	1.480060e+07	1.481984e+07	1.481704e+07	1.482212e+07	1.482772e+07	1.478674e+07	1.477760e+07	1.477340e+07	1.478862e+07	1.478768e+07	1.477774e+07	1.477612e+07	1.480554e+07	1.481146e+07	1.480516e+07	1.481602e+07	1.480672e+07	1.480490e+07	1.478536e+07	1.478164e+07	1.477450e+07	1.476030e+07	1.477220e+07	1.478100e+07	1.479628e+07	1.481074e+07	1.481582e+07	1.481764e+07	1.481324e+07	1.481874e+07	1.481008e+07	1.480078e+07	1.478484e+07	1.477496e+07	1.478512e+07	1.478096e+07	1.479192e+07	1.476908e+07	1.479534e+07	1.479944e+07	1.480666e+07	1.481344e+07	1.481852e+07	1.480668e+07	1.476588e+07	1.477194e+07	1.476804e+07	1.479996e+07	1.479228e+07	1.478812e+07	1.480040e+07	1.481766e+07	1.482360e+07	1.482054e+07	1.482198e+07	1.481458e+07	1.481216e+07	1.481804e+07	1.482502e+07	1.481562e+07	1.482156e+07	1.481522e+07	1.482938e+07	1.481340e+07	1.482140e+07	1.483094e+07	1.481600e+07	1.480232e+07	1.481898e+07	1.480912e+07	1.482180e+07	1.483164e+07	1.479630e+07	1.481016e+07	1.482008e+07	1.481234e+07	1.483004e+07	1.480506e+07	1.480170e+07	1.482830e+07	1.481398e+07	1.482064e+07	1.481394e+07	1.481624e+07	1.483596e+07	1.480864e+07	1.483996e+07	1.483098e+07
1.482074e+07	1.481766e+07	1.481542e+07	1.481446e+07	1.481774e+07	1.480314e+07	1.480464e+07	1.482174e+07	1.480596e+07	1.480124e+07	1.480888e+07	1.482118e+07	1.481538e+07	1.480180e+07	1.481730e+07	1.482244e+07	1.481538e+07	1.480322e+07	1.480342e+07	1.480756e+07	1.480472e+07	1.481898e+07	1.481000e+07	1.481164e+07	1.481112e+07	1.480384e+07	1.482614e+07	1.481990e+07	1.482152e+07	1.482098e+07	1.481770e+07	1.480280e+07	1.481750e+07	1.480908e+07	1.478994e+07	1.479732e+07	1.481130e+07	1.481698e+07	1.478298e+07	1.478202e+07	1.479564e+07	1.479198e+07	1.478686e+07	1.476936e+07	1.478572e+07	1.480214e+07	1.481450e+07	1.480020e+07	1.480110e+07	1.481038e+07	1.479002e+07	1.479666e+07	1.478318e+07	1.479200e+07	1.475300e+07	1.476864e+07	1.478572e+07	1.478700e+07	1.479432e+07	1.480788e+07	1.480388e+07	1.480712e+07	1.480036e+07	1.480868e+07	1.480218e+07	1.477334e+07	1.477410e+07	1.477556e+07	1.477944e+07	1.477900e+07	1.477446e+07	1.479478e+07	1.481232e+07	1.480808e+07	1.481562e+07	1.480350e+07	1.479808e+07	1.477634e+07	1.478194e+07	1.478098e+07	1.478152e+07	1.477018e+07	1.480640e+07	1.480924e+07	1.480778e+07	1.480982e+07	1.480882e+07	1.481050e+07	1.481216e+07	1.480990e+07	1.481056e+07	1.482502e+07	1.481246e+07	1.482788e+07	1.482688e+07	1.483234e+07	1.483156e+07	1.482008e+07	1.483684e+07	1.482118e+07	1.482558e+07	1.481970e+07	1.482178e+07	1.481650e+07	1.482106e+07	1.481828e+07	1.482130e+07	1.482774e+07	1.481898e+07	1.481944e+07	1.482148e+07	1.481342e+07	1.479940e+07	1.480738e+07	1.480944e+07	1.483222e+07	1.482136e+07	1.480336e+07	1.481164e+07	1.482928e+07	1.482128e+07
1.482452e+07	1.483328e+07	1.482180e+07	1.482492e+07	1.482926e+07	1.482810e+07	1.482214e+07	1.483266e+07	1.481428e+07	1.482244e+07	1.483120e+07	1.482636e+07	1.482322e+07	1.480446e+07	1.482502e+07	1.480966e+07	1.482642e+07	1.482160e+07	1.483668e+07	1.481876e+07	1.483366e+07	1.482438e+07	1.480814e+07	1.482630e+07	1.481028e+07	1.482354e+07	1.481964e+07	1.482284e+07	1.482766e+07	1.481066e+07	1.483084e+07	1.480974e+07	1.481870e+07	1.480532e+07	1.482266e+07	1.481778e+07	1.479588e+07	1.481604e+07	1.478534e+07	1.477238e+07	1.478644e+07	1.479554e+07	1.477338e+07	1.475412e+07	1.476182e+07	1.480500e+07	1.480592e+07	1.479262e+07	1.481222e+07	1.481284e+07	1.479554e+07	1.477518e+07	1.477834e+07	1.477120e+07	1.475132e+07	1.476890e+07	1.477020e+07	1.478806e+07	1.480048e+07	1.481040e+07	1.479748e+07	1.481290e+07	1.481226e+07	1.480696e+07	1.479792e+07	1.476870e+07	1.477726e+07	1.476304e+07	1.477944e+07	1.478658e+07	1.476798e+07	1.477468e+07	1.481228e+07	1.480318e+07	1.480786e+07	1.481096e+07	1.479422e+07	1.475968e+07	1.476134e+07	1.477836e+07	1.480514e+07	1.478828e+07	1.479490e+07	1.480440e+07	1.480542e+07	1.480266e+07	1.481052e+07	1.480660e+07	1.480962e+07	1.482498e+07	1.481026e+07	1.480030e+07	1.480576e+07	1.480228e+07	1.480042e+07	1.482460e+07	1.480942e+07	1.480640e+07	1.482494e+07	1.482504e+07	1.481918e+07	1.480776e+07	1.481032e+07	1.482862e+07	1.482036e+07	1.482024e+07	1.482026e+07	1.482134e+07	1.480020e+07	1.482686e+07	1.481602e+07	1.481576e+07	1.482910e+07	1.482048e+07	1.481774e+07	1.480228e+07	1.480974e+07	1.483138e+07	1.480648e+07	1.480608e+07	1.482422e+07
1.481182e+07	1.482002e+07	1.482268e+07	1.482786e+07	1.482074e+07	1.481080e+07	1.481920e+07	1.481298e+07	1.480860e+07	1.481370e+07	1.482054e+07	1.482298e+07	1.482020e+07	1.481758e+07	1.482526e+07	1.480988e+07	1.481502e+07	1.483512e+07	1.482830e+07	1.483150e+07	1.482626e+07	1.481558e+07	1.482270e+07	1.481730e+07	1.481206e+07	1.480538e+07	1.481230e+07	1.481742e+07	1.483696e+07	1.482238e+07	1.483210e+07	1.483626e+07	1.481608e+07	1.481312e+07	1.482802e+07	1.482348e+07	1.482058e+07	1.481974e+07	1.477764e+07	1.479868e+07	1.479282e+07	1.482534e+07	1.481034e+07	1.480326e+07	1.481572e+07	1.483924e+07	1.483908e+07	1.483816e+07	1.482604e+07	1.483740e+07	1.481528e+07	1.480418e+07	1.481862e+07	1.479792e+07	1.479166e+07	1.480044e+07	1.480094e+07	1.482038e+07	1.483968e+07	1.483782e+07	1.484808e+07	1.483220e+07	1.483384e+07	1.483338e+07	1.482596e+07	1.480970e+07	1.479326e+07	1.480720e+07	1.480734e+07	1.481460e+07	1.479706e+07	1.481574e+07	1.484712e+07	1.484998e+07	1.484312e+07	1.483054e+07	1.482714e+07	1.480024e+07	1.479484e+07	1.481286e+07	1.483002e+07	1.483412e+07	1.482748e+07	1.483186e+07	1.484084e+07	1.484808e+07	1.485920e+07	1.484896e+07	1.484728e+07	1.484486e+07	1.485534e+07	1.484676e+07	1.485518e+07	1.484414e+07	1.485520e+07	1.484474e+07	1.483584e+07	1.484176e+07	1.484666e+07	1.482892e+07	1.485040e+07	1.482466e+07	1.484560e+07	1.485180e+07	1.483468e+07	1.485730e+07	1.484156e+07	1.484094e+07	1.484362e+07	1.483418e+07	1.483530e+07	1.485644e+07	1.484180e+07	1.483388e+07	1.483646e+07	1.484500e+07	1.483894e+07	1.482756e+07	1.483070e+07	1.481370e+07	1.483536e+07
1.481058e+07	1.481644e+07	1.482206e+07	1.483208e+07	1.483632e+07	1.482032e+07	1.481422e+07	1.482368e+07	1.480850e+07	1.481170e+07	1.479330e+07	1.481520e+07	1.481786e+07	1.483174e+07	1.480356e+07	1.481480e+07	1.482370e+07	1.482494e+07	1.482508e+07	1.480586e+07	1.480652e+07	1.481578e+07	1.481856e+07	1.482440e+07	1.481254e+07	1.481084e+07	1.480196e+07	1.480714e+07	1.480748e+07	1.479604e+07	1.482850e+07	1.482654e+07	1.481326e+07	1.481126e+07	1.480238e+07	1.481468e+07	1.483616e+07	1.480544e+07	1.477968e+07	1.477300e+07	1.477432e+07	1.478766e+07	1.477926e+07	1.475808e+07	1.476080e+07	1.480040e+07	1.479674e+07	1.479734e+07	1.479872e+07	1.479160e+07	1.479084e+07	1.476382e+07	1.477064e+07	1.477124e+07	1.476078e+07	1.477598e+07	1.479330e+07	1.480172e+07	1.481488e+07	1.481578e+07	1.481810e+07	1.482288e+07	1.482562e+07	1.481040e+07	1.480510e+07	1.478616e+07	1.479752e+07	1.479620e+07	1.480038e+07	1.477712e+07	1.479106e+07	1.479796e+07	1.480628e+07	1.481938e+07	1.482356e+07	1.479346e+07	1.479016e+07	1.475484e+07	1.477170e+07	1.476162e+07	1.478468e+07	1.479830e+07	1.480616e+07	1.480280e+07	1.479376e+07	1.483290e+07	1.481540e+07	1.482464e+07	1.482474e+07	1.480612e+07	1.481430e+07	1.482070e+07	1.481282e+07	1.482206e+07	1.482690e+07	1.481190e+07	1.482368e+07	1.480784e+07	1.481912e+07	1.481548e+07	1.483034e+07	1.481028e+07	1.482610e+07	1.482526e+07	1.482724e+07	1.481270e+07	1.482050e+07	1.480734e+07	1.481374e+07	1.482058e+07	1.481864e+07	1.481618e+07	1.481668e+07	1.482416e+07	1.483178e+07	1.480740e+07	1.482700e+07	1.481646e+07	1.481656e+07	1.481832e+07	1.481886e+07
1.479978e+07	1.479262e+07	1.479288e+07	1.478006e+07	1.480122e+07	1.478302e+07	1.477406e+07	1.479472e+07	1.477800e+07	1.478002e+07	1.478776e+07	1.478338e+07	1.478166e+07	1.479776e+07	1.478358e+07	1.479242e+07	1.479294e+07	1.479960e+07	1.478182e+07	1.478668e+07	1.478966e+07	1.478064e+07	1.478462e+07	1.478982e+07	1.479482e+07	1.477642e+07	1.479124e+07	1.478750e+07	1.478712e+07	1.478376e+07	1.479272e+07	1.478284e+07	1.478946e+07	1.479680e+07	1.478390e+07	1.478052e+07	1.478312e+07	1.478422e+07	1.475030e+07	1.475892e+07	1.476578e+07	1.477026e+07	1.476540e+07	1.473490e+07	1.475880e+07	1.477276e+07	1.478578e+07	1.478752e+07	1.479784e+07	1.478564e+07	1.476480e+07	1.477204e+07	1.476320e+07	1.476196e+07	1.473718e+07	1.476120e+07	1.477176e+07	1.478860e+07	1.478526e+07	1.479318e+07	1.478020e+07	1.478948e+07	1.480270e+07	1.479566e+07	1.480634e+07	1.476880e+07	1.476096e+07	1.476882e+07	1.475626e+07	1.476892e+07	1.475008e+07	1.475482e+07	1.479042e+07	1.479276e+07	1.478978e+07	1.478862e+07	1.476670e+07	1.475490e+07	1.475430e+07	1.476092e+07	1.477230e+07	1.477230e+07	1.477838e+07	1.478554e+07	1.478910e+07	1.479148e+07	1.481332e+07	1.480772e+07	1.479004e+07	1.481022e+07	1.479928e+07	1.480114e+07	1.480006e+07	1.480514e+07	1.480158e+07	1.479152e+07	1.480434e+07	1.479556e+07	1.480472e+07	1.479906e+07	1.478726e+07	1.479794e+07	1.480566e+07	1.478578e+07	1.480940e+07	1.482204e+07	1.481648e+07	1.480256e+07	1.480478e+07	1.480240e+07	1.480452e+07	1.479230e+07	1.479382e+07	1.481320e+07	1.480314e+07	1.482322e+07	1.482702e+07	1.481274e+07	1.482112e+07	1.481850e+07	1.480080e+07
1.475502e+07	1.473004e+07	1.474244e+07	1.473904e+07	1.474826e+07	1.475724e+07	1.475522e+07	1.474048e+07	1.474646e+07	1.474032e+07	1.476580e+07	1.475388e+07	1.475536e+07	1.475142e+07	1.476284e+07	1.475778e+07	1.476406e+07	1.475572e+07	1.474854e+07	1.473786e+07	1.474238e+07	1.476252e+07	1.475002e+07	1.475936e+07	1.474996e+07	1.475418e+07	1.474844e+07	1.475562e+07	1.475984e+07	1.475894e+07	1.476006e+07	1.475956e+07	1.477082e+07	1.476692e+07	1.475496e+07	1.474852e+07	1.475952e+07	1.474660e+07	1.473104e+07	1.474180e+07	1.473544e+07	1.474332e+07	1.472160e+07	1.471194e+07	1.473392e+07	1.475148e+07	1.475828e+07	1.475792e+07	1.476946e+07	1.474674e+07	1.474398e+07	1.473430e+07	1.473096e+07	1.472652e+07	1.473208e+07	1.472568e+07	1.473406e+07	1.475126e+07	1.476420e+07	1.476282e+07	1.476396e+07	1.475988e+07	1.476358e+07	1.476832e+07	1.476764e+07	1.474246e+07	1.472356e+07	1.474164e+07	1.473770e+07	1.474228e+07	1.474522e+07	1.475398e+07	1.477376e+07	1.476160e+07	1.477304e+07	1.476230e+07	1.476646e+07	1.473292e+07	1.471702e+07	1.473598e+07	1.474622e+07	1.475342e+07	1.475580e+07	1.476086e+07	1.477288e+07	1.478746e+07	1.477170e+07	1.479450e+07	1.476534e+07	1.477150e+07	1.478724e+07	1.476394e+07	1.477092e+07	1.477356e+07	1.477974e+07	1.477492e+07	1.477868e+07	1.478964e+07	1.478824e+07	1.478754e+07	1.477858e+07	1.478504e+07	1.479298e+07	1.479222e+07	1.476952e+07	1.479062e+07	1.478860e+07	1.478116e+07	1.477800e+07	1.477854e+07	1.479568e+07	1.478394e+07	1.478420e+07	1.478846e+07	1.478520e+07	1.477692e+07	1.478644e+07	1.478082e+07	1.479044e+07	1.477410e+07	1.479046e+07
1.474816e+07	1.474698e+07	1.472488e+07	1.472412e+07	1.473596e+07	1.473444e+07	1.474892e+07	1.474010e+07	1.472562e+07	1.474626e+07	1.473456e+07	1.472772e+07	1.474814e+07	1.473234e+07	1.473940e+07	1.474644e+07	1.473524e+07	1.473504e+07	1.473648e+07	1.473218e+07	1.474898e+07	1.475342e+07	1.473556e+07	1.473322e+07	1.473620e+07	1.473344e+07	1.474086e+07	1.474300e+07	1.473434e+07	1.474480e+07	1.475348e+07	1.474978e+07	1.474926e+07	1.473778e+07	1.474742e+07	1.472452e+07	1.473278e+07	1.473936e+07	1.469764e+07	1.470488e+07	1.470974e+07	1.471126e+07	1.469212e+07	1.470128e+07	1.470766e+07	1.471378e+07	1.475644e+07	1.473452e+07	1.473368e+07	1.472024e+07	1.470950e+07	1.470754e+07	1.469942e+07	1.469784e+07	1.467812e+07	1.468828e+07	1.469570e+07	1.471276e+07	1.473772e+07	1.474286e+07	1.472662e+07	1.473892e+07	1.477216e+07	1.472540e+07	1.472706e+07	1.470690e+07	1.470938e+07	1.470908e+07	1.470716e+07	1.471442e+07	1.470052e+07	1.470866e+07	1.471878e+07	1.474550e+07	1.473998e+07	1.473532e+07	1.472152e+07	1.469286e+07	1.469726e+07	1.468672e+07	1.473118e+07	1.471166e+07	1.471860e+07	1.473484e+07	1.474392e+07	1.475086e+07	1.474108e+07	1.476830e+07	1.474902e+07	1.474370e+07	1.474072e+07	1.473698e+07	1.474430e+07	1.474364e+07	1.473990e+07	1.474610e+07	1.474852e+07	1.475944e+07	1.474568e+07	1.474510e+07	1.475162e+07	1.473620e+07	1.474294e+07	1.474820e+07	1.473294e+07	1.474676e+07	1.474918e+07	1.473788e+07	1.474578e+07	1.475322e+07	1.473546e+07	1.474576e+07	1.473138e+07	1.475094e+07	1.474384e+07	1.474610e+07	1.474576e+07	1.474136e+07	1.475416e+07	1.475094e+07	1.474500e+07
1.474234e+07	1.474654e+07	1.471964e+07	1.472374e+07	1.474726e+07	1.473986e+07	1.472784e+07	1.473962e+07	1.475238e+07	1.473672e+07	1.475658e+07	1.473500e+07	1.474326e+07	1.473398e+07	1.473856e+07	1.473784e+07	1.475012e+07	1.474338e+07	1.473418e+07	1.472914e+07	1.475124e+07	1.474506e+07	1.474600e+07	1.473092e+07	1.474506e+07	1.474866e+07	1.473170e+07	1.474092e+07	1.472128e+07	1.473892e+07	1.473716e+07	1.474134e+07	1.474840e+07	1.474830e+07	1.473406e+07	1.473340e+07	1.473238e+07	1.473746e+07	1.471474e+07	1.470826e+07	1.471310e+07	1.472170e+07	1.469076e+07	1.470200e+07	1.470062e+07	1.471092e+07	1.473526e+07	1.474360e+07	1.472536e+07	1.471706e+07	1.471800e+07	1.471748e+07	1.470092e+07	1.469270e+07	1.468934e+07	1.468224e+07	1.470058e+07	1.471770e+07	1.473458e+07	1.473244e+07	1.474250e+07	1.472770e+07	1.473688e+07	1.474488e+07	1.472768e+07	1.468444e+07	1.471356e+07	1.470412e+07	1.472918e+07	1.470314e+07	1.469852e+07	1.470104e+07	1.472386e+07	1.473276e+07	1.472646e+07	1.473634e+07	1.472456e+07	1.469152e+07	1.468106e+07	1.469632e+07	1.471100e+07	1.471082e+07	1.474096e+07	1.471518e+07	1.473612e+07	1.472722e+07	1.473978e+07	1.474218e+07	1.472584e+07	1.473664e+07	1.473168e+07	1.472986e+07	1.473100e+07	1.473460e+07	1.474224e+07	1.473874e+07	1.474126e+07	1.472636e+07	1.472774e+07	1.474358e+07	1.473356e+07	1.472224e+07	1.473442e+07	1.473124e+07	1.473248e+07	1.474542e+07	1.473858e+07	1.473740e+07	1.474418e+07	1.474190e+07	1.473706e+07	1.474004e+07	1.473848e+07	1.472556e+07	1.473070e+07	1.472338e+07	1.474326e+07	1.474004e+07	1.473016e+07	1.473256e+07	1.474530e+07
1.475268e+07	1.471724e+07	1.473978e+07	1.474812e+07	1.472410e+07	1.474142e+07	1.474560e+07	1.474576e+07	1.474184e+07	1.473064e+07	1.473708e+07	1.474422e+07	1.472824e+07	1.473620e+07	1.473164e+07	1.474236e+07	1.473446e+07	1.473740e+07	1.474838e+07	1.474154e+07	1.474212e+07	1.474408e+07	1.473672e+07	1.472334e+07	1.473870e+07	1.474732e+07	1.472972e+07	1.474390e+07	1.473934e+07	1.473408e+07	1.473996e+07	1.474970e+07	1.473284e+07	1.473648e+07	1.473302e+07	1.473406e+07	1.473292e+07	1.473018e+07	1.470974e+07	1.471164e+07	1.471538e+07	1.471292e+07	1.468800e+07	1.470144e+07	1.469484e+07	1.471630e+07	1.472738e+07	1.473308e+07	1.471784e+07	1.472022e+07	1.473310e+07	1.471208e+07	1.470588e+07	1.469632e+07	1.468976e+07	1.469770e+07	1.469846e+07	1.471018e+07	1.472894e+07	1.471638e+07	1.472152e+07	1.473416e+07	1.473364e+07	1.472914e+07	1.473784e+07	1.470504e+07	1.470704e+07	1.470470e+07	1.470400e+07	1.469828e+07	1.470542e+07	1.469274e+07	1.470964e+07	1.473280e+07	1.471914e+07	1.471120e+07	1.471928e+07	1.468502e+07	1.469194e+07	1.468776e+07	1.469822e+07	1.470864e+07	1.470850e+07	1.472562e+07	1.474192e+07	1.474236e+07	1.472536e+07	1.474440e+07	1.474030e+07	1.474172e+07	1.472610e+07	1.472894e+07	1.472720e+07	1.473222e+07	1.474152e+07	1.473780e+07	1.474016e+07	1.474680e+07	1.473204e+07	1.473230e+07	1.473746e+07	1.472922e+07	1.474340e+07	1.472550e+07	1.473122e+07	1.474360e+07	1.471940e+07	1.472334e+07	1.473924e+07	1.473066e+07	1.472468e+07	1.472808e+07	1.473446e+07	1.472878e+07	1.471706e+07	1.472778e+07	1.472602e+07	1.473188e+07	1.473938e+07	1.472854e+07	1.473442e+07
1.472726e+07	1.472710e+07	1.474864e+07	1.474374e+07	1.473560e+07	1.474498e+07	1.473406e+07	1.473376e+07	1.472312e+07	1.474650e+07	1.473502e+07	1.474956e+07	1.474360e+07	1.472966e+07	1.473790e+07	1.473126e+07	1.473946e+07	1.473126e+07	1.473956e+07	1.473386e+07	1.474394e+07	1.473100e+07	1.473744e+07	1.474440e+07	1.473272e+07	1.473954e+07	1.473498e+07	1.476104e+07	1.474296e+07	1.472530e+07	1.473710e+07	1.474398e+07	1.473010e+07	1.473692e+07	1.474166e+07	1.473974e+07	1.473056e+07	1.472410e+07	1.471282e+07	1.469878e+07	1.470294e+07	1.470916e+07	1.469782e+07	1.469538e+07	1.468882e+07	1.473964e+07	1.473536e+07	1.472874e+07	1.472760e+07	1.473602e+07	1.470768e+07	1.470358e+07	1.469766e+07	1.468576e+07	1.468658e+07	1.469022e+07	1.469744e+07	1.471524e+07	1.472664e+07	1.473588e+07	1.472986e+07	1.472020e+07	1.473960e+07	1.473078e+07	1.472454e+07	1.469366e+07	1.470384e+07	1.469958e+07	1.471266e+07	1.471070e+07	1.470998e+07	1.470586e+07	1.472222e+07	1.473818e+07	1.475160e+07	1.474354e+07	1.472524e+07	1.467544e+07	1.469324e+07	1.468224e+07	1.471552e+07	1.470672e+07	1.470754e+07	1.471530e+07	1.473216e+07	1.472712e+07	1.471586e+07	1.472390e+07	1.474280e+07	1.472912e+07	1.473336e+07	1.475074e+07	1.474534e+07	1.474300e+07	1.473500e+07	1.473638e+07	1.474910e+07	1.473912e+07	1.475218e+07	1.473766e+07	1.473660e+07	1.473708e+07	1.472068e+07	1.473916e+07	1.472528e+07	1.473478e+07	1.474610e+07	1.473870e+07	1.472844e+07	1.473426e+07	1.472882e+07	1.473316e+07	1.473818e+07	1.473926e+07	1.474200e+07	1.471994e+07	1.473762e+07	1.472548e+07	1.474206e+07	1.474342e+07	1.473548e+07
1.474696e+07	1.475222e+07	1.474412e+07	1.472668e+07	1.474578e+07	1.473018e+07	1.473382e+07	1.473918e+07	1.473998e+07	1.473370e+07	1.472604e+07	1.473468e+07	1.474810e+07	1.473288e+07	1.473808e+07	1.475104e+07	1.472896e+07	1.474940e+07	1.473688e+07	1.475094e+07	1.473836e+07	1.474254e+07	1.473676e+07	1.472568e+07	1.473790e+07	1.474154e+07	1.472940e+07	1.473944e+07	1.472570e+07	1.474874e+07	1.473310e+07	1.472854e+07	1.473804e+07	1.475124e+07	1.474504e+07	1.472714e+07	1.472020e+07	1.472318e+07	1.470836e+07	1.471416e+07	1.470914e+07	1.471178e+07	1.470294e+07	1.469916e+07	1.468900e+07	1.473942e+07	1.471644e+07	1.472092e+07	1.472168e+07	1.474142e+07	1.472828e+07	1.469906e+07	1.469952e+07	1.468476e+07	1.466576e+07	1.469222e+07	1.468630e+07	1.471432e+07	1.472426e+07	1.471262e+07	1.473268e+07	1.473378e+07	1.472882e+07	1.473966e+07	1.473218e+07	1.470504e+07	1.470516e+07	1.468736e+07	1.470272e+07	1.469748e+07	1.470448e+07	1.470806e+07	1.471768e+07	1.473180e+07	1.472742e+07	1.473666e+07	1.471854e+07	1.470382e+07	1.468248e+07	1.469570e+07	1.470368e+07	1.472488e+07	1.470020e+07	1.473050e+07	1.474158e+07	1.473870e+07	1.473572e+07	1.473084e+07	1.474406e+07	1.474988e+07	1.473354e+07	1.473520e+07	1.474558e+07	1.473250e+07	1.474488e+07	1.473178e+07	1.473988e+07	1.474402e+07	1.474252e+07	1.473918e+07	1.473804e+07	1.474584e+07	1.473250e+07	1.474186e+07	1.474588e+07	1.472904e+07	1.472724e+07	1.473048e+07	1.472566e+07	1.472930e+07	1.473344e+07	1.473192e+07	1.473260e+07	1.473536e+07	1.473628e+07	1.473534e+07	1.473970e+07	1.473738e+07	1.473506e+07	1.474392e+07	1.474176e+07
1.475514e+07	1.474224e+07	1.475706e+07	1.473892e+07	1.475392e+07	1.474560e+07	1.474926e+07	1.474720e+07	1.475194e+07	1.474088e+07	1.474494e+07	1.474554e+07	1.475310e+07	1.474512e+07	1.475518e+07	1.476684e+07	1.475486e+07	1.475274e+07	1.475364e+07	1.475092e+07	1.475586e+07	1.473156e+07	1.474870e+07	1.474972e+07	1.475304e+07	1.474280e+07	1.475048e+07	1.474482e+07	1.476488e+07	1.473036e+07	1.474624e+07	1.474678e+07	1.474008e+07	1.474366e+07	1.474776e+07	1.473450e+07	1.474144e+07	1.473106e+07	1.470886e+07	1.472174e+07	1.469512e+07	1.472164e+07	1.470114e+07	1.470886e+07	1.470222e+07	1.473744e+07	1.473454e+07	1.474248e+07	1.473502e+07	1.472734e+07	1.471556e+07	1.470026e+07	1.469302e+07	1.470990e+07	1.469118e+07	1.469488e+07	1.471238e+07	1.472546e+07	1.473542e+07	1.473906e+07	1.473902e+07	1.473036e+07	1.472990e+07	1.472992e+07	1.473386e+07	1.470642e+07	1.470016e+07	1.471786e+07	1.470634e+07	1.470438e+07	1.471104e+07	1.469660e+07	1.471978e+07	1.473738e+07	1.471818e+07	1.472588e+07	1.471910e+07	1.469612e+07	1.467296e+07	1.470224e+07	1.471504e+07	1.472730e+07	1.471064e+07	1.472788e+07	1.472584e+07	1.473918e+07	1.474122e+07	1.474656e+07	1.474004e+07	1.473634e+07	1.471718e+07	1.475092e+07	1.474546e+07	1.473184e+07	1.474564e+07	1.473922e+07	1.474562e+07	1.473694e+07	1.473968e+07	1.473196e+07	1.473920e+07	1.473884e+07	1.473692e+07	1.474902e+07	1.474488e+07	1.475608e+07	1.474318e+07	1.473328e+07	1.473976e+07	1.473900e+07	1.473798e+07	1.473874e+07	1.474806e+07	1.473956e+07	1.472124e+07	1.473652e+07	1.474532e+07	1.474558e+07	1.473820e+07	1.472266e+07	1.473754e+07
1.475320e+07	1.475980e+07	1.476530e+07	1.474896e+07	1.474306e+07	1.476162e+07	1.475410e+07	1.474978e+07	1.476032e+07	1.476592e+07	1.474064e+07	1.474174e+07	1.474612e+07	1.474950e+07	1.475922e+07	1.474918e+07	1.475296e+07	1.475652e+07	1.474304e+07	1.474350e+07	1.475554e+07	1.474972e+07	1.475424e+07	1.475674e+07	1.473682e+07	1.474214e+07	1.472686e+07	1.474744e+07	1.474432e+07	1.474332e+07	1.473986e+07	1.475514e+07	1.473952e+07	1.475974e+07	1.476004e+07	1.474846e+07	1.472648e+07	1.473154e+07	1.471276e+07	1.472124e+07	1.473672e+07	1.472280e+07	1.470476e+07	1.471706e+07	1.470096e+07	1.474236e+07	1.473838e+07	1.473358e+07	1.474572e+07	1.474426e+07	1.473136e+07	1.472054e+07	1.470790e+07	1.471018e+07	1.471116e+07	1.469674e+07	1.472210e+07	1.473394e+07	1.475214e+07	1.475548e+07	1.476692e+07	1.474228e+07	1.475564e+07	1.475148e+07	1.474852e+07	1.472496e+07	1.473434e+07	1.473060e+07	1.472564e+07	1.470478e+07	1.472584e+07	1.473358e+07	1.474778e+07	1.475820e+07	1.474344e+07	1.474360e+07	1.472126e+07	1.470862e+07	1.470100e+07	1.471006e+07	1.472740e+07	1.473548e+07	1.472754e+07	1.472936e+07	1.476248e+07	1.475154e+07	1.474686e+07	1.475236e+07	1.475812e+07	1.475742e+07	1.475102e+07	1.475150e+07	1.474052e+07	1.475312e+07	1.473712e+07	1.473626e+07	1.475206e+07	1.475262e+07	1.474442e+07	1.474614e+07	1.476296e+07	1.476178e+07	1.474720e+07	1.474664e+07	1.474110e+07	1.474490e+07	1.475486e+07	1.475020e+07	1.476068e+07	1.475452e+07	1.474846e+07	1.476006e+07	1.474008e+07	1.475972e+07	1.475472e+07	1.475034e+07	1.475716e+07	1.475772e+07	1.477288e+07	1.473364e+07	1.477354e+07
1.475376e+07	1.474840e+07	1.476322e+07	1.475484e+07	1.475208e+07	1.475098e+07	1.477162e+07	1.474736e+07	1.475860e+07	1.475288e+07	1.476028e+07	1.475262e+07	1.475320e+07	1.474480e+07	1.476758e+07	1.474318e+07	1.475126e+07	1.475446e+07	1.475532e+07	1.476446e+07	1.476128e+07	1.475498e+07	1.475138e+07	1.475944e+07	1.475306e+07	1.476250e+07	1.474618e+07	1.474824e+07	1.475280e+07	1.476322e+07	1.475622e+07	1.474408e+07	1.476136e+07	1.475842e+07	1.475984e+07	1.476330e+07	1.474846e+07	1.475422e+07	1.471890e+07	1.473642e+07	1.471216e+07	1.473906e+07	1.473638e+07	1.471662e+07	1.469784e+07	1.474596e+07	1.474364e+07	1.474742e+07	1.473642e+07	1.474660e+07	1.474054e+07	1.471792e+07	1.472300e+07	1.472072e+07	1.469468e+07	1.471276e+07	1.471978e+07	1.474070e+07	1.475780e+07	1.474984e+07	1.475514e+07	1.473358e+07	1.476182e+07	1.475588e+07	1.475330e+07	1.470822e+07	1.470786e+07	1.473062e+07	1.472662e+07	1.472608e+07	1.472320e+07	1.471654e+07	1.474572e+07	1.476330e+07	1.475932e+07	1.474518e+07	1.473964e+07	1.470726e+07	1.471390e+07	1.471810e+07	1.472918e+07	1.472556e+07	1.472272e+07	1.475102e+07	1.474226e+07	1.473848e+07	1.475080e+07	1.474228e+07	1.475214e+07	1.476608e+07	1.475476e+07	1.475604e+07	1.475378e+07	1.475086e+07	1.476542e+07	1.476458e+07	1.474978e+07	1.475456e+07	1.473976e+07	1.473884e+07	1.475432e+07	1.475292e+07	1.476190e+07	1.475948e+07	1.476142e+07	1.475298e+07	1.475062e+07	1.472742e+07	1.476522e+07	1.475736e+07	1.475138e+07	1.475584e+07	1.477062e+07	1.476314e+07	1.477306e+07	1.475240e+07	1.474916e+07	1.475708e+07	1.475904e+07	1.475640e+07	1.474184e+07
1.475832e+07	1.476562e+07	1.475296e+07	1.476462e+07	1.475906e+07	1.475996e+07	1.476148e+07	1.475630e+07	1.475374e+07	1.476620e+07	1.475210e+07	1.474394e+07	1.476818e+07	1.476050e+07	1.475538e+07	1.476174e+07	1.476048e+07	1.475658e+07	1.476500e+07	1.474896e+07	1.476156e+07	1.476628e+07	1.475812e+07	1.476166e+07	1.475494e+07	1.475586e+07	1.475570e+07	1.476018e+07	1.476390e+07	1.475416e+07	1.476680e+07	1.476374e+07	1.476096e+07	1.476732e+07	1.475354e+07	1.476346e+07	1.475782e+07	1.474332e+07	1.474526e+07	1.472394e+07	1.472384e+07	1.473046e+07	1.472924e+07	1.470476e+07	1.470648e+07	1.473102e+07	1.474356e+07	1.474984e+07	1.474392e+07	1.474288e+07	1.472260e+07	1.471804e+07	1.470794e+07	1.471406e+07	1.470206e+07	1.472584e+07	1.473016e+07	1.473944e+07	1.474520e+07	1.475704e+07	1.475136e+07	1.475354e+07	1.476336e+07	1.474704e+07	1.475138e+07	1.473410e+07	1.472852e+07	1.472308e+07	1.473028e+07	1.472422e+07	1.474148e+07	1.472212e+07	1.475106e+07	1.474720e+07	1.475086e+07	1.474892e+07	1.475820e+07	1.471160e+07	1.470544e+07	1.470082e+07	1.472294e+07	1.471782e+07	1.473390e+07	1.474318e+07	1.475712e+07	1.475938e+07	1.475278e+07	1.476672e+07	1.474568e+07	1.475652e+07	1.476866e+07	1.475376e+07	1.475320e+07	1.476784e+07	1.476942e+07	1.475178e+07	1.476122e+07	1.477812e+07	1.477294e+07	1.474810e+07	1.476624e+07	1.474988e+07	1.476898e+07	1.476362e+07	1.475430e+07	1.475858e+07	1.474780e+07	1.476342e+07	1.476498e+07	1.474032e+07	1.476566e+07	1.474710e+07	1.475496e+07	1.476918e+07	1.475740e+07	1.474684e+07	1.475430e+07	1.475806e+07	1.476000e+07	1.475034e+07	1.474548e+07
1.476064e+07	1.475646e+07	1.475054e+07	1.476620e+07	1.475832e+07	1.476666e+07	1.474460e+07	1.476716e+07	1.475430e+07	1.475300e+07	1.476320e+07	1.476446e+07	1.475870e+07	1.475440e+07	1.476014e+07	1.475728e+07	1.476466e+07	1.475826e+07	1.475474e+07	1.475832e+07	1.476524e+07	1.474952e+07	1.476168e+07	1.477668e+07	1.474876e+07	1.475380e+07	1.476274e+07	1.475668e+07	1.475098e+07	1.475566e+07	1.474658e+07	1.475576e+07	1.474512e+07	1.474016e+07	1.474946e+07	1.475630e+07	1.474292e+07	1.475014e+07	1.471494e+07	1.472622e+07	1.472168e+07	1.473684e+07	1.472598e+07	1.471602e+07	1.471476e+07	1.474766e+07	1.474810e+07	1.474232e+07	1.475670e+07	1.474980e+07	1.473844e+07	1.471406e+07	1.471562e+07	1.471136e+07	1.469290e+07	1.472638e+07	1.472048e+07	1.474270e+07	1.474450e+07	1.476298e+07	1.476120e+07	1.476028e+07	1.476118e+07	1.474404e+07	1.474692e+07	1.471748e+07	1.471598e+07	1.471908e+07	1.472394e+07	1.471590e+07	1.471146e+07	1.472606e+07	1.474736e+07	1.474426e+07	1.475302e+07	1.474396e+07	1.472966e+07	1.471136e+07	1.471386e+07	1.470618e+07	1.472604e+07	1.473392e+07	1.472708e+07	1.473596e+07	1.474716e+07	1.475132e+07	1.475292e+07	1.474870e+07	1.475794e+07	1.475728e+07	1.474874e+07	1.476188e+07	1.477222e+07	1.477686e+07	1.475922e+07	1.475806e+07	1.475752e+07	1.477020e+07	1.475426e+07	1.476370e+07	1.477798e+07	1.476986e+07	1.477512e+07	1.475396e+07	1.476570e+07	1.475942e+07	1.475378e+07	1.477678e+07	1.474678e+07	1.476090e+07	1.476636e+07	1.474866e+07	1.474248e+07	1.476080e+07	1.475658e+07	1.474782e+07	1.475760e+07	1.475080e+07	1.476082e+07	1.476096e+07	1.475642e+07
1.476966e+07	1.475790e+07	1.475980e+07	1.475752e+07	1.478520e+07	1.476992e+07	1.475264e+07	1.475334e+07	1.476948e+07	1.475656e+07	1.475702e+07	1.475488e+07	1.475370e+07	1.474580e+07	1.474476e+07	1.476622e+07	1.475410e+07	1.476734e+07	1.475926e+07	1.476386e+07	1.477718e+07	1.476664e+07	1.476392e+07	1.476224e+07	1.476152e+07	1.474338e+07	1.475728e+07	1.476092e+07	1.476710e+07	1.476722e+07	1.475868e+07	1.477756e+07	1.476156e+07	1.476680e+07	1.477032e+07	1.476868e+07	1.474938e+07	1.477106e+07	1.473350e+07	1.472692e+07	1.473522e+07	1.472488e+07	1.473048e+07	1.472144e+07	1.471298e+07	1.475586e+07	1.475562e+07	1.474902e+07	1.476228e+07	1.475736e+07	1.474824e+07	1.472746e+07	1.473142e+07	1.472322e+07	1.470628e+07	1.471116e+07	1.470962e+07	1.474552e+07	1.476302e+07	1.476986e+07	1.475650e+07	1.476016e+07	1.475884e+07	1.475972e+07	1.475940e+07	1.473214e+07	1.472450e+07	1.472588e+07	1.472324e+07	1.474594e+07	1.472694e+07	1.472770e+07	1.474572e+07	1.475750e+07	1.474560e+07	1.475024e+07	1.473944e+07	1.471442e+07	1.470612e+07	1.471118e+07	1.473632e+07	1.474082e+07	1.473262e+07	1.474276e+07	1.477598e+07	1.477012e+07	1.476726e+07	1.477034e+07	1.476606e+07	1.476232e+07	1.474806e+07	1.476228e+07	1.475944e+07	1.476502e+07	1.475786e+07	1.475452e+07	1.476316e+07	1.475576e+07	1.476358e+07	1.475938e+07	1.474716e+07	1.475124e+07	1.474742e+07	1.476738e+07	1.474950e+07	1.475080e+07	1.476652e+07	1.476606e+07	1.476186e+07	1.475068e+07	1.474962e+07	1.474276e+07	1.475662e+07	1.476736e+07	1.476966e+07	1.476694e+07	1.475974e+07	1.475906e+07	1.476456e+07	1.475634e+07	1.475902e+07
1.477118e+07	1.474884e+07	1.476274e+07	1.477992e+07	1.476880e+07	1.476074e+07	1.475502e+07	1.477642e+07	1.476958e+07	1.477624e+07	1.476370e+07	1.476018e+07	1.476144e+07	1.477382e+07	1.476542e+07	1.476558e+07	1.475576e+07	1.477026e+07	1.476388e+07	1.476252e+07	1.474706e+07	1.475700e+07	1.476116e+07	1.475132e+07	1.475650e+07	1.475344e+07	1.475336e+07	1.475168e+07	1.476274e+07	1.476768e+07	1.476778e+07	1.475222e+07	1.475924e+07	1.475840e+07	1.475354e+07	1.475404e+07	1.476786e+07	1.475546e+07	1.473146e+07	1.473568e+07	1.471988e+07	1.472134e+07	1.473842e+07	1.470372e+07	1.472126e+07	1.473430e+07	1.476298e+07	1.475406e+07	1.475194e+07	1.473904e+07	1.473598e+07	1.472190e+07	1.471756e+07	1.472304e+07	1.470338e+07	1.471794e+07	1.473158e+07	1.473034e+07	1.473730e+07	1.476040e+07	1.476132e+07	1.475286e+07	1.475730e+07	1.474954e+07	1.473368e+07	1.471538e+07	1.472084e+07	1.473006e+07	1.473628e+07	1.470838e+07	1.472288e+07	1.472848e+07	1.474956e+07	1.474980e+07	1.475144e+07	1.475536e+07	1.474590e+07	1.472326e+07	1.470976e+07	1.470746e+07	1.473500e+07	1.472526e+07	1.473490e+07	1.474376e+07	1.474930e+07	1.474390e+07	1.474488e+07	1.475880e+07	1.474428e+07	1.474436e+07	1.475526e+07	1.475606e+07	1.476116e+07	1.477004e+07	1.475456e+07	1.475748e+07	1.475644e+07	1.475276e+07	1.476206e+07	1.476894e+07	1.476650e+07	1.474456e+07	1.476888e+07	1.475188e+07	1.476032e+07	1.474950e+07	1.477464e+07	1.475664e+07	1.476466e+07	1.475994e+07	1.475946e+07	1.475434e+07	1.475854e+07	1.474796e+07	1.475030e+07	1.475842e+07	1.476596e+07	1.475470e+07	1.476366e+07	1.478000e+07	1.476318e+07
1.477060e+07	1.478180e+07	1.477794e+07	1.476774e+07	1.477130e+07	1.476634e+07	1.479016e+07	1.478364e+07	1.477000e+07	1.478378e+07	1.478844e+07	1.479608e+07	1.476254e+07	1.477730e+07	1.476642e+07	1.478016e+07	1.478674e+07	1.478026e+07	1.477294e+07	1.478910e+07	1.477734e+07	1.478304e+07	1.477116e+07	1.477646e+07	1.477688e+07	1.478040e+07	1.478074e+07	1.477804e+07	1.478308e+07	1.477988e+07	1.477222e+07	1.477616e+07	1.476698e+07	1.478592e+07	1.478918e+07	1.476016e+07	1.477302e+07	1.477882e+07	1.474296e+07	1.473574e+07	1.474502e+07	1.474854e+07	1.471934e+07	1.471950e+07	1.472532e+07	1.477338e+07	1.476042e+07	1.474250e+07	1.477464e+07	1.476128e+07	1.475498e+07	1.473294e+07	1.473764e+07	1.473812e+07	1.471812e+07	1.471762e+07	1.473286e+07	1.474912e+07	1.476102e+07	1.476316e+07	1.475876e+07	1.476780e+07	1.477472e+07	1.476838e+07	1.477082e+07	1.474338e+07	1.472238e+07	1.473480e+07	1.473856e+07	1.473086e+07	1.474072e+07	1.474184e+07	1.475772e+07	1.475886e+07	1.475610e+07	1.476230e+07	1.474198e+07	1.471748e+07	1.472460e+07	1.472198e+07	1.473184e+07	1.474056e+07	1.474268e+07	1.474574e+07	1.476328e+07	1.476622e+07	1.477798e+07	1.476004e+07	1.478436e+07	1.475912e+07	1.476600e+07	1.475450e+07	1.477464e+07	1.476948e+07	1.476232e+07	1.476846e+07	1.477042e+07	1.475858e+07	1.476862e+07	1.476654e+07	1.477588e+07	1.476058e+07	1.476006e+07	1.476510e+07	1.475896e+07	1.475966e+07	1.476204e+07	1.475482e+07	1.475628e+07	1.478154e+07	1.475824e+07	1.476080e+07	1.477420e+07	1.476980e+07	1.476934e+07	1.476002e+07	1.475412e+07	1.477032e+07	1.477392e+07	1.475484e+07	1.476026e+07
1.480114e+07	1.478856e+07	1.479970e+07	1.480982e+07	1.479816e+07	1.478754e+07	1.479252e+07	1.479958e+07	1.480188e+07	1.478618e+07	1.480718e+07	1.479126e+07	1.479234e+07	1.477938e+07	1.479418e+07	1.479064e+07	1.478576e+07	1.480954e+07	1.479226e+07	1.479122e+07	1.480792e+07	1.479700e+07	1.480532e+07	1.479558e+07	1.478706e+07	1.478004e+07	1.478996e+07	1.478500e+07	1.478650e+07	1.480576e+07	1.479198e+07	1.478430e+07	1.477206e+07	1.479236e+07	1.479266e+07	1.478950e+07	1.480490e+07	1.479050e+07	1.476528e+07	1.476214e+07	1.476832e+07	1.477772e+07	1.474990e+07	1.473378e+07	1.474970e+07	1.478060e+07	1.476376e+07	1.477454e+07	1.477340e+07	1.476884e+07	1.475752e+07	1.475338e+07	1.475092e+07	1.474822e+07	1.474002e+07	1.472104e+07	1.474676e+07	1.476570e+07	1.478646e+07	1.478990e+07	1.478564e+07	1.477666e+07	1.477890e+07	1.476678e+07	1.476190e+07	1.475378e+07	1.475514e+07	1.474038e+07	1.474586e+07	1.475038e+07	1.473798e+07	1.475162e+07	1.478958e+07	1.478354e+07	1.478190e+07	1.477354e+07	1.476748e+07	1.474722e+07	1.472522e+07	1.475058e+07	1.476580e+07	1.477146e+07	1.475574e+07	1.476540e+07	1.479278e+07	1.477114e+07	1.476842e+07	1.477554e+07	1.478588e+07	1.478376e+07	1.478076e+07	1.479242e+07	1.477000e+07	1.476862e+07	1.478744e+07	1.478184e+07	1.478054e+07	1.477924e+07	1.478784e+07	1.477134e+07	1.475534e+07	1.477838e+07	1.477956e+07	1.478572e+07	1.478100e+07	1.479564e+07	1.476510e+07	1.476752e+07	1.479128e+07	1.478582e+07	1.477858e+07	1.477762e+07	1.477652e+07	1.478668e+07	1.477782e+07	1.479390e+07	1.477792e+07	1.477292e+07	1.477600e+07	1.477420e+07	1.478626e+07
1.480210e+07	1.478778e+07	1.479104e+07	1.480446e+07	1.480306e+07	1.481964e+07	1.478644e+07	1.480072e+07	1.478870e+07	1.480150e+07	1.479170e+07	1.479238e+07	1.478624e+07	1.479644e+07	1.479812e+07	1.479374e+07	1.480634e+07	1.482390e+07	1.480924e+07	1.479348e+07	1.480066e+07	1.481296e+07	1.481136e+07	1.480890e+07	1.479886e+07	1.480164e+07	1.479712e+07	1.480896e+07	1.480498e+07	1.480302e+07	1.479520e+07	1.479878e+07	1.481108e+07	1.478844e+07	1.478464e+07	1.479968e+07	1.479894e+07	1.479414e+07	1.476272e+07	1.476794e+07	1.477344e+07	1.477614e+07	1.474466e+07	1.476206e+07	1.475030e+07	1.477672e+07	1.478314e+07	1.479196e+07	1.479650e+07	1.479268e+07	1.477858e+07	1.476932e+07	1.475994e+07	1.475660e+07	1.475912e+07	1.474890e+07	1.477282e+07	1.478050e+07	1.480266e+07	1.478308e+07	1.479438e+07	1.478624e+07	1.478632e+07	1.479770e+07	1.478734e+07	1.475120e+07	1.476788e+07	1.475398e+07	1.478590e+07	1.476092e+07	1.475564e+07	1.476640e+07	1.480144e+07	1.478804e+07	1.478286e+07	1.478406e+07	1.479174e+07	1.476248e+07	1.474260e+07	1.475406e+07	1.477004e+07	1.476456e+07	1.477016e+07	1.476890e+07	1.478458e+07	1.478370e+07	1.478528e+07	1.480898e+07	1.479666e+07	1.478904e+07	1.477504e+07	1.479204e+07	1.479036e+07	1.481150e+07	1.480636e+07	1.477946e+07	1.478972e+07	1.477970e+07	1.477580e+07	1.480720e+07	1.479528e+07	1.479058e+07	1.479304e+07	1.480948e+07	1.480292e+07	1.478222e+07	1.480114e+07	1.479438e+07	1.479612e+07	1.477732e+07	1.478996e+07	1.477730e+07	1.479840e+07	1.478088e+07	1.478300e+07	1.479266e+07	1.478902e+07	1.479222e+07	1.478290e+07	1.479354e+07	1.479148e+07
1.481632e+07	1.480678e+07	1.480676e+07	1.479310e+07	1.479700e+07	1.480654e+07	1.480064e+07	1.480060e+07	1.479520e+07	1.480482e+07	1.480182e+07	1.480406e+07	1.481346e+07	1.480648e+07	1.480630e+07	1.479862e+07	1.480084e+07	1.480674e+07	1.480178e+07	1.479460e+07	1.479822e+07	1.479752e+07	1.480198e+07	1.480280e+07	1.479958e+07	1.478716e+07	1.479196e+07	1.479466e+07	1.480932e+07	1.480504e+07	1.478908e+07	1.481176e+07	1.480632e+07	1.478346e+07	1.478616e+07	1.479234e+07	1.478912e+07	1.479630e+07	1.478386e+07	1.476204e+07	1.475860e+07	1.479078e+07	1.476754e+07	1.475170e+07	1.475340e+07	1.479538e+07	1.479190e+07	1.478350e+07	1.478120e+07	1.477916e+07	1.479348e+07	1.476188e+07	1.475990e+07	1.473986e+07	1.473674e+07	1.476604e+07	1.477116e+07	1.477626e+07	1.478928e+07	1.479976e+07	1.480184e+07	1.480532e+07	1.481128e+07	1.480112e+07	1.478076e+07	1.476280e+07	1.475466e+07	1.475900e+07	1.476454e+07	1.477410e+07	1.475296e+07	1.476354e+07	1.477994e+07	1.479560e+07	1.478198e+07	1.478832e+07	1.477472e+07	1.475872e+07	1.476128e+07	1.475774e+07	1.477522e+07	1.478328e+07	1.478752e+07	1.478426e+07	1.479134e+07	1.479498e+07	1.479638e+07	1.478744e+07	1.479374e+07	1.479164e+07	1.478724e+07	1.479384e+07	1.478462e+07	1.480040e+07	1.479916e+07	1.478418e+07	1.481802e+07	1.480944e+07	1.479768e+07	1.479344e+07	1.478948e+07	1.479234e+07	1.479320e+07	1.479302e+07	1.481678e+07	1.481798e+07	1.481088e+07	1.480538e+07	1.480520e+07	1.481454e+07	1.479948e+07	1.481450e+07	1.478768e+07	1.481488e+07	1.479466e+07	1.481638e+07	1.478880e+07	1.480780e+07	1.479750e+07	1.480158e+07	1.479546e+07
1.479628e+07	1.480332e+07	1.481058e+07	1.481692e+07	1.480776e+07	1.481194e+07	1.481710e+07	1.481656e+07	1.480758e+07	1.480790e+07	1.481090e+07	1.479440e+07	1.480498e+07	1.481196e+07	1.480288e+07	1.481054e+07	1.481146e+07	1.479744e+07	1.480958e+07	1.480306e+07	1.480844e+07	1.480530e+07	1.482608e+07	1.479648e+07	1.480938e+07	1.480540e+07	1.481270e+07	1.481806e+07	1.481994e+07	1.480880e+07	1.481522e+07	1.482958e+07	1.481080e+07	1.481102e+07	1.480598e+07	1.481646e+07	1.481184e+07	1.479282e+07	1.478306e+07	1.478032e+07	1.478166e+07	1.479452e+07	1.478688e+07	1.476596e+07	1.476744e+07	1.480522e+07	1.479364e+07	1.479864e+07	1.481390e+07	1.478496e+07	1.478268e+07	1.476394e+07	1.477224e+07	1.476344e+07	1.476558e+07	1.476380e+07	1.476846e+07	1.478928e+07	1.479782e+07	1.479602e+07	1.480900e+07	1.480254e+07	1.480946e+07	1.479722e+07	1.478314e+07	1.476636e+07	1.477704e+07	1.476866e+07	1.476812e+07	1.477074e+07	1.477454e+07	1.478114e+07	1.477908e+07	1.479942e+07	1.478930e+07	1.478620e+07	1.478028e+07	1.476564e+07	1.476306e+07	1.476582e+07	1.477340e+07	1.477626e+07	1.478516e+07	1.479296e+07	1.480036e+07	1.479746e+07	1.479914e+07	1.480430e+07	1.481138e+07	1.481230e+07	1.480660e+07	1.481092e+07	1.481852e+07	1.479092e+07	1.480766e+07	1.479812e+07	1.480710e+07	1.479670e+07	1.479568e+07	1.481224e+07	1.479054e+07	1.480870e+07	1.481336e+07	1.480334e+07	1.479772e+07	1.481366e+07	1.482110e+07	1.481486e+07	1.480414e+07	1.481828e+07	1.480490e+07	1.479660e+07	1.480476e+07	1.480840e+07	1.478618e+07	1.478934e+07	1.481078e+07	1.479864e+07	1.481238e+07	1.479652e+07	1.481094e+07
1.483094e+07	1.483496e+07	1.481940e+07	1.482730e+07	1.482436e+07	1.480764e+07	1.481660e+07	1.481288e+07	1.482978e+07	1.481712e+07	1.481408e+07	1.482700e+07	1.483136e+07	1.481544e+07	1.482436e+07	1.481838e+07	1.481414e+07	1.484072e+07	1.482722e+07	1.483770e+07	1.482422e+07	1.482276e+07	1.482862e+07	1.482264e+07	1.482800e+07	1.483958e+07	1.482912e+07	1.482582e+07	1.484716e+07	1.482640e+07	1.482794e+07	1.483532e+07	1.484006e+07	1.482488e+07	1.481364e+07	1.480958e+07	1.481592e+07	1.481646e+07	1.479168e+07	1.479560e+07	1.480026e+07	1.479942e+07	1.477924e+07	1.477118e+07	1.478708e+07	1.480654e+07	1.480946e+07	1.480438e+07	1.482682e+07	1.481054e+07	1.479464e+07	1.478496e+07	1.478486e+07	1.479294e+07	1.476760e+07	1.477088e+07	1.476938e+07	1.480202e+07	1.479872e+07	1.481486e+07	1.480524e+07	1.480744e+07	1.481630e+07	1.482632e+07	1.481038e+07	1.478404e+07	1.478898e+07	1.478042e+07	1.479406e+07	1.476120e+07	1.479250e+07	1.476750e+07	1.480498e+07	1.481366e+07	1.482602e+07	1.478896e+07	1.478372e+07	1.476180e+07	1.475524e+07	1.476598e+07	1.479040e+07	1.479674e+07	1.480986e+07	1.479048e+07	1.481202e+07	1.481612e+07	1.481454e+07	1.479690e+07	1.482040e+07	1.480600e+07	1.481296e+07	1.481628e+07	1.481510e+07	1.480810e+07	1.481708e+07	1.481896e+07	1.481574e+07	1.481280e+07	1.481712e+07	1.481802e+07	1.482646e+07	1.481020e+07	1.481564e+07	1.481392e+07	1.481314e+07	1.481100e+07	1.482080e+07	1.480722e+07	1.481584e+07	1.480920e+07	1.480352e+07	1.482166e+07	1.480568e+07	1.480096e+07	1.480584e+07	1.481048e+07	1.480048e+07	1.482552e+07	1.480212e+07	1.481250e+07	1.480770e+07
1.483992e+07	1.483470e+07	1.483466e+07	1.484832e+07	1.485102e+07	1.483940e+07	1.483390e+07	1.483726e+07	1.484534e+07	1.484686e+07	1.483768e+07	1.484174e+07	1.483502e+07	1.483832e+07	1.484050e+07	1.485106e+07	1.483216e+07	1.482398e+07	1.484398e+07	1.484404e+07	1.483344e+07	1.483758e+07	1.482316e+07	1.484606e+07	1.484550e+07	1.483004e+07	1.483102e+07	1.481406e+07	1.482634e+07	1.482492e+07	1.482492e+07	1.484112e+07	1.482618e+07	1.481958e+07	1.484782e+07	1.483402e+07	1.483332e+07	1.482764e+07	1.479104e+07	1.479068e+07	1.479596e+07	1.481584e+07	1.479980e+07	1.479894e+07	1.479370e+07	1.480858e+07	1.482416e+07	1.481170e+07	1.482802e+07	1.482112e+07	1.481082e+07	1.479940e+07	1.480586e+07	1.479030e+07	1.479738e+07	1.477394e+07	1.478024e+07	1.480412e+07	1.481900e+07	1.482904e+07	1.482996e+07	1.484094e+07	1.483500e+07	1.484216e+07	1.481182e+07	1.478132e+07	1.477106e+07	1.479816e+07	1.480880e+07	1.478932e+07	1.479438e+07	1.480288e+07	1.483382e+07	1.481468e+07	1.482050e+07	1.480258e+07	1.480722e+07	1.476550e+07	1.477204e+07	1.478916e+07	1.479666e+07	1.479324e+07	1.480208e+07	1.479978e+07	1.482506e+07	1.482208e+07	1.480394e+07	1.481208e+07	1.482778e+07	1.482388e+07	1.481576e+07	1.480910e+07	1.482902e+07	1.481562e+07	1.482514e+07	1.481620e+07	1.481582e+07	1.481530e+07	1.482094e+07	1.481470e+07	1.482724e+07	1.481926e+07	1.483164e+07	1.481426e+07	1.482646e+07	1.482416e+07	1.482028e+07	1.483240e+07	1.483314e+07	1.482940e+07	1.481874e+07	1.481974e+07	1.480656e+07	1.482056e+07	1.482408e+07	1.483830e+07	1.483390e+07	1.483112e+07	1.482452e+07	1.482718e+07	1.482654e+07
1.488720e+07	1.486160e+07	1.487184e+07	1.487822e+07	1.488198e+07	1.487226e+07	1.487990e+07	1.485494e+07	1.485834e+07	1.487330e+07	1.486078e+07	1.487778e+07	1.488006e+07	1.488190e+07	1.487604e+07	1.488192e+07	1.488474e+07	1.487428e+07	1.488410e+07	1.488636e+07	1.485848e+07	1.488534e+07	1.487696e+07	1.488712e+07	1.487264e+07	1.487998e+07	1.488688e+07	1.488314e+07	1.487736e+07	1.487552e+07	1.488096e+07	1.487406e+07	1.487276e+07	1.487116e+07	1.486254e+07	1.488180e+07	1.486432e+07	1.487308e+07	1.484630e+07	1.483506e+07	1.484630e+07	1.483812e+07	1.482336e+07	1.481308e+07	1.482120e+07	1.485198e+07	1.485418e+07	1.485950e+07	1.486800e+07	1.486260e+07	1.483528e+07	1.482198e+07	1.482444e+07	1.481820e+07	1.480384e+07	1.479838e+07	1.481534e+07	1.484718e+07	1.484848e+07	1.485818e+07	1.483382e+07	1.484746e+07	1.485096e+07	1.485914e+07	1.483380e+07	1.482960e+07	1.482670e+07	1.481230e+07	1.483488e+07	1.480622e+07	1.482000e+07	1.482404e+07	1.483396e+07	1.483712e+07	1.484548e+07	1.485100e+07	1.483436e+07	1.480240e+07	1.481188e+07	1.479614e+07	1.481944e+07	1.483072e+07	1.482404e+07	1.483736e+07	1.484206e+07	1.485470e+07	1.485776e+07	1.484698e+07	1.484418e+07	1.485422e+07	1.483810e+07	1.485706e+07	1.483448e+07	1.485312e+07	1.484626e+07	1.483878e+07	1.483588e+07	1.484532e+07	1.484682e+07	1.484168e+07	1.485030e+07	1.483750e+07	1.484076e+07	1.483478e+07	1.484518e+07	1.484880e+07	1.484344e+07	1.485148e+07	1.483544e+07	1.485084e+07	1.484262e+07	1.484686e+07	1.484480e+07	1.484082e+07	1.485222e+07	1.483312e+07	1.485448e+07	1.485468e+07	1.484456e+07	1.485648e+07	1.483918e+07
1.492680e+07	1.494212e+07	1.490842e+07	1.491296e+07	1.493450e+07	1.493230e+07	1.496758e+07	1.490364e+07	1.491336e+07	1.490770e+07	1.492234e+07	1.498028e+07	1.492772e+07	1.491320e+07	1.490948e+07	1.491936e+07	1.491578e+07	1.491172e+07	1.495790e+07	1.491524e+07	1.494040e+07	1.491532e+07	1.491586e+07	1.492726e+07	1.492554e+07	1.491162e+07	1.492806e+07	1.490896e+07	1.491786e+07	1.490488e+07	1.489668e+07	1.492036e+07	1.491240e+07	1.491380e+07	1.492340e+07	1.491146e+07	1.491268e+07	1.491062e+07	1.488456e+07	1.490362e+07	1.489380e+07	1.488278e+07	1.488174e+07	1.486684e+07	1.488638e+07	1.489328e+07	1.492690e+07	1.490478e+07	1.489852e+07	1.490620e+07	1.489316e+07	1.489592e+07	1.489966e+07	1.489508e+07	1.486706e+07	1.485846e+07	1.485112e+07	1.487656e+07	1.488602e+07	1.487858e+07	1.488494e+07	1.488420e+07	1.487650e+07	1.487040e+07	1.487550e+07	1.484272e+07	1.485234e+07	1.484674e+07	1.486220e+07	1.485188e+07	1.484404e+07	1.486994e+07	1.486622e+07	1.486742e+07	1.486768e+07	1.487058e+07	1.485872e+07	1.482190e+07	1.484012e+07	1.484638e+07	1.484664e+07	1.484694e+07	1.485570e+07	1.485588e+07	1.487358e+07	1.487858e+07	1.486452e+07	1.488450e+07	1.488016e+07	1.487358e+07	1.487732e+07	1.488012e+07	1.487486e+07	1.486778e+07	1.488340e+07	1.487094e+07	1.487002e+07	1.487740e+07	1.489272e+07	1.488002e+07	1.487256e+07	1.486918e+07	1.486582e+07	1.488156e+07	1.486822e+07	1.489568e+07	1.489376e+07	1.488712e+07	1.489230e+07	1.488796e+07	1.487940e+07	1.487064e+07	1.488038e+07	1.488044e+07	1.487590e+07	1.487736e+07	1.488714e+07	1.487782e+07	1.486836e+07	1.486926e+07	1.488534e+07
1.486950e+07	1.485612e+07	1.486022e+07	1.485098e+07	1.485030e+07	1.485710e+07	1.485812e+07	1.485696e+07	1.485982e+07	1.485424e+07	1.484416e+07	1.486858e+07	1.486858e+07	1.485252e+07	1.485158e+07	1.484478e+07	1.486276e+07	1.485156e+07	1.485334e+07	1.485774e+07	1.484774e+07	1.486824e+07	1.484134e+07	1.485752e+07	1.486102e+07	1.484952e+07	1.484334e+07	1.485386e+07	1.486328e+07	1.484332e+07	1.486478e+07	1.484782e+07	1.485456e+07	1.485648e+07	1.486180e+07	1.486088e+07	1.485640e+07	1.485396e+07	1.483210e+07	1.483388e+07	1.483350e+07	1.484306e+07	1.484204e+07	1.482560e+07	1.482770e+07	1.485456e+07	1.486318e+07	1.485474e+07	1.486200e+07	1.486058e+07	1.485158e+07	1.483796e+07	1.483744e+07	1.483018e+07	1.482288e+07	1.483800e+07	1.483456e+07	1.485882e+07	1.485688e+07	1.487256e+07	1.488012e+07	1.486450e+07	1.487288e+07	1.485722e+07	1.486914e+07	1.483476e+07	1.484290e+07	1.483920e+07	1.486116e+07	1.484506e+07	1.485354e+07	1.483730e+07	1.486814e+07	1.488606e+07	1.492650e+07	1.491868e+07	1.490458e+07	1.487286e+07	1.486768e+07	1.488010e+07	1.489212e+07	1.488470e+07	1.489912e+07	1.491254e+07	1.492074e+07	1.492538e+07	1.494670e+07	1.494092e+07	1.492044e+07	1.497566e+07	1.495470e+07	1.495118e+07	1.495104e+07	1.494788e+07	1.495368e+07	1.500630e+07	1.497758e+07	1.495540e+07	1.497482e+07	1.502524e+07	1.499572e+07	1.494076e+07	1.493486e+07	1.495864e+07	1.499160e+07	1.499352e+07	1.496012e+07	1.494336e+07	1.493864e+07	1.499046e+07	1.500304e+07	1.499466e+07	1.502566e+07	1.501140e+07	1.502462e+07	1.493896e+07	1.494964e+07	1.495492e+07	1.493350e+07	1.492710e+07	1.491124e+07
1.482198e+07	1.482236e+07	1.482286e+07	1.482286e+07	1.481712e+07	1.481974e+07	1.480566e+07	1.481178e+07	1.483084e+07	1.481222e+07	1.480946e+07	1.480880e+07	1.481288e+07	1.482428e+07	1.482118e+07	1.482550e+07	1.482192e+07	1.481442e+07	1.481084e+07	1.482046e+07	1.481828e+07	1.481334e+07	1.482038e+07	1.481662e+07	1.481348e+07	1.479810e+07	1.481668e+07	1.481124e+07	1.481530e+07	1.482222e+07	1.481078e+07	1.482978e+07	1.481590e+07	1.480742e+07	1.481540e+07	1.480260e+07	1.481120e+07	1.479438e+07	1.479062e+07	1.478444e+07	1.477600e+07	1.479222e+07	1.477920e+07	1.477994e+07	1.477960e+07	1.479066e+07	1.480984e+07	1.481670e+07	1.480650e+07	1.481044e+07	1.479974e+07	1.478480e+07	1.479414e+07	1.477126e+07	1.474832e+07	1.475522e+07	1.477356e+07	1.479274e+07	1.481856e+07	1.482594e+07	1.481538e+07	1.479916e+07	1.481542e+07	1.480276e+07	1.480422e+07	1.478380e+07	1.477758e+07	1.478898e+07	1.478544e+07	1.478580e+07	1.476808e+07	1.477278e+07	1.480254e+07	1.482428e+07	1.480480e+07	1.481828e+07	1.479084e+07	1.477940e+07	1.478364e+07	1.475554e+07	1.479084e+07	1.479706e+07	1.479506e+07	1.480778e+07	1.481042e+07	1.481308e+07	1.482688e+07	1.481094e+07	1.481510e+07	1.481242e+07	1.481840e+07	1.482360e+07	1.483348e+07	1.482140e+07	1.482112e+07	1.481202e+07	1.484212e+07	1.484286e+07	1.482736e+07	1.482944e+07	1.483468e+07	1.484888e+07	1.484674e+07	1.484604e+07	1.484058e+07	1.485220e+07	1.484052e+07	1.485784e+07	1.486044e+07	1.485800e+07	1.486792e+07	1.484508e+07	1.485410e+07	1.486104e+07	1.486860e+07	1.484400e+07	1.485222e+07	1.485200e+07	1.485242e+07	1.484462e+07	1.484360e+07
1.494624e+07	1.490630e+07	1.492216e+07	1.492260e+07	1.492276e+07	1.492872e+07	1.492234e+07	1.491792e+07	1.492804e+07	1.491744e+07	1.494528e+07	1.493100e+07	1.493954e+07	1.492646e+07	1.492038e+07	1.491154e+07	1.492208e+07	1.492736e+07	1.493924e+07	1.494306e+07	1.492998e+07	1.492502e+07	1.491994e+07	1.491696e+07	1.493624e+07	1.491326e+07	1.492030e+07	1.492764e+07	1.493348e+07	1.492562e+07	1.492504e+07	1.493324e+07	1.492540e+07	1.493198e+07	1.492806e+07	1.492324e+07	1.493410e+07	1.491258e+07	1.489746e+07	1.490236e+07	1.490110e+07	1.494056e+07	1.492804e+07	1.490026e+07	1.481732e+07	1.487436e+07	1.492446e+07	1.496556e+07	1.495826e+07	1.493610e+07	1.489456e+07	1.488290e+07	1.489048e+07	1.489554e+07	1.487678e+07	1.487490e+07	1.490436e+07	1.496472e+07	1.496970e+07	1.495528e+07	1.491696e+07	1.493188e+07	1.500970e+07	1.501788e+07	1.495968e+07	1.489408e+07	1.487216e+07	1.486082e+07	1.488354e+07	1.490212e+07	1.488438e+07	1.489310e+07	1.491938e+07	1.491184e+07	1.492872e+07	1.492440e+07	1.490714e+07	1.489474e+07	1.486982e+07	1.489668e+07	1.491036e+07	1.490434e+07	1.487076e+07	1.483350e+07	1.485268e+07	1.487650e+07	1.487034e+07	1.486896e+07	1.486154e+07	1.485014e+07	1.484048e+07	1.484522e+07	1.484170e+07	1.483440e+07	1.482252e+07	1.481696e+07	1.481444e+07	1.482740e+07	1.482270e+07	1.481042e+07	1.482076e+07	1.482908e+07	1.481154e+07	1.482400e+07	1.479862e+07	1.481854e+07	1.480108e+07	1.482646e+07	1.480282e+07	1.481888e+07	1.480380e+07	1.481786e+07	1.480948e+07	1.482050e+07	1.481560e+07	1.481016e+07	1.481998e+07	1.480486e+07	1.480228e+07	1.479674e+07	1.481242e+07
1.488212e+07	1.487618e+07	1.488622e+07	1.487814e+07	1.488388e+07	1.487420e+07	1.489022e+07	1.487308e+07	1.487322e+07	1.489112e+07	1.489378e+07	1.489040e+07	1.486106e+07	1.489348e+07	1.492776e+07	1.492644e+07	1.492480e+07	1.489798e+07	1.492638e+07	1.491492e+07	1.488126e+07	1.491702e+07	1.490364e+07	1.491102e+07	1.490526e+07	1.491022e+07	1.490712e+07	1.492102e+07	1.492470e+07	1.493064e+07	1.492632e+07	1.491728e+07	1.491992e+07	1.491862e+07	1.490628e+07	1.491910e+07	1.491554e+07	1.490932e+07	1.489408e+07	1.490396e+07	1.490894e+07	1.491410e+07	1.489708e+07	1.489224e+07	1.490056e+07	1.490396e+07	1.491204e+07	1.491610e+07	1.491830e+07	1.494998e+07	1.494338e+07	1.492210e+07	1.491440e+07	1.492356e+07	1.490268e+07	1.490442e+07	1.487258e+07	1.489448e+07	1.491348e+07	1.490738e+07	1.489304e+07	1.490572e+07	1.492198e+07	1.490662e+07	1.491144e+07	1.487108e+07	1.486618e+07	1.486744e+07	1.488792e+07	1.488830e+07	1.488236e+07	1.489766e+07	1.490460e+07	1.490100e+07	1.490286e+07	1.490440e+07	1.489328e+07	1.487592e+07	1.486764e+07	1.489656e+07	1.490160e+07	1.489574e+07	1.490926e+07	1.490780e+07	1.492022e+07	1.491290e+07	1.491870e+07	1.492572e+07	1.494040e+07	1.493056e+07	1.494592e+07	1.493104e+07	1.491890e+07	1.491490e+07	1.492278e+07	1.491224e+07	1.493568e+07	1.491832e+07	1.491172e+07	1.489012e+07	1.489878e+07	1.490960e+07	1.489428e+07	1.490224e+07	1.489770e+07	1.487878e+07	1.487300e+07	1.487854e+07	1.488920e+07	1.488084e+07	1.490090e+07	1.489868e+07	1.489318e+07	1.489304e+07	1.489856e+07	1.490906e+07	1.489298e+07	1.490718e+07	1.489500e+07	1.488930e+07	1.490336e+07
1.503154e+07	1.503044e+07	1.506586e+07	1.509218e+07	1.506564e+07	1.506998e+07	1.506370e+07	1.506804e+07	1.507124e+07	1.505726e+07	1.506828e+07	1.507046e+07	1.508310e+07	1.508026e+07	1.506074e+07	1.506008e+07	1.506958e+07	1.506898e+07	1.505386e+07	1.506570e+07	1.506220e+07	1.509302e+07	1.507058e+07	1.510154e+07	1.510134e+07	1.510952e+07	1.507122e+07	1.501822e+07	1.500924e+07	1.500210e+07	1.498192e+07	1.499778e+07	1.500458e+07	1.497538e+07	1.491580e+07	1.489420e+07	1.487920e+07	1.488968e+07	1.483912e+07	1.485406e+07	1.484306e+07	1.486068e+07	1.485576e+07	1.482922e+07	1.483584e+07	1.485928e+07	1.487872e+07	1.485920e+07	1.486506e+07	1.487762e+07	1.486062e+07	1.484762e+07	1.485090e+07	1.484192e+07	1.483352e+07	1.484908e+07	1.482982e+07	1.485982e+07	1.487198e+07	1.487674e+07	1.488014e+07	1.486534e+07	1.488720e+07	1.487586e+07	1.486992e+07	1.486400e+07	1.482626e+07	1.483752e+07	1.486602e+07	1.485344e+07	1.484614e+07	1.485146e+07	1.487380e+07	1.486964e+07	1.487970e+07	1.488448e+07	1.486060e+07	1.483584e+07	1.483112e+07	1.482510e+07	1.485354e+07	1.485560e+07	1.486984e+07	1.487080e+07	1.487634e+07	1.487116e+07	1.487804e+07	1.487248e+07	1.487070e+07	1.488032e+07	1.487198e+07	1.487614e+07	1.488414e+07	1.487872e+07	1.488632e+07	1.486860e+07	1.487280e+07	1.489176e+07	1.489246e+07	1.488700e+07	1.487014e+07	1.486702e+07	1.487926e+07	1.488132e+07	1.489110e+07	1.488014e+07	1.488482e+07	1.486608e+07	1.488528e+07	1.489264e+07	1.487664e+07	1.488012e+07	1.487572e+07	1.488860e+07	1.488188e+07	1.487888e+07	1.488908e+07	1.488256e+07	1.486932e+07	1.488802e+07	1.488070e+07
1.482492e+07	1.482968e+07	1.481930e+07	1.482020e+07	1.480640e+07	1.481506e+07	1.482052e+07	1.482230e+07	1.481506e+07	1.480820e+07	1.481036e+07	1.482514e+07	1.481430e+07	1.481320e+07	1.480316e+07	1.481628e+07	1.481060e+07	1.481096e+07	1.481184e+07	1.482662e+07	1.482966e+07	1.480826e+07	1.481490e+07	1.482432e+07	1.481292e+07	1.481874e+07	1.480670e+07	1.481842e+07	1.481358e+07	1.481324e+07	1.481434e+07	1.482632e+07	1.481900e+07	1.481034e+07	1.482458e+07	1.481712e+07	1.481776e+07	1.480796e+07	1.477588e+07	1.479826e+07	1.479372e+07	1.479986e+07	1.477416e+07	1.476642e+07	1.479130e+07	1.479854e+07	1.479302e+07	1.480686e+07	1.479456e+07	1.482070e+07	1.479892e+07	1.479524e+07	1.479442e+07	1.477882e+07	1.477944e+07	1.476180e+07	1.478574e+07	1.479900e+07	1.481164e+07	1.480460e+07	1.482268e+07	1.482736e+07	1.481824e+07	1.482276e+07	1.482428e+07	1.480200e+07	1.479998e+07	1.478778e+07	1.480238e+07	1.480646e+07	1.481562e+07	1.480358e+07	1.482684e+07	1.482590e+07	1.483118e+07	1.483182e+07	1.483340e+07	1.485158e+07	1.494166e+07	1.493624e+07	1.504252e+07	1.503004e+07	1.489442e+07	1.489818e+07	1.491860e+07	1.491594e+07	1.492084e+07	1.498066e+07	1.496176e+07	1.494510e+07	1.493944e+07	1.490028e+07	1.495214e+07	1.493312e+07	1.493766e+07	1.490308e+07	1.496880e+07	1.493674e+07	1.495664e+07	1.499214e+07	1.495496e+07	1.498264e+07	1.501036e+07	1.500684e+07	1.500114e+07	1.495740e+07	1.499390e+07	1.497852e+07	1.493276e+07	1.490396e+07	1.496510e+07	1.499368e+07	1.502724e+07	1.501718e+07	1.501550e+07	1.501666e+07	1.505024e+07	1.508122e+07	1.503290e+07	1.505844e+07	1.500302e+07
1.497248e+07	1.498054e+07	1.483784e+07	1.482676e+07	1.482394e+07	1.482502e+07	1.483836e+07	1.483650e+07	1.482398e+07	1.484002e+07	1.483150e+07	1.483992e+07	1.482696e+07	1.482518e+07	1.483288e+07	1.484000e+07	1.482282e+07	1.483548e+07	1.484864e+07	1.483090e+07	1.481792e+07	1.481554e+07	1.482944e+07	1.483952e+07	1.483942e+07	1.484728e+07	1.485302e+07	1.483448e+07	1.482842e+07	1.483058e+07	1.484878e+07	1.483572e+07	1.483388e+07	1.482806e+07	1.483060e+07	1.481974e+07	1.482240e+07	1.482080e+07	1.479178e+07	1.480610e+07	1.479590e+07	1.481220e+07	1.477762e+07	1.478316e+07	1.478940e+07	1.480734e+07	1.482286e+07	1.479994e+07	1.481868e+07	1.480708e+07	1.479374e+07	1.478792e+07	1.478976e+07	1.478272e+07	1.476790e+07	1.478022e+07	1.479388e+07	1.479678e+07	1.483716e+07	1.482548e+07	1.482672e+07	1.481312e+07	1.482170e+07	1.480910e+07	1.481822e+07	1.479230e+07	1.478172e+07	1.477840e+07	1.478642e+07	1.477848e+07	1.478404e+07	1.479408e+07	1.480572e+07	1.481450e+07	1.480902e+07	1.481030e+07	1.480676e+07	1.478148e+07	1.478110e+07	1.475146e+07	1.478842e+07	1.479946e+07	1.480590e+07	1.480252e+07	1.482040e+07	1.481420e+07	1.482076e+07	1.481974e+07	1.481756e+07	1.481356e+07	1.481886e+07	1.481676e+07	1.484066e+07	1.481582e+07	1.481474e+07	1.482766e+07	1.480998e+07	1.483138e+07	1.483230e+07	1.482488e+07	1.482396e+07	1.480842e+07	1.481742e+07	1.482680e+07	1.481096e+07	1.481374e+07	1.481876e+07	1.482404e+07	1.482548e+07	1.482868e+07	1.483854e+07	1.482772e+07	1.482664e+07	1.480508e+07	1.482578e+07	1.482142e+07	1.481710e+07	1.481994e+07	1.483252e+07	1.481062e+07	1.482484e+07
1.474570e+07	1.475782e+07	1.475486e+07	1.474058e+07	1.473762e+07	1.473968e+07	1.474994e+07	1.474736e+07	1.472424e+07	1.473740e+07	1.476118e+07	1.476490e+07	1.474742e+07	1.475564e+07	1.474108e+07	1.476366e+07	1.476060e+07	1.474454e+07	1.476430e+07	1.476192e+07	1.478008e+07	1.477484e+07	1.474774e+07	1.477116e+07	1.475690e+07	1.474880e+07	1.475824e+07	1.476516e+07	1.477970e+07	1.475428e+07	1.476942e+07	1.475444e+07	1.475818e+07	1.477298e+07	1.476890e+07	1.476694e+07	1.476170e+07	1.475636e+07	1.473410e+07	1.473632e+07	1.472656e+07	1.474214e+07	1.471668e+07	1.472254e+07	1.471540e+07	1.475324e+07	1.476372e+07	1.476636e+07	1.475536e+07	1.475316e+07	1.473774e+07	1.473952e+07	1.473782e+07	1.473572e+07	1.472854e+07	1.472714e+07	1.473158e+07	1.474576e+07	1.475496e+07	1.476158e+07	1.476618e+07	1.476872e+07	1.478586e+07	1.477004e+07	1.477766e+07	1.474126e+07	1.474046e+07	1.474592e+07	1.475276e+07	1.474292e+07	1.476470e+07	1.476764e+07	1.477482e+07	1.478046e+07	1.479858e+07	1.478070e+07	1.478450e+07	1.475446e+07	1.475440e+07	1.475824e+07	1.477804e+07	1.477788e+07	1.479062e+07	1.479540e+07	1.479740e+07	1.481594e+07	1.481192e+07	1.480874e+07	1.480698e+07	1.482858e+07	1.483562e+07	1.486992e+07	1.491682e+07	1.489646e+07	1.490332e+07	1.490344e+07	1.490038e+07	1.490246e+07	1.489708e+07	1.492308e+07	1.490258e+07	1.489918e+07	1.490636e+07	1.489340e+07	1.488436e+07	1.488286e+07	1.488264e+07	1.487794e+07	1.487516e+07	1.487056e+07	1.488932e+07	1.488146e+07	1.487970e+07	1.488844e+07	1.488974e+07	1.487676e+07	1.489292e+07	1.487534e+07	1.489942e+07	1.489622e+07	1.492038e+07
1.472410e+07	1.473514e+07	1.471394e+07	1.472834e+07	1.471828e+07	1.472926e+07	1.472954e+07	1.471846e+07	1.473540e+07	1.472560e+07	1.471398e+07	1.472370e+07	1.473010e+07	1.474148e+07	1.474084e+07	1.472418e+07	1.473048e+07	1.471262e+07	1.472162e+07	1.473708e+07	1.472304e+07	1.472024e+07	1.472870e+07	1.472086e+07	1.473134e+07	1.474066e+07	1.472530e+07	1.473278e+07	1.473844e+07	1.473522e+07	1.472730e+07	1.473728e+07	1.472064e+07	1.473078e+07	1.472478e+07	1.473180e+07	1.472562e+07	1.471500e+07	1.469902e+07	1.470224e+07	1.469702e+07	1.469746e+07	1.466962e+07	1.469406e+07	1.468204e+07	1.471434e+07	1.473642e+07	1.472252e+07	1.472370e+07	1.471452e+07	1.472516e+07	1.469190e+07	1.469722e+07	1.469674e+07	1.468662e+07	1.467286e+07	1.467582e+07	1.471434e+07	1.471944e+07	1.473594e+07	1.473008e+07	1.474914e+07	1.472904e+07	1.473364e+07	1.470994e+07	1.470404e+07	1.468230e+07	1.469442e+07	1.469318e+07	1.469692e+07	1.470178e+07	1.469730e+07	1.473054e+07	1.471222e+07	1.473066e+07	1.472170e+07	1.472388e+07	1.469318e+07	1.468300e+07	1.469350e+07	1.470944e+07	1.471314e+07	1.471220e+07	1.470402e+07	1.472232e+07	1.472952e+07	1.473144e+07	1.472982e+07	1.473464e+07	1.473552e+07	1.473100e+07	1.474192e+07	1.472428e+07	1.474498e+07	1.473178e+07	1.473302e+07	1.472902e+07	1.473582e+07	1.473666e+07	1.472876e+07	1.473096e+07	1.472360e+07	1.473972e+07	1.472508e+07	1.473962e+07	1.472194e+07	1.473550e+07	1.472148e+07	1.472416e+07	1.473470e+07	1.472876e+07	1.472994e+07	1.473508e+07	1.473342e+07	1.472886e+07	1.472998e+07	1.473354e+07	1.473536e+07	1.474130e+07	1.474564e+07	1.474936e+07
1.470256e+07	1.469716e+07	1.467992e+07	1.469274e+07	1.469534e+07	1.467940e+07	1.469560e+07	1.469722e+07	1.468312e+07	1.469044e+07	1.468948e+07	1.469982e+07	1.470712e+07	1.470184e+07	1.468870e+07	1.468396e+07	1.469224e+07	1.469198e+07	1.470194e+07	1.468598e+07	1.470512e+07	1.469504e+07	1.468608e+07	1.468322e+07	1.469756e+07	1.469560e+07	1.469680e+07	1.469890e+07	1.469268e+07	1.469922e+07	1.468846e+07	1.471088e+07	1.470420e+07	1.469448e+07	1.470316e+07	1.468914e+07	1.468804e+07	1.468056e+07	1.465888e+07	1.466516e+07	1.465892e+07	1.467386e+07	1.466992e+07	1.463604e+07	1.463970e+07	1.467582e+07	1.468614e+07	1.468382e+07	1.470702e+07	1.469002e+07	1.467292e+07	1.466076e+07	1.466036e+07	1.467726e+07	1.463596e+07	1.466180e+07	1.465190e+07	1.467652e+07	1.468786e+07	1.468666e+07	1.470846e+07	1.468148e+07	1.469806e+07	1.469398e+07	1.469428e+07	1.464128e+07	1.466648e+07	1.466576e+07	1.465460e+07	1.466052e+07	1.468132e+07	1.467390e+07	1.468626e+07	1.469264e+07	1.469744e+07	1.470154e+07	1.467786e+07	1.464924e+07	1.465262e+07	1.466086e+07	1.467736e+07	1.468062e+07	1.466630e+07	1.468548e+07	1.470938e+07	1.471554e+07	1.471566e+07	1.470468e+07	1.470910e+07	1.471098e+07	1.470706e+07	1.470956e+07	1.469686e+07	1.472014e+07	1.473246e+07	1.471832e+07	1.471316e+07	1.471264e+07	1.470850e+07	1.471954e+07	1.471838e+07	1.473366e+07	1.473926e+07	1.471702e+07	1.470558e+07	1.472260e+07	1.470876e+07	1.470804e+07	1.471138e+07	1.471748e+07	1.472160e+07	1.469696e+07	1.472542e+07	1.471252e+07	1.470988e+07	1.473550e+07	1.470666e+07	1.473056e+07	1.471204e+07	1.473010e+07	1.471830e+07
1.469926e+07	1.468208e+07	1.468704e+07	1.468764e+07	1.468884e+07	1.468138e+07	1.467612e+07	1.469380e+07	1.469838e+07	1.470672e+07	1.469576e+07	1.469764e+07	1.468510e+07	1.468722e+07	1.471164e+07	1.470692e+07	1.468578e+07	1.468682e+07	1.468520e+07	1.469596e+07	1.468912e+07	1.468576e+07	1.468502e+07	1.467028e+07	1.469024e+07	1.468994e+07	1.469434e+07	1.470428e+07	1.470018e+07	1.469980e+07	1.469538e+07	1.469308e+07	1.468558e+07	1.469052e+07	1.467744e+07	1.468550e+07	1.468368e+07	1.468764e+07	1.464850e+07	1.466210e+07	1.466552e+07	1.465774e+07	1.465730e+07	1.464348e+07	1.466028e+07	1.467678e+07	1.467990e+07	1.468128e+07	1.468336e+07	1.467712e+07	1.466750e+07	1.465612e+07	1.466134e+07	1.465370e+07	1.463144e+07	1.463298e+07	1.465924e+07	1.467126e+07	1.469182e+07	1.470234e+07	1.467656e+07	1.467846e+07	1.467754e+07	1.467072e+07	1.467538e+07	1.465582e+07	1.465024e+07	1.464488e+07	1.465942e+07	1.465132e+07	1.466046e+07	1.465478e+07	1.467650e+07	1.467246e+07	1.467126e+07	1.469698e+07	1.468478e+07	1.464310e+07	1.463338e+07	1.463958e+07	1.467406e+07	1.466850e+07	1.466050e+07	1.466772e+07	1.468414e+07	1.469288e+07	1.468596e+07	1.468934e+07	1.471026e+07	1.467982e+07	1.469882e+07	1.468214e+07	1.467880e+07	1.469436e+07	1.470342e+07	1.468160e+07	1.469272e+07	1.468646e+07	1.468564e+07	1.469462e+07	1.469448e+07	1.470780e+07	1.468326e+07	1.468458e+07	1.469246e+07	1.470304e+07	1.467884e+07	1.468994e+07	1.471522e+07	1.469696e+07	1.468656e+07	1.469928e+07	1.468354e+07	1.468398e+07	1.470618e+07	1.471040e+07	1.469548e+07	1.469416e+07	1.469748e+07	1.469526e+07	1.469664e+07
1.470224e+07	1.468780e+07	1.469994e+07	1.468498e+07	1.468412e+07	1.470090e+07	1.469038e+07	1.469146e+07	1.468168e+07	1.469822e+07	1.467664e+07	1.468418e+07	1.468950e+07	1.467486e+07	1.469192e+07	1.468822e+07	1.467998e+07	1.468854e+07	1.469002e+07	1.469034e+07	1.469142e+07	1.469052e+07	1.467946e+07	1.469838e+07	1.469050e+07	1.467304e+07	1.468122e+07	1.468796e+07	1.467828e+07	1.466902e+07	1.467914e+07	1.468044e+07	1.468806e+07	1.467350e+07	1.468390e+07	1.467772e+07	1.467870e+07	1.469876e+07	1.466994e+07	1.465044e+07	1.465032e+07	1.466164e+07	1.464016e+07	1.464510e+07	1.463846e+07	1.467476e+07	1.466666e+07	1.467176e+07	1.467082e+07	1.466318e+07	1.466078e+07	1.465726e+07	1.464852e+07	1.463792e+07	1.462510e+07	1.463526e+07	1.465706e+07	1.467248e+07	1.466570e+07	1.468192e+07	1.468022e+07	1.468212e+07	1.467770e+07	1.467304e+07	1.467056e+07	1.464070e+07	1.466430e+07	1.463846e+07	1.467020e+07	1.464834e+07	1.465992e+07	1.465710e+07	1.467080e+07	1.467314e+07	1.468966e+07	1.468058e+07	1.466640e+07	1.463642e+07	1.464104e+07	1.464078e+07	1.465018e+07	1.466884e+07	1.466104e+07	1.465976e+07	1.467756e+07	1.467728e+07	1.469068e+07	1.467934e+07	1.468970e+07	1.468774e+07	1.468412e+07	1.469154e+07	1.466826e+07	1.468624e+07	1.468988e+07	1.468708e+07	1.468802e+07	1.469022e+07	1.468576e+07	1.470262e+07	1.469552e+07	1.468948e+07	1.469090e+07	1.468820e+07	1.468828e+07	1.468208e+07	1.467200e+07	1.468794e+07	1.469430e+07	1.468434e+07	1.467072e+07	1.466554e+07	1.469330e+07	1.468538e+07	1.468984e+07	1.467296e+07	1.468734e+07	1.469226e+07	1.469716e+07	1.469606e+07	1.468442e+07
1.479486e+07	1.479450e+07	1.480836e+07	1.479824e+07	1.481904e+07	1.483000e+07	1.481728e+07	1.475506e+07	1.472364e+07	1.471818e+07	1.473036e+07	1.472166e+07	1.473028e+07	1.474300e+07	1.474206e+07	1.473276e+07	1.473730e+07	1.473400e+07	1.473420e+07	1.472536e+07	1.472490e+07	1.474668e+07	1.472886e+07	1.473952e+07	1.472970e+07	1.474590e+07	1.474678e+07	1.472902e+07	1.474166e+07	1.472862e+07	1.475230e+07	1.473800e+07	1.473946e+07	1.474332e+07	1.472718e+07	1.472914e+07	1.472504e+07	1.472676e+07	1.470116e+07	1.472094e+07	1.470458e+07	1.472114e+07	1.468884e+07	1.470564e+07	1.468536e+07	1.472066e+07	1.471850e+07	1.472102e+07	1.473506e+07	1.474538e+07	1.472036e+07	1.469430e+07	1.469572e+07	1.469208e+07	1.467778e+07	1.469066e+07	1.470438e+07	1.471472e+07	1.472198e+07	1.472512e+07	1.471456e+07	1.474786e+07	1.473400e+07	1.473004e+07	1.472628e+07	1.471352e+07	1.469244e+07	1.470232e+07	1.470078e+07	1.470514e+07	1.469090e+07	1.469696e+07	1.471630e+07	1.473452e+07	1.472022e+07	1.473150e+07	1.472324e+07	1.469688e+07	1.469188e+07	1.469522e+07	1.471086e+07	1.471044e+07	1.471024e+07	1.470732e+07	1.473466e+07	1.473268e+07	1.473990e+07	1.472254e+07	1.474256e+07	1.475506e+07	1.476054e+07	1.477242e+07	1.478632e+07	1.477272e+07	1.475406e+07	1.466630e+07	1.469482e+07	1.469302e+07	1.468706e+07	1.469086e+07	1.469260e+07	1.468266e+07	1.468076e+07	1.468644e+07	1.468328e+07	1.468572e+07	1.468884e+07	1.467766e+07	1.469034e+07	1.470112e+07	1.468732e+07	1.468854e+07	1.468542e+07	1.469396e+07	1.468120e+07	1.468302e+07	1.469594e+07	1.468410e+07	1.468762e+07	1.469698e+07	1.468322e+07
1.496388e+07	1.496040e+07	1.496570e+07	1.496258e+07	1.496648e+07	1.496808e+07	1.497128e+07	1.495376e+07	1.494962e+07	1.496240e+07	1.496426e+07	1.496668e+07	1.495854e+07	1.496258e+07	1.496308e+07	1.494432e+07	1.495470e+07	1.497094e+07	1.496464e+07	1.496962e+07	1.497362e+07	1.496478e+07	1.496076e+07	1.496044e+07	1.495194e+07	1.496010e+07	1.495288e+07	1.497502e+07	1.496362e+07	1.496308e+07	1.497246e+07	1.495494e+07	1.497162e+07	1.497056e+07	1.495332e+07	1.496396e+07	1.496298e+07	1.496404e+07	1.493522e+07	1.494372e+07	1.494508e+07	1.495176e+07	1.492622e+07	1.492856e+07	1.493328e+07	1.495898e+07	1.495692e+07	1.495836e+07	1.495510e+07	1.494956e+07	1.494298e+07	1.494490e+07	1.493088e+07	1.491856e+07	1.491848e+07	1.491626e+07	1.492048e+07	1.495232e+07	1.494816e+07	1.496682e+07	1.495872e+07	1.496570e+07	1.496546e+07	1.495444e+07	1.494916e+07	1.492440e+07	1.493320e+07	1.493498e+07	1.493436e+07	1.493358e+07	1.492722e+07	1.491624e+07	1.495290e+07	1.495518e+07	1.495372e+07	1.494954e+07	1.493180e+07	1.492304e+07	1.492284e+07	1.490986e+07	1.494038e+07	1.480792e+07	1.477832e+07	1.479204e+07	1.476978e+07	1.479478e+07	1.479734e+07	1.479306e+07	1.479484e+07	1.477798e+07	1.479778e+07	1.478686e+07	1.479010e+07	1.479278e+07	1.478894e+07	1.478222e+07	1.476436e+07	1.478306e+07	1.478910e+07	1.477688e+07	1.478578e+07	1.477178e+07	1.476990e+07	1.478522e+07	1.477430e+07	1.478528e+07	1.478200e+07	1.477550e+07	1.476450e+07	1.477922e+07	1.479498e+07	1.478884e+07	1.478004e+07	1.478424e+07	1.478522e+07	1.477792e+07	1.478448e+07	1.478130e+07	1.479730e+07	1.477958e+07	1.479392e+07
