#Saved Data from the class odmr_logic on 02.08.2022 at 11h21m27s.
#
#Parameters:
#===========
#
#Microwave CW Power (dBm): -3.0000000000000000e+01
#Microwave Sweep Power (dBm): -3.0000000000000000e+00
#Run Time (s): 6.0000000000000000e+02
#Number of frequency sweeps (#): 28
#Start Frequency (Hz): 2.4500000000000000e+09
#Stop Frequency (Hz): 3.2900000000000000e+09
#Step size (Hz): 2.0000000000000000e+06
#Clock Frequencies (Hz): 20
#Channel: 0: /Dev1/Ctr3
#frequency range: 0
#
#Data:
#=====
#frequency (Hz)	count data (counts/s)	
2.450000e+09	6.469181e+06
2.452000e+09	6.468911e+06
2.454000e+09	6.467111e+06
2.456000e+09	6.468140e+06
2.458000e+09	6.469831e+06
2.460000e+09	6.466384e+06
2.462000e+09	6.467656e+06
2.464000e+09	6.468034e+06
2.466000e+09	6.469625e+06
2.468000e+09	6.468744e+06
2.470000e+09	6.468761e+06
2.472000e+09	6.465929e+06
2.474000e+09	6.466759e+06
2.476000e+09	6.466594e+06
2.478000e+09	6.465261e+06
2.480000e+09	6.466316e+06
2.482000e+09	6.467355e+06
2.484000e+09	6.468953e+06
2.486000e+09	6.467350e+06
2.488000e+09	6.466071e+06
2.490000e+09	6.467082e+06
2.492000e+09	6.464928e+06
2.494000e+09	6.467849e+06
2.496000e+09	6.468748e+06
2.498000e+09	6.466647e+06
2.500000e+09	6.466790e+06
2.502000e+09	6.466570e+06
2.504000e+09	6.467523e+06
2.506000e+09	6.464439e+06
2.508000e+09	6.467725e+06
2.510000e+09	6.465652e+06
2.512000e+09	6.465922e+06
2.514000e+09	6.467900e+06
2.516000e+09	6.471684e+06
2.518000e+09	6.472250e+06
2.520000e+09	6.472018e+06
2.522000e+09	6.471392e+06
2.524000e+09	6.472675e+06
2.526000e+09	6.472582e+06
2.528000e+09	6.471704e+06
2.530000e+09	6.471430e+06
2.532000e+09	6.471092e+06
2.534000e+09	6.470739e+06
2.536000e+09	6.470045e+06
2.538000e+09	6.465981e+06
2.540000e+09	6.469495e+06
2.542000e+09	6.468347e+06
2.544000e+09	6.467184e+06
2.546000e+09	6.470340e+06
2.548000e+09	6.466647e+06
2.550000e+09	6.470159e+06
2.552000e+09	6.464950e+06
2.554000e+09	6.467449e+06
2.556000e+09	6.468667e+06
2.558000e+09	6.468759e+06
2.560000e+09	6.469058e+06
2.562000e+09	6.469529e+06
2.564000e+09	6.465035e+06
2.566000e+09	6.467256e+06
2.568000e+09	6.465010e+06
2.570000e+09	6.465294e+06
2.572000e+09	6.465516e+06
2.574000e+09	6.468897e+06
2.576000e+09	6.466285e+06
2.578000e+09	6.466924e+06
2.580000e+09	6.466378e+06
2.582000e+09	6.466931e+06
2.584000e+09	6.464503e+06
2.586000e+09	6.466087e+06
2.588000e+09	6.463209e+06
2.590000e+09	6.462515e+06
2.592000e+09	6.462261e+06
2.594000e+09	6.463061e+06
2.596000e+09	6.456945e+06
2.598000e+09	6.453666e+06
2.600000e+09	6.448556e+06
2.602000e+09	6.428187e+06
2.604000e+09	6.410271e+06
2.606000e+09	6.388976e+06
2.608000e+09	6.387089e+06
2.610000e+09	6.406526e+06
2.612000e+09	6.427096e+06
2.614000e+09	6.437959e+06
2.616000e+09	6.455943e+06
2.618000e+09	6.461633e+06
2.620000e+09	6.462475e+06
2.622000e+09	6.466759e+06
2.624000e+09	6.466750e+06
2.626000e+09	6.463939e+06
2.628000e+09	6.464362e+06
2.630000e+09	6.466993e+06
2.632000e+09	6.462874e+06
2.634000e+09	6.467578e+06
2.636000e+09	6.467046e+06
2.638000e+09	6.467341e+06
2.640000e+09	6.468514e+06
2.642000e+09	6.468248e+06
2.644000e+09	6.466795e+06
2.646000e+09	6.463893e+06
2.648000e+09	6.466226e+06
2.650000e+09	6.465142e+06
2.652000e+09	6.467329e+06
2.654000e+09	6.467673e+06
2.656000e+09	6.468021e+06
2.658000e+09	6.467579e+06
2.660000e+09	6.469079e+06
2.662000e+09	6.466414e+06
2.664000e+09	6.466370e+06
2.666000e+09	6.462016e+06
2.668000e+09	6.467049e+06
2.670000e+09	6.465783e+06
2.672000e+09	6.465939e+06
2.674000e+09	6.465923e+06
2.676000e+09	6.464485e+06
2.678000e+09	6.465399e+06
2.680000e+09	6.467150e+06
2.682000e+09	6.466977e+06
2.684000e+09	6.466307e+06
2.686000e+09	6.465977e+06
2.688000e+09	6.467453e+06
2.690000e+09	6.467445e+06
2.692000e+09	6.465997e+06
2.694000e+09	6.463490e+06
2.696000e+09	6.464391e+06
2.698000e+09	6.466435e+06
2.700000e+09	6.468457e+06
2.702000e+09	6.466755e+06
2.704000e+09	6.465587e+06
2.706000e+09	6.468809e+06
2.708000e+09	6.467976e+06
2.710000e+09	6.467799e+06
2.712000e+09	6.470539e+06
2.714000e+09	6.469812e+06
2.716000e+09	6.472289e+06
2.718000e+09	6.470117e+06
2.720000e+09	6.467468e+06
2.722000e+09	6.468278e+06
2.724000e+09	6.469553e+06
2.726000e+09	6.467425e+06
2.728000e+09	6.470980e+06
2.730000e+09	6.468691e+06
2.732000e+09	6.467512e+06
2.734000e+09	6.467398e+06
2.736000e+09	6.468591e+06
2.738000e+09	6.468061e+06
2.740000e+09	6.467425e+06
2.742000e+09	6.468667e+06
2.744000e+09	6.471156e+06
2.746000e+09	6.468121e+06
2.748000e+09	6.467214e+06
2.750000e+09	6.466004e+06
2.752000e+09	6.468359e+06
2.754000e+09	6.468806e+06
2.756000e+09	6.469123e+06
2.758000e+09	6.468211e+06
2.760000e+09	6.466293e+06
2.762000e+09	6.468813e+06
2.764000e+09	6.465960e+06
2.766000e+09	6.465164e+06
2.768000e+09	6.467568e+06
2.770000e+09	6.469187e+06
2.772000e+09	6.471296e+06
2.774000e+09	6.469322e+06
2.776000e+09	6.468794e+06
2.778000e+09	6.466993e+06
2.780000e+09	6.463964e+06
2.782000e+09	6.467884e+06
2.784000e+09	6.469246e+06
2.786000e+09	6.468289e+06
2.788000e+09	6.469466e+06
2.790000e+09	6.466090e+06
2.792000e+09	6.465046e+06
2.794000e+09	6.466873e+06
2.796000e+09	6.466591e+06
2.798000e+09	6.468108e+06
2.800000e+09	6.466147e+06
2.802000e+09	6.467317e+06
2.804000e+09	6.469225e+06
2.806000e+09	6.465774e+06
2.808000e+09	6.469381e+06
2.810000e+09	6.467650e+06
2.812000e+09	6.468496e+06
2.814000e+09	6.464725e+06
2.816000e+09	6.468530e+06
2.818000e+09	6.467810e+06
2.820000e+09	6.469856e+06
2.822000e+09	6.469374e+06
2.824000e+09	6.468850e+06
2.826000e+09	6.472579e+06
2.828000e+09	6.468627e+06
2.830000e+09	6.467628e+06
2.832000e+09	6.466783e+06
2.834000e+09	6.467063e+06
2.836000e+09	6.468880e+06
2.838000e+09	6.468277e+06
2.840000e+09	6.464785e+06
2.842000e+09	6.469213e+06
2.844000e+09	6.467576e+06
2.846000e+09	6.465451e+06
2.848000e+09	6.467306e+06
2.850000e+09	6.463879e+06
2.852000e+09	6.466056e+06
2.854000e+09	6.466073e+06
2.856000e+09	6.468951e+06
2.858000e+09	6.466348e+06
2.860000e+09	6.468390e+06
2.862000e+09	6.467047e+06
2.864000e+09	6.465810e+06
2.866000e+09	6.465836e+06
2.868000e+09	6.466665e+06
2.870000e+09	6.463827e+06
2.872000e+09	6.466889e+06
2.874000e+09	6.464949e+06
2.876000e+09	6.461928e+06
2.878000e+09	6.458751e+06
2.880000e+09	6.449550e+06
2.882000e+09	6.429767e+06
2.884000e+09	6.411631e+06
2.886000e+09	6.407223e+06
2.888000e+09	6.421609e+06
2.890000e+09	6.442031e+06
2.892000e+09	6.449683e+06
2.894000e+09	6.459189e+06
2.896000e+09	6.463877e+06
2.898000e+09	6.464459e+06
2.900000e+09	6.466410e+06
2.902000e+09	6.466247e+06
2.904000e+09	6.466607e+06
2.906000e+09	6.469422e+06
2.908000e+09	6.469399e+06
2.910000e+09	6.464543e+06
2.912000e+09	6.465810e+06
2.914000e+09	6.470776e+06
2.916000e+09	6.465159e+06
2.918000e+09	6.466527e+06
2.920000e+09	6.468325e+06
2.922000e+09	6.469864e+06
2.924000e+09	6.470263e+06
2.926000e+09	6.468392e+06
2.928000e+09	6.470878e+06
2.930000e+09	6.468345e+06
2.932000e+09	6.471419e+06
2.934000e+09	6.469724e+06
2.936000e+09	6.466896e+06
2.938000e+09	6.468844e+06
2.940000e+09	6.469722e+06
2.942000e+09	6.467441e+06
2.944000e+09	6.465633e+06
2.946000e+09	6.468433e+06
2.948000e+09	6.468653e+06
2.950000e+09	6.467289e+06
2.952000e+09	6.470063e+06
2.954000e+09	6.469043e+06
2.956000e+09	6.466323e+06
2.958000e+09	6.470657e+06
2.960000e+09	6.470890e+06
2.962000e+09	6.465402e+06
2.964000e+09	6.466899e+06
2.966000e+09	6.464669e+06
2.968000e+09	6.467776e+06
2.970000e+09	6.467664e+06
2.972000e+09	6.464513e+06
2.974000e+09	6.458787e+06
2.976000e+09	6.451163e+06
2.978000e+09	6.442887e+06
2.980000e+09	6.418817e+06
2.982000e+09	6.406689e+06
2.984000e+09	6.411531e+06
2.986000e+09	6.425536e+06
2.988000e+09	6.443067e+06
2.990000e+09	6.454640e+06
2.992000e+09	6.461219e+06
2.994000e+09	6.461451e+06
2.996000e+09	6.465113e+06
2.998000e+09	6.468885e+06
3.000000e+09	6.466647e+06
3.002000e+09	6.468705e+06
3.004000e+09	6.469143e+06
3.006000e+09	6.467482e+06
3.008000e+09	6.464511e+06
3.010000e+09	6.467124e+06
3.012000e+09	6.467154e+06
3.014000e+09	6.466786e+06
3.016000e+09	6.467524e+06
3.018000e+09	6.467729e+06
3.020000e+09	6.468327e+06
3.022000e+09	6.468943e+06
3.024000e+09	6.468237e+06
3.026000e+09	6.468527e+06
3.028000e+09	6.469519e+06
3.030000e+09	6.469688e+06
3.032000e+09	6.469999e+06
3.034000e+09	6.464528e+06
3.036000e+09	6.466587e+06
3.038000e+09	6.468096e+06
3.040000e+09	6.469756e+06
3.042000e+09	6.469375e+06
3.044000e+09	6.467394e+06
3.046000e+09	6.468505e+06
3.048000e+09	6.467541e+06
3.050000e+09	6.468470e+06
3.052000e+09	6.469295e+06
3.054000e+09	6.467050e+06
3.056000e+09	6.468601e+06
3.058000e+09	6.470399e+06
3.060000e+09	6.465970e+06
3.062000e+09	6.469239e+06
3.064000e+09	6.469181e+06
3.066000e+09	6.464669e+06
3.068000e+09	6.467678e+06
3.070000e+09	6.465957e+06
3.072000e+09	6.467720e+06
3.074000e+09	6.467279e+06
3.076000e+09	6.468267e+06
3.078000e+09	6.469796e+06
3.080000e+09	6.466871e+06
3.082000e+09	6.467640e+06
3.084000e+09	6.469078e+06
3.086000e+09	6.467859e+06
3.088000e+09	6.465604e+06
3.090000e+09	6.469237e+06
3.092000e+09	6.466896e+06
3.094000e+09	6.466026e+06
3.096000e+09	6.470611e+06
3.098000e+09	6.467361e+06
3.100000e+09	6.470381e+06
3.102000e+09	6.469116e+06
3.104000e+09	6.468667e+06
3.106000e+09	6.470997e+06
3.108000e+09	6.469430e+06
3.110000e+09	6.465990e+06
3.112000e+09	6.470028e+06
3.114000e+09	6.466645e+06
3.116000e+09	6.466909e+06
3.118000e+09	6.465324e+06
3.120000e+09	6.466892e+06
3.122000e+09	6.468236e+06
3.124000e+09	6.467063e+06
3.126000e+09	6.469457e+06
3.128000e+09	6.471330e+06
3.130000e+09	6.467422e+06
3.132000e+09	6.469297e+06
3.134000e+09	6.468385e+06
3.136000e+09	6.469664e+06
3.138000e+09	6.469016e+06
3.140000e+09	6.468374e+06
3.142000e+09	6.469903e+06
3.144000e+09	6.472193e+06
3.146000e+09	6.468650e+06
3.148000e+09	6.466985e+06
3.150000e+09	6.467139e+06
3.152000e+09	6.467790e+06
3.154000e+09	6.467164e+06
3.156000e+09	6.472825e+06
3.158000e+09	6.466492e+06
3.160000e+09	6.469465e+06
3.162000e+09	6.469413e+06
3.164000e+09	6.465333e+06
3.166000e+09	6.466225e+06
3.168000e+09	6.462990e+06
3.170000e+09	6.457001e+06
3.172000e+09	6.457908e+06
3.174000e+09	6.447884e+06
3.176000e+09	6.421973e+06
3.178000e+09	6.401788e+06
3.180000e+09	6.404893e+06
3.182000e+09	6.421036e+06
3.184000e+09	6.448192e+06
3.186000e+09	6.451433e+06
3.188000e+09	6.462570e+06
3.190000e+09	6.470157e+06
3.192000e+09	6.465863e+06
3.194000e+09	6.467381e+06
3.196000e+09	6.466890e+06
3.198000e+09	6.469975e+06
3.200000e+09	6.467469e+06
3.202000e+09	6.468246e+06
3.204000e+09	6.469699e+06
3.206000e+09	6.466540e+06
3.208000e+09	6.466996e+06
3.210000e+09	6.466676e+06
3.212000e+09	6.469137e+06
3.214000e+09	6.466851e+06
3.216000e+09	6.466045e+06
3.218000e+09	6.467017e+06
3.220000e+09	6.467107e+06
3.222000e+09	6.467961e+06
3.224000e+09	6.467590e+06
3.226000e+09	6.465800e+06
3.228000e+09	6.471621e+06
3.230000e+09	6.466456e+06
3.232000e+09	6.468617e+06
3.234000e+09	6.468560e+06
3.236000e+09	6.468359e+06
3.238000e+09	6.466820e+06
3.240000e+09	6.469336e+06
3.242000e+09	6.466456e+06
3.244000e+09	6.467907e+06
3.246000e+09	6.464941e+06
3.248000e+09	6.466583e+06
3.250000e+09	6.467161e+06
3.252000e+09	6.468147e+06
3.254000e+09	6.464527e+06
3.256000e+09	6.464799e+06
3.258000e+09	6.466987e+06
3.260000e+09	6.465193e+06
3.262000e+09	6.465275e+06
3.264000e+09	6.465199e+06
3.266000e+09	6.465012e+06
3.268000e+09	6.469586e+06
3.270000e+09	6.466444e+06
3.272000e+09	6.468240e+06
3.274000e+09	6.466387e+06
3.276000e+09	6.466764e+06
3.278000e+09	6.469175e+06
3.280000e+09	6.471095e+06
3.282000e+09	6.469792e+06
3.284000e+09	6.468213e+06
3.286000e+09	6.466170e+06
3.288000e+09	6.465810e+06
3.290000e+09	6.466210e+06
