#Saved Data from the class odmr_logic on 10.06.2022 at 17h29m34s.
#
#Parameters:
#===========
#
#Microwave CW Power (dBm): -3.0000000000000000e+01
#Microwave Sweep Power (dBm): 0.0000000000000000e+00
#Run Time (s): 5.0000000000000000e+02
#Number of frequency sweeps (#): 49
#Start Frequency (Hz): 2.8200000000000000e+09
#Stop Frequency (Hz): 2.9200000000000000e+09
#Step size (Hz): 5.0000000000000000e+05
#Clock Frequencies (Hz): 20
#Channel: 1: /Dev1/AI0
#frequency range: 0
#
#Data:
#=====
#frequency (Hz)	count data (counts/s)	
2.820000e+09	1.017804e+00
2.820500e+09	1.031391e+00
2.821000e+09	1.039814e+00
2.821500e+09	1.046429e+00
2.822000e+09	1.052099e+00
2.822500e+09	1.056982e+00
2.823000e+09	1.061426e+00
2.823500e+09	1.065603e+00
2.824000e+09	1.069253e+00
2.824500e+09	1.072848e+00
2.825000e+09	1.076190e+00
2.825500e+09	1.079340e+00
2.826000e+09	1.082490e+00
2.826500e+09	1.085243e+00
2.827000e+09	1.087935e+00
2.827500e+09	1.090551e+00
2.828000e+09	1.093077e+00
2.828500e+09	1.095508e+00
2.829000e+09	1.097851e+00
2.829500e+09	1.100199e+00
2.830000e+09	1.102384e+00
2.830500e+09	1.104562e+00
2.831000e+09	1.106650e+00
2.831500e+09	1.108657e+00
2.832000e+09	1.110567e+00
2.832500e+09	1.112546e+00
2.833000e+09	1.114293e+00
2.833500e+09	1.116121e+00
2.834000e+09	1.117833e+00
2.834500e+09	1.119552e+00
2.835000e+09	1.121291e+00
2.835500e+09	1.122935e+00
2.836000e+09	1.124469e+00
2.836500e+09	1.126119e+00
2.837000e+09	1.127674e+00
2.837500e+09	1.129112e+00
2.838000e+09	1.130639e+00
2.838500e+09	1.131988e+00
2.839000e+09	1.133467e+00
2.839500e+09	1.134775e+00
2.840000e+09	1.136110e+00
2.840500e+09	1.137377e+00
2.841000e+09	1.138692e+00
2.841500e+09	1.140021e+00
2.842000e+09	1.141246e+00
2.842500e+09	1.142479e+00
2.843000e+09	1.143725e+00
2.843500e+09	1.144965e+00
2.844000e+09	1.146074e+00
2.844500e+09	1.147279e+00
2.845000e+09	1.148382e+00
2.845500e+09	1.149484e+00
2.846000e+09	1.150546e+00
2.846500e+09	1.151594e+00
2.847000e+09	1.152600e+00
2.847500e+09	1.153682e+00
2.848000e+09	1.154764e+00
2.848500e+09	1.155791e+00
2.849000e+09	1.156791e+00
2.849500e+09	1.157784e+00
2.850000e+09	1.158729e+00
2.850500e+09	1.159661e+00
2.851000e+09	1.160551e+00
2.851500e+09	1.161571e+00
2.852000e+09	1.162366e+00
2.852500e+09	1.163406e+00
2.853000e+09	1.164256e+00
2.853500e+09	1.165180e+00
2.854000e+09	1.166009e+00
2.854500e+09	1.166913e+00
2.855000e+09	1.167734e+00
2.855500e+09	1.168556e+00
2.856000e+09	1.169378e+00
2.856500e+09	1.170186e+00
2.857000e+09	1.170946e+00
2.857500e+09	1.171823e+00
2.858000e+09	1.172596e+00
2.858500e+09	1.173309e+00
2.859000e+09	1.174117e+00
2.859500e+09	1.174856e+00
2.860000e+09	1.175582e+00
2.860500e+09	1.176322e+00
2.861000e+09	1.177102e+00
2.861500e+09	1.177774e+00
2.862000e+09	1.178582e+00
2.862500e+09	1.179171e+00
2.863000e+09	1.179965e+00
2.863500e+09	1.180595e+00
2.864000e+09	1.181321e+00
2.864500e+09	1.182074e+00
2.865000e+09	1.182663e+00
2.865500e+09	1.183327e+00
2.866000e+09	1.183944e+00
2.866500e+09	1.184608e+00
2.867000e+09	1.185272e+00
2.867500e+09	1.186025e+00
2.868000e+09	1.186532e+00
2.868500e+09	1.187142e+00
2.869000e+09	1.187785e+00
2.869500e+09	1.188395e+00
2.870000e+09	1.189059e+00
2.870500e+09	1.189614e+00
2.871000e+09	1.190237e+00
2.871500e+09	1.190785e+00
2.872000e+09	1.191401e+00
2.872500e+09	1.191976e+00
2.873000e+09	1.192565e+00
2.873500e+09	1.193099e+00
2.874000e+09	1.193661e+00
2.874500e+09	1.194257e+00
2.875000e+09	1.194791e+00
2.875500e+09	1.195346e+00
2.876000e+09	1.195791e+00
2.876500e+09	1.196400e+00
2.877000e+09	1.196941e+00
2.877500e+09	1.197427e+00
2.878000e+09	1.197962e+00
2.878500e+09	1.198523e+00
2.879000e+09	1.199016e+00
2.879500e+09	1.199523e+00
2.880000e+09	1.199989e+00
2.880500e+09	1.200605e+00
2.881000e+09	1.201023e+00
2.881500e+09	1.201481e+00
2.882000e+09	1.202043e+00
2.882500e+09	1.202550e+00
2.883000e+09	1.202967e+00
2.883500e+09	1.203488e+00
2.884000e+09	1.203954e+00
2.884500e+09	1.204419e+00
2.885000e+09	1.204837e+00
2.885500e+09	1.205385e+00
2.886000e+09	1.205796e+00
2.886500e+09	1.206323e+00
2.887000e+09	1.206658e+00
2.887500e+09	1.207124e+00
2.888000e+09	1.207624e+00
2.888500e+09	1.208014e+00
2.889000e+09	1.208507e+00
2.889500e+09	1.208939e+00
2.890000e+09	1.209384e+00
2.890500e+09	1.209795e+00
2.891000e+09	1.210206e+00
2.891500e+09	1.210699e+00
2.892000e+09	1.211137e+00
2.892500e+09	1.211548e+00
2.893000e+09	1.211938e+00
2.893500e+09	1.212322e+00
2.894000e+09	1.212719e+00
2.894500e+09	1.213109e+00
2.895000e+09	1.213568e+00
2.895500e+09	1.213876e+00
2.896000e+09	1.214287e+00
2.896500e+09	1.214664e+00
2.897000e+09	1.215075e+00
2.897500e+09	1.215520e+00
2.898000e+09	1.215903e+00
2.898500e+09	1.216198e+00
2.899000e+09	1.216629e+00
2.899500e+09	1.217013e+00
2.900000e+09	1.217444e+00
2.900500e+09	1.217786e+00
2.901000e+09	1.218252e+00
2.901500e+09	1.218595e+00
2.902000e+09	1.218882e+00
2.902500e+09	1.219279e+00
2.903000e+09	1.219601e+00
2.903500e+09	1.219916e+00
2.904000e+09	1.220265e+00
2.904500e+09	1.220594e+00
2.905000e+09	1.221046e+00
2.905500e+09	1.221395e+00
2.906000e+09	1.221724e+00
2.906500e+09	1.222142e+00
2.907000e+09	1.222443e+00
2.907500e+09	1.222765e+00
2.908000e+09	1.223107e+00
2.908500e+09	1.223470e+00
2.909000e+09	1.223785e+00
2.909500e+09	1.224107e+00
2.910000e+09	1.224422e+00
2.910500e+09	1.224902e+00
2.911000e+09	1.225107e+00
2.911500e+09	1.225443e+00
2.912000e+09	1.225833e+00
2.912500e+09	1.226079e+00
2.913000e+09	1.226394e+00
2.913500e+09	1.226751e+00
2.914000e+09	1.227134e+00
2.914500e+09	1.227422e+00
2.915000e+09	1.227648e+00
2.915500e+09	1.228079e+00
2.916000e+09	1.228319e+00
2.916500e+09	1.228682e+00
2.917000e+09	1.228942e+00
2.917500e+09	1.229264e+00
2.918000e+09	1.229538e+00
2.918500e+09	1.229839e+00
2.919000e+09	1.230147e+00
2.919500e+09	1.230455e+00
2.920000e+09	1.230798e+00
