#Saved Data from the class odmr_logic on 02.08.2022 at 09h25m30s.
#
#Parameters:
#===========
#
#Microwave CW Power (dBm): -3.0000000000000000e+01
#Microwave Sweep Power (dBm): -5.0000000000000000e+00
#Run Time (s): 6.0000000000000000e+02
#Number of frequency sweeps (#): 53
#Start Frequency (Hz): 2.6500000000000000e+09
#Stop Frequency (Hz): 3.0900000000000000e+09
#Step size (Hz): 2.0000000000000000e+06
#Clock Frequencies (Hz): 20
#Channel: 0: /Dev1/Ctr3
#frequency range: 0
#
#Data:
#=====
#frequency (Hz)	count data (counts/s)	
2.650000e+09	6.510104e+06
2.652000e+09	6.508815e+06
2.654000e+09	6.509498e+06
2.656000e+09	6.510053e+06
2.658000e+09	6.508703e+06
2.660000e+09	6.508782e+06
2.662000e+09	6.507685e+06
2.664000e+09	6.507931e+06
2.666000e+09	6.509318e+06
2.668000e+09	6.508685e+06
2.670000e+09	6.507519e+06
2.672000e+09	6.507607e+06
2.674000e+09	6.508595e+06
2.676000e+09	6.507739e+06
2.678000e+09	6.508657e+06
2.680000e+09	6.510485e+06
2.682000e+09	6.510324e+06
2.684000e+09	6.508158e+06
2.686000e+09	6.509348e+06
2.688000e+09	6.507485e+06
2.690000e+09	6.506148e+06
2.692000e+09	6.509388e+06
2.694000e+09	6.506837e+06
2.696000e+09	6.508217e+06
2.698000e+09	6.506936e+06
2.700000e+09	6.507439e+06
2.702000e+09	6.509120e+06
2.704000e+09	6.509081e+06
2.706000e+09	6.507891e+06
2.708000e+09	6.507293e+06
2.710000e+09	6.505990e+06
2.712000e+09	6.502532e+06
2.714000e+09	6.494632e+06
2.716000e+09	6.490856e+06
2.718000e+09	6.462530e+06
2.720000e+09	6.440542e+06
2.722000e+09	6.434591e+06
2.724000e+09	6.448887e+06
2.726000e+09	6.478351e+06
2.728000e+09	6.494387e+06
2.730000e+09	6.501887e+06
2.732000e+09	6.504523e+06
2.734000e+09	6.507296e+06
2.736000e+09	6.508598e+06
2.738000e+09	6.508733e+06
2.740000e+09	6.506830e+06
2.742000e+09	6.511293e+06
2.744000e+09	6.509818e+06
2.746000e+09	6.508361e+06
2.748000e+09	6.511874e+06
2.750000e+09	6.507957e+06
2.752000e+09	6.508017e+06
2.754000e+09	6.510025e+06
2.756000e+09	6.509390e+06
2.758000e+09	6.511030e+06
2.760000e+09	6.510913e+06
2.762000e+09	6.508508e+06
2.764000e+09	6.507913e+06
2.766000e+09	6.507580e+06
2.768000e+09	6.508547e+06
2.770000e+09	6.506299e+06
2.772000e+09	6.506254e+06
2.774000e+09	6.507035e+06
2.776000e+09	6.510313e+06
2.778000e+09	6.508374e+06
2.780000e+09	6.507798e+06
2.782000e+09	6.508083e+06
2.784000e+09	6.506603e+06
2.786000e+09	6.506894e+06
2.788000e+09	6.503713e+06
2.790000e+09	6.504417e+06
2.792000e+09	6.498865e+06
2.794000e+09	6.497644e+06
2.796000e+09	6.486532e+06
2.798000e+09	6.474659e+06
2.800000e+09	6.472353e+06
2.802000e+09	6.477730e+06
2.804000e+09	6.494975e+06
2.806000e+09	6.498030e+06
2.808000e+09	6.494159e+06
2.810000e+09	6.496617e+06
2.812000e+09	6.481595e+06
2.814000e+09	6.478726e+06
2.816000e+09	6.478227e+06
2.818000e+09	6.479209e+06
2.820000e+09	6.491052e+06
2.822000e+09	6.504218e+06
2.824000e+09	6.504467e+06
2.826000e+09	6.505919e+06
2.828000e+09	6.503549e+06
2.830000e+09	6.507605e+06
2.832000e+09	6.507695e+06
2.834000e+09	6.509751e+06
2.836000e+09	6.507830e+06
2.838000e+09	6.508047e+06
2.840000e+09	6.506852e+06
2.842000e+09	6.506420e+06
2.844000e+09	6.507665e+06
2.846000e+09	6.507013e+06
2.848000e+09	6.506407e+06
2.850000e+09	6.506456e+06
2.852000e+09	6.505718e+06
2.854000e+09	6.503173e+06
2.856000e+09	6.505418e+06
2.858000e+09	6.506180e+06
2.860000e+09	6.504065e+06
2.862000e+09	6.505143e+06
2.864000e+09	6.502537e+06
2.866000e+09	6.501717e+06
2.868000e+09	6.500674e+06
2.870000e+09	6.491369e+06
2.872000e+09	6.484234e+06
2.874000e+09	6.458409e+06
2.876000e+09	6.428166e+06
2.878000e+09	6.416042e+06
2.880000e+09	6.457228e+06
2.882000e+09	6.477390e+06
2.884000e+09	6.492895e+06
2.886000e+09	6.482865e+06
2.888000e+09	6.449247e+06
2.890000e+09	6.453334e+06
2.892000e+09	6.472948e+06
2.894000e+09	6.482162e+06
2.896000e+09	6.496771e+06
2.898000e+09	6.501112e+06
2.900000e+09	6.504282e+06
2.902000e+09	6.507051e+06
2.904000e+09	6.504891e+06
2.906000e+09	6.505893e+06
2.908000e+09	6.506512e+06
2.910000e+09	6.508427e+06
2.912000e+09	6.506958e+06
2.914000e+09	6.506470e+06
2.916000e+09	6.506355e+06
2.918000e+09	6.507608e+06
2.920000e+09	6.505622e+06
2.922000e+09	6.505742e+06
2.924000e+09	6.507529e+06
2.926000e+09	6.506158e+06
2.928000e+09	6.508403e+06
2.930000e+09	6.507227e+06
2.932000e+09	6.507852e+06
2.934000e+09	6.507178e+06
2.936000e+09	6.505512e+06
2.938000e+09	6.502680e+06
2.940000e+09	6.491117e+06
2.942000e+09	6.494565e+06
2.944000e+09	6.468504e+06
2.946000e+09	6.458665e+06
2.948000e+09	6.458223e+06
2.950000e+09	6.467998e+06
2.952000e+09	6.477147e+06
2.954000e+09	6.489996e+06
2.956000e+09	6.488656e+06
2.958000e+09	6.469240e+06
2.960000e+09	6.469460e+06
2.962000e+09	6.474190e+06
2.964000e+09	6.489326e+06
2.966000e+09	6.495724e+06
2.968000e+09	6.499611e+06
2.970000e+09	6.505260e+06
2.972000e+09	6.504988e+06
2.974000e+09	6.508672e+06
2.976000e+09	6.508827e+06
2.978000e+09	6.507010e+06
2.980000e+09	6.508216e+06
2.982000e+09	6.508250e+06
2.984000e+09	6.509334e+06
2.986000e+09	6.508492e+06
2.988000e+09	6.509719e+06
2.990000e+09	6.510657e+06
2.992000e+09	6.507636e+06
2.994000e+09	6.508203e+06
2.996000e+09	6.510110e+06
2.998000e+09	6.510885e+06
3.000000e+09	6.506808e+06
3.002000e+09	6.506888e+06
3.004000e+09	6.507819e+06
3.006000e+09	6.506648e+06
3.008000e+09	6.504899e+06
3.010000e+09	6.504354e+06
3.012000e+09	6.502615e+06
3.014000e+09	6.496590e+06
3.016000e+09	6.490503e+06
3.018000e+09	6.470704e+06
3.020000e+09	6.433408e+06
3.022000e+09	6.425453e+06
3.024000e+09	6.434922e+06
3.026000e+09	6.473097e+06
3.028000e+09	6.489848e+06
3.030000e+09	6.499779e+06
3.032000e+09	6.503444e+06
3.034000e+09	6.508273e+06
3.036000e+09	6.507195e+06
3.038000e+09	6.509172e+06
3.040000e+09	6.508635e+06
3.042000e+09	6.507509e+06
3.044000e+09	6.507516e+06
3.046000e+09	6.510025e+06
3.048000e+09	6.510604e+06
3.050000e+09	6.510430e+06
3.052000e+09	6.509448e+06
3.054000e+09	6.509817e+06
3.056000e+09	6.509851e+06
3.058000e+09	6.508908e+06
3.060000e+09	6.508202e+06
3.062000e+09	6.509647e+06
3.064000e+09	6.509830e+06
3.066000e+09	6.509440e+06
3.068000e+09	6.509821e+06
3.070000e+09	6.512023e+06
3.072000e+09	6.510888e+06
3.074000e+09	6.508874e+06
3.076000e+09	6.510063e+06
3.078000e+09	6.507817e+06
3.080000e+09	6.510406e+06
3.082000e+09	6.510708e+06
3.084000e+09	6.510632e+06
3.086000e+09	6.512183e+06
3.088000e+09	6.511101e+06
3.090000e+09	6.511043e+06
