#Saved Data from the class odmr_logic on 01.08.2022 at 16h57m14s.
#
#Parameters:
#===========
#
#Microwave CW Power (dBm): -5.0000000000000000e+00
#Microwave Sweep Power (dBm): -3.0000000000000000e+00
#Run Time (s): 6.0000000000000000e+02
#Number of frequency sweeps (#): 53
#Start Frequency (Hz): 2.6500000000000000e+09
#Stop Frequency (Hz): 3.0900000000000000e+09
#Step size (Hz): 2.0000000000000000e+06
#Clock Frequencies (Hz): 20
#Channel: 0: /Dev1/Ctr3
#frequency range: 0
#
#Data:
#=====
#frequency (Hz)	count data (counts/s)	
2.650000e+09	6.869995e+06
2.652000e+09	6.873054e+06
2.654000e+09	6.873670e+06
2.656000e+09	6.874227e+06
2.658000e+09	6.873075e+06
2.660000e+09	6.873747e+06
2.662000e+09	6.870168e+06
2.664000e+09	6.871060e+06
2.666000e+09	6.872768e+06
2.668000e+09	6.873638e+06
2.670000e+09	6.874028e+06
2.672000e+09	6.873927e+06
2.674000e+09	6.874975e+06
2.676000e+09	6.875223e+06
2.678000e+09	6.872552e+06
2.680000e+09	6.873796e+06
2.682000e+09	6.872941e+06
2.684000e+09	6.873752e+06
2.686000e+09	6.873135e+06
2.688000e+09	6.872128e+06
2.690000e+09	6.873204e+06
2.692000e+09	6.874028e+06
2.694000e+09	6.871570e+06
2.696000e+09	6.872213e+06
2.698000e+09	6.873556e+06
2.700000e+09	6.875265e+06
2.702000e+09	6.874510e+06
2.704000e+09	6.871979e+06
2.706000e+09	6.872214e+06
2.708000e+09	6.872363e+06
2.710000e+09	6.873886e+06
2.712000e+09	6.871122e+06
2.714000e+09	6.873433e+06
2.716000e+09	6.873122e+06
2.718000e+09	6.873321e+06
2.720000e+09	6.873335e+06
2.722000e+09	6.871868e+06
2.724000e+09	6.871870e+06
2.726000e+09	6.870946e+06
2.728000e+09	6.868822e+06
2.730000e+09	6.869534e+06
2.732000e+09	6.862135e+06
2.734000e+09	6.856615e+06
2.736000e+09	6.835849e+06
2.738000e+09	6.809315e+06
2.740000e+09	6.802535e+06
2.742000e+09	6.810674e+06
2.744000e+09	6.841135e+06
2.746000e+09	6.856512e+06
2.748000e+09	6.863140e+06
2.750000e+09	6.867000e+06
2.752000e+09	6.868599e+06
2.754000e+09	6.865772e+06
2.756000e+09	6.865861e+06
2.758000e+09	6.851254e+06
2.760000e+09	6.851203e+06
2.762000e+09	6.852581e+06
2.764000e+09	6.861924e+06
2.766000e+09	6.866982e+06
2.768000e+09	6.869950e+06
2.770000e+09	6.870545e+06
2.772000e+09	6.873003e+06
2.774000e+09	6.873909e+06
2.776000e+09	6.872640e+06
2.778000e+09	6.872485e+06
2.780000e+09	6.872255e+06
2.782000e+09	6.869400e+06
2.784000e+09	6.873605e+06
2.786000e+09	6.872242e+06
2.788000e+09	6.872934e+06
2.790000e+09	6.871633e+06
2.792000e+09	6.871543e+06
2.794000e+09	6.870816e+06
2.796000e+09	6.871401e+06
2.798000e+09	6.872283e+06
2.800000e+09	6.873023e+06
2.802000e+09	6.873237e+06
2.804000e+09	6.871942e+06
2.806000e+09	6.869308e+06
2.808000e+09	6.871251e+06
2.810000e+09	6.872927e+06
2.812000e+09	6.873926e+06
2.814000e+09	6.872740e+06
2.816000e+09	6.872074e+06
2.818000e+09	6.870763e+06
2.820000e+09	6.871192e+06
2.822000e+09	6.870062e+06
2.824000e+09	6.871290e+06
2.826000e+09	6.867830e+06
2.828000e+09	6.860240e+06
2.830000e+09	6.857793e+06
2.832000e+09	6.828420e+06
2.834000e+09	6.817626e+06
2.836000e+09	6.814887e+06
2.838000e+09	6.824769e+06
2.840000e+09	6.836975e+06
2.842000e+09	6.855745e+06
2.844000e+09	6.854307e+06
2.846000e+09	6.851018e+06
2.848000e+09	6.839255e+06
2.850000e+09	6.824129e+06
2.852000e+09	6.790065e+06
2.854000e+09	6.781357e+06
2.856000e+09	6.790864e+06
2.858000e+09	6.821260e+06
2.860000e+09	6.843242e+06
2.862000e+09	6.856962e+06
2.864000e+09	6.863924e+06
2.866000e+09	6.864997e+06
2.868000e+09	6.868680e+06
2.870000e+09	6.870186e+06
2.872000e+09	6.869874e+06
2.874000e+09	6.869499e+06
2.876000e+09	6.870523e+06
2.878000e+09	6.870557e+06
2.880000e+09	6.870480e+06
2.882000e+09	6.871530e+06
2.884000e+09	6.873529e+06
2.886000e+09	6.870729e+06
2.888000e+09	6.872024e+06
2.890000e+09	6.871493e+06
2.892000e+09	6.869945e+06
2.894000e+09	6.869958e+06
2.896000e+09	6.870110e+06
2.898000e+09	6.868288e+06
2.900000e+09	6.867737e+06
2.902000e+09	6.864540e+06
2.904000e+09	6.860715e+06
2.906000e+09	6.848641e+06
2.908000e+09	6.845278e+06
2.910000e+09	6.807820e+06
2.912000e+09	6.804683e+06
2.914000e+09	6.809272e+06
2.916000e+09	6.831822e+06
2.918000e+09	6.845480e+06
2.920000e+09	6.858285e+06
2.922000e+09	6.858347e+06
2.924000e+09	6.856341e+06
2.926000e+09	6.849887e+06
2.928000e+09	6.808633e+06
2.930000e+09	6.807465e+06
2.932000e+09	6.809924e+06
2.934000e+09	6.840690e+06
2.936000e+09	6.856104e+06
2.938000e+09	6.859803e+06
2.940000e+09	6.865089e+06
2.942000e+09	6.867037e+06
2.944000e+09	6.869722e+06
2.946000e+09	6.871147e+06
2.948000e+09	6.870236e+06
2.950000e+09	6.869185e+06
2.952000e+09	6.869589e+06
2.954000e+09	6.869722e+06
2.956000e+09	6.870983e+06
2.958000e+09	6.872654e+06
2.960000e+09	6.874355e+06
2.962000e+09	6.871542e+06
2.964000e+09	6.872517e+06
2.966000e+09	6.872109e+06
2.968000e+09	6.872318e+06
2.970000e+09	6.872554e+06
2.972000e+09	6.873265e+06
2.974000e+09	6.871557e+06
2.976000e+09	6.870970e+06
2.978000e+09	6.872220e+06
2.980000e+09	6.873280e+06
2.982000e+09	6.870089e+06
2.984000e+09	6.868684e+06
2.986000e+09	6.865018e+06
2.988000e+09	6.863848e+06
2.990000e+09	6.847844e+06
2.992000e+09	6.845232e+06
2.994000e+09	6.843738e+06
2.996000e+09	6.848086e+06
2.998000e+09	6.853828e+06
3.000000e+09	6.857799e+06
3.002000e+09	6.848272e+06
3.004000e+09	6.842682e+06
3.006000e+09	6.816925e+06
3.008000e+09	6.804118e+06
3.010000e+09	6.806984e+06
3.012000e+09	6.820268e+06
3.014000e+09	6.841708e+06
3.016000e+09	6.857174e+06
3.018000e+09	6.864717e+06
3.020000e+09	6.868088e+06
3.022000e+09	6.871515e+06
3.024000e+09	6.871747e+06
3.026000e+09	6.871662e+06
3.028000e+09	6.873000e+06
3.030000e+09	6.872320e+06
3.032000e+09	6.869029e+06
3.034000e+09	6.872914e+06
3.036000e+09	6.871728e+06
3.038000e+09	6.872288e+06
3.040000e+09	6.870225e+06
3.042000e+09	6.872010e+06
3.044000e+09	6.871065e+06
3.046000e+09	6.872112e+06
3.048000e+09	6.872080e+06
3.050000e+09	6.874177e+06
3.052000e+09	6.872460e+06
3.054000e+09	6.873596e+06
3.056000e+09	6.871989e+06
3.058000e+09	6.874416e+06
3.060000e+09	6.870772e+06
3.062000e+09	6.873596e+06
3.064000e+09	6.871277e+06
3.066000e+09	6.871795e+06
3.068000e+09	6.870239e+06
3.070000e+09	6.872480e+06
3.072000e+09	6.871471e+06
3.074000e+09	6.871820e+06
3.076000e+09	6.872016e+06
3.078000e+09	6.871238e+06
3.080000e+09	6.873885e+06
3.082000e+09	6.872780e+06
3.084000e+09	6.873039e+06
3.086000e+09	6.873433e+06
3.088000e+09	6.872267e+06
3.090000e+09	6.874315e+06
