#Saved Data from the class odmr_logic on 02.08.2022 at 12h52m09s.
#
#Parameters:
#===========
#
#Microwave CW Power (dBm): -3.0000000000000000e+01
#Microwave Sweep Power (dBm): -3.0000000000000000e+00
#Run Time (s): 6.0000000000000000e+02
#Number of frequency sweeps (#): 28
#Start Frequency (Hz): 2.4500000000000000e+09
#Stop Frequency (Hz): 3.2900000000000000e+09
#Step size (Hz): 2.0000000000000000e+06
#Clock Frequencies (Hz): 20
#Channel: 0: /Dev1/Ctr3
#frequency range: 0
#
#Data:
#=====
#frequency (Hz)	count data (counts/s)	
2.450000e+09	6.548832e+06
2.452000e+09	6.549187e+06
2.454000e+09	6.550965e+06
2.456000e+09	6.549879e+06
2.458000e+09	6.547873e+06
2.460000e+09	6.550647e+06
2.462000e+09	6.548590e+06
2.464000e+09	6.548268e+06
2.466000e+09	6.550053e+06
2.468000e+09	6.550924e+06
2.470000e+09	6.550245e+06
2.472000e+09	6.548603e+06
2.474000e+09	6.547476e+06
2.476000e+09	6.550197e+06
2.478000e+09	6.550987e+06
2.480000e+09	6.547788e+06
2.482000e+09	6.546763e+06
2.484000e+09	6.548159e+06
2.486000e+09	6.546669e+06
2.488000e+09	6.548280e+06
2.490000e+09	6.548477e+06
2.492000e+09	6.550716e+06
2.494000e+09	6.548123e+06
2.496000e+09	6.548190e+06
2.498000e+09	6.552136e+06
2.500000e+09	6.548236e+06
2.502000e+09	6.549479e+06
2.504000e+09	6.547767e+06
2.506000e+09	6.548861e+06
2.508000e+09	6.549241e+06
2.510000e+09	6.549851e+06
2.512000e+09	6.549816e+06
2.514000e+09	6.548629e+06
2.516000e+09	6.550144e+06
2.518000e+09	6.552519e+06
2.520000e+09	6.549564e+06
2.522000e+09	6.554028e+06
2.524000e+09	6.548735e+06
2.526000e+09	6.551421e+06
2.528000e+09	6.550710e+06
2.530000e+09	6.547256e+06
2.532000e+09	6.550213e+06
2.534000e+09	6.551144e+06
2.536000e+09	6.549662e+06
2.538000e+09	6.550328e+06
2.540000e+09	6.551515e+06
2.542000e+09	6.546299e+06
2.544000e+09	6.549936e+06
2.546000e+09	6.550934e+06
2.548000e+09	6.547979e+06
2.550000e+09	6.546199e+06
2.552000e+09	6.552919e+06
2.554000e+09	6.550784e+06
2.556000e+09	6.549253e+06
2.558000e+09	6.548854e+06
2.560000e+09	6.550216e+06
2.562000e+09	6.546852e+06
2.564000e+09	6.549545e+06
2.566000e+09	6.548258e+06
2.568000e+09	6.548826e+06
2.570000e+09	6.551476e+06
2.572000e+09	6.550461e+06
2.574000e+09	6.549647e+06
2.576000e+09	6.546749e+06
2.578000e+09	6.549987e+06
2.580000e+09	6.547764e+06
2.582000e+09	6.548174e+06
2.584000e+09	6.550387e+06
2.586000e+09	6.546747e+06
2.588000e+09	6.547301e+06
2.590000e+09	6.553219e+06
2.592000e+09	6.550148e+06
2.594000e+09	6.547203e+06
2.596000e+09	6.544428e+06
2.598000e+09	6.548953e+06
2.600000e+09	6.547293e+06
2.602000e+09	6.548843e+06
2.604000e+09	6.550590e+06
2.606000e+09	6.550347e+06
2.608000e+09	6.546906e+06
2.610000e+09	6.550838e+06
2.612000e+09	6.550259e+06
2.614000e+09	6.548319e+06
2.616000e+09	6.548542e+06
2.618000e+09	6.546607e+06
2.620000e+09	6.548994e+06
2.622000e+09	6.548987e+06
2.624000e+09	6.548697e+06
2.626000e+09	6.549388e+06
2.628000e+09	6.549539e+06
2.630000e+09	6.548139e+06
2.632000e+09	6.551793e+06
2.634000e+09	6.549135e+06
2.636000e+09	6.547465e+06
2.638000e+09	6.545987e+06
2.640000e+09	6.548630e+06
2.642000e+09	6.547813e+06
2.644000e+09	6.545720e+06
2.646000e+09	6.548479e+06
2.648000e+09	6.547792e+06
2.650000e+09	6.549126e+06
2.652000e+09	6.550136e+06
2.654000e+09	6.548225e+06
2.656000e+09	6.545849e+06
2.658000e+09	6.547864e+06
2.660000e+09	6.547764e+06
2.662000e+09	6.550159e+06
2.664000e+09	6.549164e+06
2.666000e+09	6.546813e+06
2.668000e+09	6.547346e+06
2.670000e+09	6.547787e+06
2.672000e+09	6.550053e+06
2.674000e+09	6.547274e+06
2.676000e+09	6.546741e+06
2.678000e+09	6.549537e+06
2.680000e+09	6.546878e+06
2.682000e+09	6.546826e+06
2.684000e+09	6.547619e+06
2.686000e+09	6.546677e+06
2.688000e+09	6.549160e+06
2.690000e+09	6.546061e+06
2.692000e+09	6.548862e+06
2.694000e+09	6.548967e+06
2.696000e+09	6.548881e+06
2.698000e+09	6.546301e+06
2.700000e+09	6.545241e+06
2.702000e+09	6.545096e+06
2.704000e+09	6.546953e+06
2.706000e+09	6.546677e+06
2.708000e+09	6.545400e+06
2.710000e+09	6.549724e+06
2.712000e+09	6.546947e+06
2.714000e+09	6.545008e+06
2.716000e+09	6.547091e+06
2.718000e+09	6.542631e+06
2.720000e+09	6.537487e+06
2.722000e+09	6.531587e+06
2.724000e+09	6.517027e+06
2.726000e+09	6.490271e+06
2.728000e+09	6.477342e+06
2.730000e+09	6.480819e+06
2.732000e+09	6.499074e+06
2.734000e+09	6.520464e+06
2.736000e+09	6.529427e+06
2.738000e+09	6.534281e+06
2.740000e+09	6.529912e+06
2.742000e+09	6.527704e+06
2.744000e+09	6.521517e+06
2.746000e+09	6.493490e+06
2.748000e+09	6.478366e+06
2.750000e+09	6.483564e+06
2.752000e+09	6.496705e+06
2.754000e+09	6.518354e+06
2.756000e+09	6.534682e+06
2.758000e+09	6.540161e+06
2.760000e+09	6.539639e+06
2.762000e+09	6.545636e+06
2.764000e+09	6.546342e+06
2.766000e+09	6.544096e+06
2.768000e+09	6.549016e+06
2.770000e+09	6.546000e+06
2.772000e+09	6.547802e+06
2.774000e+09	6.544364e+06
2.776000e+09	6.548553e+06
2.778000e+09	6.547548e+06
2.780000e+09	6.547612e+06
2.782000e+09	6.548847e+06
2.784000e+09	6.547013e+06
2.786000e+09	6.543865e+06
2.788000e+09	6.545501e+06
2.790000e+09	6.547237e+06
2.792000e+09	6.542021e+06
2.794000e+09	6.542634e+06
2.796000e+09	6.550562e+06
2.798000e+09	6.545552e+06
2.800000e+09	6.547161e+06
2.802000e+09	6.544864e+06
2.804000e+09	6.542234e+06
2.806000e+09	6.545047e+06
2.808000e+09	6.545644e+06
2.810000e+09	6.544392e+06
2.812000e+09	6.545955e+06
2.814000e+09	6.547405e+06
2.816000e+09	6.546459e+06
2.818000e+09	6.546063e+06
2.820000e+09	6.545714e+06
2.822000e+09	6.548931e+06
2.824000e+09	6.543064e+06
2.826000e+09	6.545469e+06
2.828000e+09	6.543319e+06
2.830000e+09	6.540561e+06
2.832000e+09	6.535131e+06
2.834000e+09	6.527004e+06
2.836000e+09	6.511243e+06
2.838000e+09	6.502607e+06
2.840000e+09	6.506784e+06
2.842000e+09	6.519176e+06
2.844000e+09	6.526290e+06
2.846000e+09	6.526073e+06
2.848000e+09	6.521185e+06
2.850000e+09	6.508897e+06
2.852000e+09	6.498435e+06
2.854000e+09	6.474663e+06
2.856000e+09	6.471501e+06
2.858000e+09	6.470979e+06
2.860000e+09	6.489837e+06
2.862000e+09	6.512027e+06
2.864000e+09	6.527141e+06
2.866000e+09	6.531830e+06
2.868000e+09	6.538562e+06
2.870000e+09	6.540207e+06
2.872000e+09	6.542332e+06
2.874000e+09	6.543497e+06
2.876000e+09	6.543794e+06
2.878000e+09	6.544401e+06
2.880000e+09	6.544999e+06
2.882000e+09	6.545659e+06
2.884000e+09	6.544078e+06
2.886000e+09	6.545643e+06
2.888000e+09	6.546040e+06
2.890000e+09	6.543653e+06
2.892000e+09	6.544960e+06
2.894000e+09	6.543017e+06
2.896000e+09	6.544235e+06
2.898000e+09	6.543707e+06
2.900000e+09	6.539236e+06
2.902000e+09	6.539445e+06
2.904000e+09	6.537733e+06
2.906000e+09	6.532724e+06
2.908000e+09	6.518420e+06
2.910000e+09	6.512557e+06
2.912000e+09	6.482216e+06
2.914000e+09	6.477080e+06
2.916000e+09	6.483169e+06
2.918000e+09	6.502126e+06
2.920000e+09	6.520195e+06
2.922000e+09	6.530513e+06
2.924000e+09	6.531233e+06
2.926000e+09	6.534899e+06
2.928000e+09	6.523327e+06
2.930000e+09	6.509201e+06
2.932000e+09	6.507539e+06
2.934000e+09	6.511498e+06
2.936000e+09	6.523061e+06
2.938000e+09	6.536419e+06
2.940000e+09	6.541870e+06
2.942000e+09	6.544428e+06
2.944000e+09	6.543840e+06
2.946000e+09	6.546179e+06
2.948000e+09	6.546339e+06
2.950000e+09	6.545321e+06
2.952000e+09	6.545199e+06
2.954000e+09	6.546919e+06
2.956000e+09	6.545590e+06
2.958000e+09	6.543626e+06
2.960000e+09	6.545107e+06
2.962000e+09	6.545663e+06
2.964000e+09	6.544832e+06
2.966000e+09	6.544093e+06
2.968000e+09	6.546275e+06
2.970000e+09	6.543879e+06
2.972000e+09	6.544942e+06
2.974000e+09	6.546710e+06
2.976000e+09	6.546281e+06
2.978000e+09	6.546861e+06
2.980000e+09	6.547766e+06
2.982000e+09	6.546302e+06
2.984000e+09	6.543530e+06
2.986000e+09	6.548244e+06
2.988000e+09	6.544596e+06
2.990000e+09	6.543943e+06
2.992000e+09	6.545893e+06
2.994000e+09	6.542045e+06
2.996000e+09	6.538050e+06
2.998000e+09	6.532493e+06
3.000000e+09	6.524350e+06
3.002000e+09	6.504173e+06
3.004000e+09	6.476648e+06
3.006000e+09	6.472136e+06
3.008000e+09	6.478361e+06
3.010000e+09	6.508384e+06
3.012000e+09	6.523745e+06
3.014000e+09	6.516360e+06
3.016000e+09	6.516010e+06
3.018000e+09	6.491684e+06
3.020000e+09	6.474659e+06
3.022000e+09	6.475447e+06
3.024000e+09	6.491434e+06
3.026000e+09	6.511247e+06
3.028000e+09	6.531267e+06
3.030000e+09	6.537837e+06
3.032000e+09	6.542956e+06
3.034000e+09	6.544708e+06
3.036000e+09	6.543511e+06
3.038000e+09	6.544175e+06
3.040000e+09	6.546761e+06
3.042000e+09	6.543613e+06
3.044000e+09	6.546864e+06
3.046000e+09	6.546385e+06
3.048000e+09	6.545980e+06
3.050000e+09	6.548406e+06
3.052000e+09	6.547264e+06
3.054000e+09	6.549411e+06
3.056000e+09	6.546432e+06
3.058000e+09	6.546851e+06
3.060000e+09	6.546681e+06
3.062000e+09	6.546676e+06
3.064000e+09	6.543903e+06
3.066000e+09	6.545792e+06
3.068000e+09	6.544194e+06
3.070000e+09	6.547401e+06
3.072000e+09	6.546625e+06
3.074000e+09	6.547477e+06
3.076000e+09	6.547136e+06
3.078000e+09	6.544488e+06
3.080000e+09	6.545894e+06
3.082000e+09	6.546310e+06
3.084000e+09	6.545309e+06
3.086000e+09	6.548081e+06
3.088000e+09	6.547845e+06
3.090000e+09	6.547447e+06
3.092000e+09	6.544966e+06
3.094000e+09	6.548164e+06
3.096000e+09	6.550341e+06
3.098000e+09	6.545239e+06
3.100000e+09	6.549659e+06
3.102000e+09	6.549526e+06
3.104000e+09	6.546816e+06
3.106000e+09	6.547198e+06
3.108000e+09	6.547555e+06
3.110000e+09	6.545477e+06
3.112000e+09	6.546586e+06
3.114000e+09	6.548548e+06
3.116000e+09	6.547424e+06
3.118000e+09	6.546636e+06
3.120000e+09	6.548192e+06
3.122000e+09	6.548170e+06
3.124000e+09	6.549372e+06
3.126000e+09	6.546754e+06
3.128000e+09	6.547136e+06
3.130000e+09	6.548524e+06
3.132000e+09	6.548861e+06
3.134000e+09	6.548458e+06
3.136000e+09	6.547277e+06
3.138000e+09	6.547979e+06
3.140000e+09	6.548124e+06
3.142000e+09	6.546619e+06
3.144000e+09	6.546520e+06
3.146000e+09	6.547646e+06
3.148000e+09	6.552825e+06
3.150000e+09	6.549394e+06
3.152000e+09	6.547211e+06
3.154000e+09	6.549924e+06
3.156000e+09	6.551571e+06
3.158000e+09	6.552213e+06
3.160000e+09	6.550537e+06
3.162000e+09	6.549382e+06
3.164000e+09	6.548659e+06
3.166000e+09	6.548026e+06
3.168000e+09	6.548379e+06
3.170000e+09	6.549447e+06
3.172000e+09	6.548490e+06
3.174000e+09	6.547640e+06
3.176000e+09	6.551484e+06
3.178000e+09	6.550357e+06
3.180000e+09	6.551304e+06
3.182000e+09	6.549001e+06
3.184000e+09	6.549073e+06
3.186000e+09	6.548333e+06
3.188000e+09	6.548073e+06
3.190000e+09	6.548484e+06
3.192000e+09	6.548196e+06
3.194000e+09	6.548437e+06
3.196000e+09	6.550859e+06
3.198000e+09	6.547194e+06
3.200000e+09	6.550694e+06
3.202000e+09	6.548600e+06
3.204000e+09	6.548067e+06
3.206000e+09	6.548357e+06
3.208000e+09	6.548976e+06
3.210000e+09	6.545949e+06
3.212000e+09	6.545743e+06
3.214000e+09	6.550176e+06
3.216000e+09	6.545989e+06
3.218000e+09	6.550026e+06
3.220000e+09	6.547307e+06
3.222000e+09	6.550181e+06
3.224000e+09	6.548769e+06
3.226000e+09	6.551339e+06
3.228000e+09	6.549744e+06
3.230000e+09	6.549692e+06
3.232000e+09	6.550007e+06
3.234000e+09	6.549907e+06
3.236000e+09	6.548174e+06
3.238000e+09	6.550619e+06
3.240000e+09	6.548271e+06
3.242000e+09	6.550682e+06
3.244000e+09	6.551665e+06
3.246000e+09	6.550104e+06
3.248000e+09	6.551819e+06
3.250000e+09	6.548512e+06
3.252000e+09	6.549553e+06
3.254000e+09	6.548881e+06
3.256000e+09	6.547867e+06
3.258000e+09	6.546669e+06
3.260000e+09	6.550497e+06
3.262000e+09	6.550760e+06
3.264000e+09	6.547186e+06
3.266000e+09	6.544218e+06
3.268000e+09	6.550817e+06
3.270000e+09	6.548787e+06
3.272000e+09	6.548858e+06
3.274000e+09	6.549345e+06
3.276000e+09	6.549129e+06
3.278000e+09	6.550926e+06
3.280000e+09	6.551579e+06
3.282000e+09	6.547797e+06
3.284000e+09	6.551582e+06
3.286000e+09	6.548416e+06
3.288000e+09	6.548704e+06
3.290000e+09	6.549515e+06
