#Saved Data from the class odmr_logic on 28.07.2022 at 09h12m42s.
#
#Parameters:
#===========
#
#Microwave CW Power (dBm): -3.0000000000000000e+01
#Microwave Sweep Power (dBm): -1.0000000000000000e+01
#Run Time (s): 3.0000000000000000e+02
#Number of frequency sweeps (#): 48
#Start Frequencies (Hz): [2750000000.0]
#Stop Frequencies (Hz): [2990000000.0]
#Step sizes (Hz): [2000000.0]
#Clock Frequencies (Hz): 20
#Channel: 0: /Dev1/Ctr3
#
#Data:
#=====
#count data (counts/s)
4.846860e+06	4.831800e+06	4.821580e+06	4.831700e+06	4.821500e+06	4.838040e+06	4.823680e+06	4.827160e+06	4.840880e+06	4.825040e+06	4.841500e+06	4.838280e+06	4.827000e+06	4.829820e+06	4.828420e+06	4.829560e+06	4.827240e+06	4.841180e+06	4.831220e+06	4.836380e+06	4.839860e+06	4.838280e+06	4.830460e+06	4.828240e+06	4.843520e+06	4.822660e+06	4.837900e+06	4.837480e+06	4.810120e+06	4.817900e+06	4.822920e+06	4.831960e+06	4.832420e+06	4.822000e+06	4.838680e+06	4.823800e+06	4.829340e+06	4.831380e+06	4.816340e+06	4.840660e+06	4.843240e+06	4.842200e+06	4.831100e+06	4.840980e+06	4.828540e+06	4.817840e+06	4.847860e+06	4.818980e+06	4.820460e+06	4.823460e+06	4.830200e+06	4.814760e+06	4.815540e+06	4.804820e+06	4.810240e+06	4.778980e+06	4.748260e+06	4.716660e+06	4.705560e+06	4.727020e+06	4.762420e+06	4.749000e+06	4.707580e+06	4.722680e+06	4.771780e+06	4.791220e+06	4.808660e+06	4.817240e+06	4.830800e+06	4.832520e+06	4.823700e+06	4.829580e+06	4.816220e+06	4.839060e+06	4.832020e+06	4.824960e+06	4.826080e+06	4.835820e+06	4.817460e+06	4.846960e+06	4.824480e+06	4.822280e+06	4.835000e+06	4.831620e+06	4.856480e+06	4.842360e+06	4.837940e+06	4.850120e+06	4.847700e+06	4.839280e+06	4.839060e+06	4.846300e+06	4.806940e+06	4.845460e+06	4.838180e+06	4.829980e+06	4.839960e+06	4.839260e+06	4.844260e+06	4.845680e+06	4.836720e+06	4.842140e+06	4.823060e+06	4.854100e+06	4.846000e+06	4.833520e+06	4.845140e+06	4.833000e+06	4.842220e+06	4.827800e+06	4.843980e+06	4.851040e+06	4.854500e+06	4.829660e+06	4.830380e+06	4.852780e+06	4.852660e+06	4.841980e+06	4.812400e+06	4.842800e+06	4.840660e+06
4.844420e+06	4.831800e+06	4.832740e+06	4.836960e+06	4.830860e+06	4.853400e+06	4.825960e+06	4.845240e+06	4.841200e+06	4.844440e+06	4.844860e+06	4.844680e+06	4.825340e+06	4.834440e+06	4.831740e+06	4.839340e+06	4.826960e+06	4.823960e+06	4.830660e+06	4.832740e+06	4.840120e+06	4.838940e+06	4.836160e+06	4.826180e+06	4.837320e+06	4.822560e+06	4.839520e+06	4.836960e+06	4.838960e+06	4.824780e+06	4.832400e+06	4.821080e+06	4.845840e+06	4.836540e+06	4.825060e+06	4.836660e+06	4.838520e+06	4.835200e+06	4.828400e+06	4.832060e+06	4.844660e+06	4.839240e+06	4.840560e+06	4.830520e+06	4.828060e+06	4.836060e+06	4.827280e+06	4.828280e+06	4.827160e+06	4.818500e+06	4.818060e+06	4.820460e+06	4.810300e+06	4.809520e+06	4.784860e+06	4.786100e+06	4.759980e+06	4.710560e+06	4.705840e+06	4.710080e+06	4.764620e+06	4.737520e+06	4.715920e+06	4.721040e+06	4.750780e+06	4.774240e+06	4.797820e+06	4.822380e+06	4.830020e+06	4.833000e+06	4.832680e+06	4.837240e+06	4.816320e+06	4.823240e+06	4.810500e+06	4.820360e+06	4.843720e+06	4.828660e+06	4.833820e+06	4.829940e+06	4.828120e+06	4.832160e+06	4.832960e+06	4.815500e+06	4.832080e+06	4.830060e+06	4.824180e+06	4.834460e+06	4.825380e+06	4.828540e+06	4.839520e+06	4.818460e+06	4.850960e+06	4.828740e+06	4.830500e+06	4.839120e+06	4.833500e+06	4.827340e+06	4.837280e+06	4.840980e+06	4.833500e+06	4.839600e+06	4.823540e+06	4.834020e+06	4.825640e+06	4.832480e+06	4.833200e+06	4.832000e+06	4.836220e+06	4.840200e+06	4.832100e+06	4.841440e+06	4.849240e+06	4.827560e+06	4.830380e+06	4.829900e+06	4.829560e+06	4.828280e+06	4.826440e+06	4.839120e+06	4.825040e+06
4.835200e+06	4.846740e+06	4.835000e+06	4.839380e+06	4.836160e+06	4.831620e+06	4.837820e+06	4.847420e+06	4.823460e+06	4.832400e+06	4.839220e+06	4.830980e+06	4.846000e+06	4.837860e+06	4.841040e+06	4.838380e+06	4.845580e+06	4.817320e+06	4.844340e+06	4.832000e+06	4.842700e+06	4.846520e+06	4.845560e+06	4.847040e+06	4.843260e+06	4.833740e+06	4.838980e+06	4.830580e+06	4.849300e+06	4.828000e+06	4.842200e+06	4.824520e+06	4.834340e+06	4.838700e+06	4.828600e+06	4.833260e+06	4.845040e+06	4.846460e+06	4.840140e+06	4.840600e+06	4.843100e+06	4.822940e+06	4.835900e+06	4.847240e+06	4.848020e+06	4.832120e+06	4.842900e+06	4.840340e+06	4.824740e+06	4.841140e+06	4.822400e+06	4.817220e+06	4.816120e+06	4.808260e+06	4.797280e+06	4.789740e+06	4.770920e+06	4.715120e+06	4.725380e+06	4.732780e+06	4.783340e+06	4.767080e+06	4.732860e+06	4.751580e+06	4.759660e+06	4.796040e+06	4.815400e+06	4.825800e+06	4.821780e+06	4.842660e+06	4.832700e+06	4.821640e+06	4.844720e+06	4.837940e+06	4.833320e+06	4.837020e+06	4.848400e+06	4.832880e+06	4.846760e+06	4.833000e+06	4.836620e+06	4.836260e+06	4.836760e+06	4.849420e+06	4.847060e+06	4.850940e+06	4.845340e+06	4.848540e+06	4.844660e+06	4.847460e+06	4.838380e+06	4.855020e+06	4.849240e+06	4.830700e+06	4.837160e+06	4.837080e+06	4.838980e+06	4.830780e+06	4.823800e+06	4.845660e+06	4.842680e+06	4.840340e+06	4.847460e+06	4.843780e+06	4.838440e+06	4.832680e+06	4.835660e+06	4.850080e+06	4.841600e+06	4.845200e+06	4.834320e+06	4.849400e+06	4.848500e+06	4.838460e+06	4.844800e+06	4.848480e+06	4.838480e+06	4.844880e+06	4.842120e+06	4.836000e+06	4.853080e+06
4.835520e+06	4.845460e+06	4.843200e+06	4.836640e+06	4.844340e+06	4.850620e+06	4.821320e+06	4.838060e+06	4.847900e+06	4.843820e+06	4.855120e+06	4.824040e+06	4.851720e+06	4.839140e+06	4.843040e+06	4.849380e+06	4.840480e+06	4.832280e+06	4.839460e+06	4.844440e+06	4.853720e+06	4.843780e+06	4.839780e+06	4.837280e+06	4.859780e+06	4.843580e+06	4.847820e+06	4.841740e+06	4.844060e+06	4.850020e+06	4.827480e+06	4.848900e+06	4.844680e+06	4.848220e+06	4.846920e+06	4.836560e+06	4.826360e+06	4.833900e+06	4.846720e+06	4.832180e+06	4.845620e+06	4.848980e+06	4.831000e+06	4.841380e+06	4.837680e+06	4.828280e+06	4.839360e+06	4.825300e+06	4.821840e+06	4.839480e+06	4.813120e+06	4.823740e+06	4.806560e+06	4.818520e+06	4.810660e+06	4.777000e+06	4.772060e+06	4.707540e+06	4.712480e+06	4.737740e+06	4.766900e+06	4.751320e+06	4.719860e+06	4.747620e+06	4.763900e+06	4.783640e+06	4.810400e+06	4.810280e+06	4.820480e+06	4.834260e+06	4.824580e+06	4.836520e+06	4.829500e+06	4.833360e+06	4.822640e+06	4.841480e+06	4.838000e+06	4.838820e+06	4.837180e+06	4.840140e+06	4.837080e+06	4.836340e+06	4.835940e+06	4.844820e+06	4.853600e+06	4.847420e+06	4.833900e+06	4.843960e+06	4.838820e+06	4.824960e+06	4.830420e+06	4.835840e+06	4.842300e+06	4.848080e+06	4.831680e+06	4.851780e+06	4.831500e+06	4.837800e+06	4.836580e+06	4.834400e+06	4.832300e+06	4.844140e+06	4.833900e+06	4.844540e+06	4.856420e+06	4.852340e+06	4.836400e+06	4.825860e+06	4.841240e+06	4.826960e+06	4.840820e+06	4.837420e+06	4.841920e+06	4.840700e+06	4.842860e+06	4.844460e+06	4.838820e+06	4.839860e+06	4.830100e+06	4.829160e+06	4.832340e+06
4.838400e+06	4.825340e+06	4.823580e+06	4.836840e+06	4.829940e+06	4.840240e+06	4.844340e+06	4.837820e+06	4.836860e+06	4.833420e+06	4.830540e+06	4.834660e+06	4.835700e+06	4.835720e+06	4.839820e+06	4.837300e+06	4.836600e+06	4.849020e+06	4.829020e+06	4.825160e+06	4.831500e+06	4.843320e+06	4.850360e+06	4.838620e+06	4.838940e+06	4.836020e+06	4.837820e+06	4.844960e+06	4.836060e+06	4.826740e+06	4.818140e+06	4.820860e+06	4.838000e+06	4.827580e+06	4.831320e+06	4.838440e+06	4.832040e+06	4.826260e+06	4.829960e+06	4.829600e+06	4.820360e+06	4.817220e+06	4.841540e+06	4.837160e+06	4.837280e+06	4.830560e+06	4.839720e+06	4.839620e+06	4.833820e+06	4.818700e+06	4.828300e+06	4.833060e+06	4.830620e+06	4.816940e+06	4.789500e+06	4.776680e+06	4.765120e+06	4.704960e+06	4.715060e+06	4.736440e+06	4.770440e+06	4.752280e+06	4.721820e+06	4.730940e+06	4.757380e+06	4.802500e+06	4.804980e+06	4.810560e+06	4.831820e+06	4.830080e+06	4.835960e+06	4.827300e+06	4.828220e+06	4.835880e+06	4.828520e+06	4.828340e+06	4.829240e+06	4.838500e+06	4.837700e+06	4.834440e+06	4.833300e+06	4.827020e+06	4.835720e+06	4.830640e+06	4.831460e+06	4.847320e+06	4.840560e+06	4.849620e+06	4.843880e+06	4.854040e+06	4.841440e+06	4.839240e+06	4.828720e+06	4.828040e+06	4.836520e+06	4.843840e+06	4.823140e+06	4.829360e+06	4.842100e+06	4.840740e+06	4.828540e+06	4.844900e+06	4.850120e+06	4.836100e+06	4.841240e+06	4.843840e+06	4.837860e+06	4.857400e+06	4.829380e+06	4.844440e+06	4.829460e+06	4.817280e+06	4.840280e+06	4.832980e+06	4.846300e+06	4.855040e+06	4.830020e+06	4.845960e+06	4.833140e+06	4.844500e+06	4.842800e+06
4.835520e+06	4.825000e+06	4.838900e+06	4.841420e+06	4.817300e+06	4.827020e+06	4.831200e+06	4.833140e+06	4.846700e+06	4.839640e+06	4.843200e+06	4.834420e+06	4.838100e+06	4.834620e+06	4.835900e+06	4.834500e+06	4.827440e+06	4.825860e+06	4.832860e+06	4.841200e+06	4.817460e+06	4.832900e+06	4.830840e+06	4.837620e+06	4.815760e+06	4.845300e+06	4.843400e+06	4.830820e+06	4.830020e+06	4.831800e+06	4.821720e+06	4.822960e+06	4.818220e+06	4.821260e+06	4.843260e+06	4.825520e+06	4.819080e+06	4.820320e+06	4.823680e+06	4.830940e+06	4.851820e+06	4.828060e+06	4.831760e+06	4.855200e+06	4.834480e+06	4.817280e+06	4.814400e+06	4.827360e+06	4.817320e+06	4.818120e+06	4.813720e+06	4.827400e+06	4.814080e+06	4.792280e+06	4.780600e+06	4.786160e+06	4.755460e+06	4.732540e+06	4.708060e+06	4.720780e+06	4.768080e+06	4.744460e+06	4.711160e+06	4.722640e+06	4.746220e+06	4.784420e+06	4.803060e+06	4.819840e+06	4.813900e+06	4.825380e+06	4.820840e+06	4.829180e+06	4.826500e+06	4.847680e+06	4.833180e+06	4.846060e+06	4.826440e+06	4.826160e+06	4.829080e+06	4.833800e+06	4.848320e+06	4.823680e+06	4.826460e+06	4.849640e+06	4.828000e+06	4.815720e+06	4.816920e+06	4.835940e+06	4.841080e+06	4.840060e+06	4.837480e+06	4.832900e+06	4.839320e+06	4.834580e+06	4.824420e+06	4.818440e+06	4.825000e+06	4.830740e+06	4.826300e+06	4.827920e+06	4.838000e+06	4.821320e+06	4.825820e+06	4.836880e+06	4.829580e+06	4.828640e+06	4.828840e+06	4.845500e+06	4.820740e+06	4.829860e+06	4.819720e+06	4.820800e+06	4.823740e+06	4.834040e+06	4.814320e+06	4.832680e+06	4.831800e+06	4.837720e+06	4.849300e+06	4.847440e+06	4.820880e+06
4.839300e+06	4.834200e+06	4.832720e+06	4.821920e+06	4.823680e+06	4.842060e+06	4.822420e+06	4.819820e+06	4.819700e+06	4.826120e+06	4.822180e+06	4.831100e+06	4.828500e+06	4.823980e+06	4.840880e+06	4.835820e+06	4.828500e+06	4.827120e+06	4.827120e+06	4.827660e+06	4.822600e+06	4.827060e+06	4.815080e+06	4.832560e+06	4.829740e+06	4.831440e+06	4.824380e+06	4.822920e+06	4.816860e+06	4.821140e+06	4.823300e+06	4.816460e+06	4.820360e+06	4.834320e+06	4.821140e+06	4.834880e+06	4.840060e+06	4.833860e+06	4.827860e+06	4.820440e+06	4.836120e+06	4.839740e+06	4.829500e+06	4.828620e+06	4.826020e+06	4.835180e+06	4.824380e+06	4.815060e+06	4.828280e+06	4.820240e+06	4.826540e+06	4.820420e+06	4.809340e+06	4.802800e+06	4.799180e+06	4.775580e+06	4.763740e+06	4.704060e+06	4.706560e+06	4.717540e+06	4.761040e+06	4.741200e+06	4.706560e+06	4.730960e+06	4.751180e+06	4.772200e+06	4.792380e+06	4.814160e+06	4.807680e+06	4.831120e+06	4.826940e+06	4.836620e+06	4.829500e+06	4.828280e+06	4.832420e+06	4.839780e+06	4.818840e+06	4.836980e+06	4.833780e+06	4.820360e+06	4.837720e+06	4.815880e+06	4.835940e+06	4.843200e+06	4.806040e+06	4.828440e+06	4.840160e+06	4.838660e+06	4.825260e+06	4.833580e+06	4.833040e+06	4.819540e+06	4.831520e+06	4.818800e+06	4.825160e+06	4.845220e+06	4.822960e+06	4.839640e+06	4.824980e+06	4.835860e+06	4.836240e+06	4.819100e+06	4.818940e+06	4.827360e+06	4.817260e+06	4.831920e+06	4.823240e+06	4.832840e+06	4.835440e+06	4.829960e+06	4.834040e+06	4.841200e+06	4.834720e+06	4.827560e+06	4.839780e+06	4.834500e+06	4.836800e+06	4.837920e+06	4.830900e+06	4.836080e+06	4.837420e+06
4.822000e+06	4.820980e+06	4.826920e+06	4.823440e+06	4.819920e+06	4.819100e+06	4.821060e+06	4.813940e+06	4.839780e+06	4.819600e+06	4.820880e+06	4.826760e+06	4.817980e+06	4.826260e+06	4.826380e+06	4.817620e+06	4.827360e+06	4.823180e+06	4.824860e+06	4.827500e+06	4.821160e+06	4.810600e+06	4.832240e+06	4.842260e+06	4.817960e+06	4.802680e+06	4.828600e+06	4.827420e+06	4.833840e+06	4.830160e+06	4.817400e+06	4.816140e+06	4.814140e+06	4.818540e+06	4.830180e+06	4.815660e+06	4.830940e+06	4.824440e+06	4.826180e+06	4.809340e+06	4.820560e+06	4.812980e+06	4.813800e+06	4.822000e+06	4.833760e+06	4.819520e+06	4.814440e+06	4.827280e+06	4.817100e+06	4.812820e+06	4.810960e+06	4.817340e+06	4.806580e+06	4.778060e+06	4.794860e+06	4.770980e+06	4.752240e+06	4.706920e+06	4.702020e+06	4.703560e+06	4.762920e+06	4.741400e+06	4.711800e+06	4.719680e+06	4.755300e+06	4.784760e+06	4.796800e+06	4.806160e+06	4.800820e+06	4.807720e+06	4.821720e+06	4.837100e+06	4.816360e+06	4.821760e+06	4.813080e+06	4.823660e+06	4.818200e+06	4.821760e+06	4.821980e+06	4.818500e+06	4.845160e+06	4.841260e+06	4.815860e+06	4.818120e+06	4.814060e+06	4.840400e+06	4.838500e+06	4.818200e+06	4.838420e+06	4.819520e+06	4.825760e+06	4.823080e+06	4.825980e+06	4.819780e+06	4.824460e+06	4.823420e+06	4.822460e+06	4.819820e+06	4.817900e+06	4.818600e+06	4.816300e+06	4.832360e+06	4.835120e+06	4.822120e+06	4.822300e+06	4.833860e+06	4.820700e+06	4.819620e+06	4.826600e+06	4.823440e+06	4.833800e+06	4.824440e+06	4.835920e+06	4.828020e+06	4.837600e+06	4.821980e+06	4.840320e+06	4.833400e+06	4.853760e+06	4.833980e+06	4.825920e+06
4.822080e+06	4.832480e+06	4.838160e+06	4.844000e+06	4.826500e+06	4.818100e+06	4.824420e+06	4.819440e+06	4.824700e+06	4.820080e+06	4.824000e+06	4.831240e+06	4.824760e+06	4.822280e+06	4.816980e+06	4.823440e+06	4.831280e+06	4.823100e+06	4.828780e+06	4.824920e+06	4.823180e+06	4.820800e+06	4.820680e+06	4.844540e+06	4.827320e+06	4.835640e+06	4.834140e+06	4.829320e+06	4.820680e+06	4.820500e+06	4.819280e+06	4.827560e+06	4.819820e+06	4.830500e+06	4.820380e+06	4.822020e+06	4.823940e+06	4.824280e+06	4.826540e+06	4.822940e+06	4.835280e+06	4.830240e+06	4.812100e+06	4.825040e+06	4.809280e+06	4.798640e+06	4.822160e+06	4.810160e+06	4.815680e+06	4.808240e+06	4.818860e+06	4.815920e+06	4.787520e+06	4.797720e+06	4.778880e+06	4.772080e+06	4.748680e+06	4.707260e+06	4.687040e+06	4.723360e+06	4.746080e+06	4.728300e+06	4.700180e+06	4.718420e+06	4.737440e+06	4.778020e+06	4.797020e+06	4.803620e+06	4.806560e+06	4.815400e+06	4.821940e+06	4.809140e+06	4.820500e+06	4.823080e+06	4.819220e+06	4.815660e+06	4.825400e+06	4.827140e+06	4.819440e+06	4.814800e+06	4.820140e+06	4.810920e+06	4.838800e+06	4.811520e+06	4.814700e+06	4.816160e+06	4.822720e+06	4.831140e+06	4.818980e+06	4.830380e+06	4.826800e+06	4.810460e+06	4.837280e+06	4.823040e+06	4.816180e+06	4.813640e+06	4.820880e+06	4.820280e+06	4.807700e+06	4.815140e+06	4.814940e+06	4.828780e+06	4.813280e+06	4.824520e+06	4.805740e+06	4.816360e+06	4.813300e+06	4.812320e+06	4.820640e+06	4.832580e+06	4.820740e+06	4.815880e+06	4.833340e+06	4.827760e+06	4.818960e+06	4.828180e+06	4.824240e+06	4.830660e+06	4.827080e+06	4.828680e+06	4.830660e+06
4.825460e+06	4.819100e+06	4.812760e+06	4.811800e+06	4.812780e+06	4.814560e+06	4.814060e+06	4.812760e+06	4.815660e+06	4.817840e+06	4.813280e+06	4.817300e+06	4.811200e+06	4.813260e+06	4.804540e+06	4.816980e+06	4.805040e+06	4.807240e+06	4.812900e+06	4.820280e+06	4.808960e+06	4.804340e+06	4.811160e+06	4.808880e+06	4.804680e+06	4.817140e+06	4.812000e+06	4.797460e+06	4.813140e+06	4.814700e+06	4.806520e+06	4.801780e+06	4.808880e+06	4.816300e+06	4.818220e+06	4.804660e+06	4.812220e+06	4.815040e+06	4.802700e+06	4.813160e+06	4.804780e+06	4.803600e+06	4.822380e+06	4.807560e+06	4.803980e+06	4.813600e+06	4.789340e+06	4.794800e+06	4.805920e+06	4.805740e+06	4.806700e+06	4.791020e+06	4.784520e+06	4.777560e+06	4.796040e+06	4.773940e+06	4.741880e+06	4.702100e+06	4.688280e+06	4.715640e+06	4.758540e+06	4.748700e+06	4.701300e+06	4.714500e+06	4.748100e+06	4.772220e+06	4.793620e+06	4.783360e+06	4.806040e+06	4.811440e+06	4.809060e+06	4.798140e+06	4.815180e+06	4.812380e+06	4.813320e+06	4.805280e+06	4.814960e+06	4.818300e+06	4.812080e+06	4.827220e+06	4.802220e+06	4.806060e+06	4.810480e+06	4.816780e+06	4.828420e+06	4.800520e+06	4.809560e+06	4.819000e+06	4.820740e+06	4.818080e+06	4.810220e+06	4.814340e+06	4.827740e+06	4.820520e+06	4.816220e+06	4.815000e+06	4.808580e+06	4.821940e+06	4.808440e+06	4.826460e+06	4.818020e+06	4.815040e+06	4.816980e+06	4.815000e+06	4.809840e+06	4.825080e+06	4.821540e+06	4.835380e+06	4.839960e+06	4.832040e+06	4.826500e+06	4.827900e+06	4.829100e+06	4.823840e+06	4.826760e+06	4.842220e+06	4.827120e+06	4.823420e+06	4.819240e+06	4.825880e+06	4.822880e+06
4.815540e+06	4.819820e+06	4.822800e+06	4.810000e+06	4.811560e+06	4.811500e+06	4.808560e+06	4.805820e+06	4.807680e+06	4.819500e+06	4.798500e+06	4.815080e+06	4.801180e+06	4.818180e+06	4.800080e+06	4.804620e+06	4.817420e+06	4.815080e+06	4.812140e+06	4.799760e+06	4.814420e+06	4.815660e+06	4.808720e+06	4.817360e+06	4.807940e+06	4.818420e+06	4.799420e+06	4.816060e+06	4.804180e+06	4.808840e+06	4.807820e+06	4.807800e+06	4.798140e+06	4.803120e+06	4.810300e+06	4.810100e+06	4.805720e+06	4.814440e+06	4.807780e+06	4.820580e+06	4.812940e+06	4.818780e+06	4.796000e+06	4.807400e+06	4.805300e+06	4.827920e+06	4.825940e+06	4.807380e+06	4.811300e+06	4.802340e+06	4.788060e+06	4.797480e+06	4.790540e+06	4.783420e+06	4.763440e+06	4.762480e+06	4.745760e+06	4.707900e+06	4.689920e+06	4.694680e+06	4.739500e+06	4.728260e+06	4.695560e+06	4.706000e+06	4.738500e+06	4.770180e+06	4.798420e+06	4.785020e+06	4.792520e+06	4.801780e+06	4.797600e+06	4.807860e+06	4.807680e+06	4.817260e+06	4.809340e+06	4.798340e+06	4.818120e+06	4.820920e+06	4.801680e+06	4.802020e+06	4.805480e+06	4.825000e+06	4.809020e+06	4.803940e+06	4.811880e+06	4.821220e+06	4.815880e+06	4.806420e+06	4.807980e+06	4.817440e+06	4.801220e+06	4.813700e+06	4.809420e+06	4.809580e+06	4.804480e+06	4.815720e+06	4.808880e+06	4.817280e+06	4.803000e+06	4.830600e+06	4.804900e+06	4.818780e+06	4.812600e+06	4.806620e+06	4.812300e+06	4.811460e+06	4.817980e+06	4.810800e+06	4.817700e+06	4.815540e+06	4.807680e+06	4.787920e+06	4.830700e+06	4.820120e+06	4.819760e+06	4.802860e+06	4.824680e+06	4.806580e+06	4.807380e+06	4.805120e+06	4.809600e+06
4.824120e+06	4.805260e+06	4.803480e+06	4.803100e+06	4.799500e+06	4.812220e+06	4.795660e+06	4.810240e+06	4.811760e+06	4.810840e+06	4.807660e+06	4.803680e+06	4.795840e+06	4.785440e+06	4.806040e+06	4.798740e+06	4.805360e+06	4.808240e+06	4.803660e+06	4.802300e+06	4.807320e+06	4.797100e+06	4.790720e+06	4.802680e+06	4.799620e+06	4.803980e+06	4.804600e+06	4.801980e+06	4.794440e+06	4.816920e+06	4.796220e+06	4.810300e+06	4.803260e+06	4.804200e+06	4.801740e+06	4.805000e+06	4.800460e+06	4.795440e+06	4.809060e+06	4.794380e+06	4.801160e+06	4.808840e+06	4.806720e+06	4.798620e+06	4.815280e+06	4.796280e+06	4.796300e+06	4.804780e+06	4.799360e+06	4.798860e+06	4.793760e+06	4.796320e+06	4.790780e+06	4.769940e+06	4.766120e+06	4.759400e+06	4.726960e+06	4.685560e+06	4.672500e+06	4.694480e+06	4.745780e+06	4.727500e+06	4.710960e+06	4.688820e+06	4.732160e+06	4.763020e+06	4.776500e+06	4.781900e+06	4.793500e+06	4.805340e+06	4.798720e+06	4.796660e+06	4.788560e+06	4.799520e+06	4.791120e+06	4.796840e+06	4.821100e+06	4.804120e+06	4.815980e+06	4.813580e+06	4.803020e+06	4.805740e+06	4.817860e+06	4.815440e+06	4.813320e+06	4.816480e+06	4.817080e+06	4.798440e+06	4.804300e+06	4.792340e+06	4.810680e+06	4.806380e+06	4.799680e+06	4.799900e+06	4.808620e+06	4.800420e+06	4.788320e+06	4.816520e+06	4.814780e+06	4.800660e+06	4.801860e+06	4.812760e+06	4.811380e+06	4.800180e+06	4.799660e+06	4.818760e+06	4.802880e+06	4.798960e+06	4.811280e+06	4.805120e+06	4.816360e+06	4.804200e+06	4.795600e+06	4.810420e+06	4.806400e+06	4.804040e+06	4.820320e+06	4.799120e+06	4.814520e+06	4.816180e+06	4.790240e+06
4.806180e+06	4.807160e+06	4.798480e+06	4.808120e+06	4.801240e+06	4.791520e+06	4.806620e+06	4.802020e+06	4.797040e+06	4.799340e+06	4.802020e+06	4.806240e+06	4.825340e+06	4.810640e+06	4.806980e+06	4.797240e+06	4.823900e+06	4.809780e+06	4.813100e+06	4.808420e+06	4.800300e+06	4.797020e+06	4.816260e+06	4.810940e+06	4.821500e+06	4.811880e+06	4.807440e+06	4.793780e+06	4.795220e+06	4.802540e+06	4.811840e+06	4.811200e+06	4.805660e+06	4.804640e+06	4.804900e+06	4.800500e+06	4.811800e+06	4.802000e+06	4.799980e+06	4.815220e+06	4.807840e+06	4.803340e+06	4.803580e+06	4.815660e+06	4.808200e+06	4.789060e+06	4.791640e+06	4.785480e+06	4.792380e+06	4.793500e+06	4.788800e+06	4.794480e+06	4.787920e+06	4.787740e+06	4.772640e+06	4.754020e+06	4.738040e+06	4.687260e+06	4.694380e+06	4.708420e+06	4.728860e+06	4.726800e+06	4.702700e+06	4.701720e+06	4.742160e+06	4.761320e+06	4.783300e+06	4.795000e+06	4.785420e+06	4.776680e+06	4.788900e+06	4.802500e+06	4.807180e+06	4.815840e+06	4.797220e+06	4.782320e+06	4.804080e+06	4.810240e+06	4.801180e+06	4.810440e+06	4.814300e+06	4.808700e+06	4.813000e+06	4.803280e+06	4.810360e+06	4.794640e+06	4.811320e+06	4.814660e+06	4.799780e+06	4.801200e+06	4.796740e+06	4.793520e+06	4.805600e+06	4.786400e+06	4.801220e+06	4.823960e+06	4.805560e+06	4.788240e+06	4.814900e+06	4.800800e+06	4.792200e+06	4.816880e+06	4.807360e+06	4.819080e+06	4.814420e+06	4.807400e+06	4.804260e+06	4.820440e+06	4.808320e+06	4.794060e+06	4.808780e+06	4.810840e+06	4.807380e+06	4.812700e+06	4.807180e+06	4.801600e+06	4.811140e+06	4.816140e+06	4.799480e+06	4.808960e+06	4.803200e+06
4.805480e+06	4.786160e+06	4.797960e+06	4.808540e+06	4.816340e+06	4.793380e+06	4.815460e+06	4.810900e+06	4.793380e+06	4.799540e+06	4.793820e+06	4.798860e+06	4.808540e+06	4.795360e+06	4.793260e+06	4.801580e+06	4.799460e+06	4.804240e+06	4.808620e+06	4.806340e+06	4.808400e+06	4.803580e+06	4.799300e+06	4.807580e+06	4.792120e+06	4.800860e+06	4.799520e+06	4.798200e+06	4.774240e+06	4.786660e+06	4.794500e+06	4.786520e+06	4.790320e+06	4.789920e+06	4.800140e+06	4.813160e+06	4.804720e+06	4.801540e+06	4.803480e+06	4.799420e+06	4.818220e+06	4.805220e+06	4.803800e+06	4.809100e+06	4.807380e+06	4.798040e+06	4.798580e+06	4.787420e+06	4.808300e+06	4.779360e+06	4.777380e+06	4.788780e+06	4.768840e+06	4.765700e+06	4.758460e+06	4.762980e+06	4.724680e+06	4.685420e+06	4.681420e+06	4.680360e+06	4.740180e+06	4.711520e+06	4.681780e+06	4.707840e+06	4.734080e+06	4.768340e+06	4.776580e+06	4.775580e+06	4.792880e+06	4.795300e+06	4.803120e+06	4.794540e+06	4.805420e+06	4.800940e+06	4.803380e+06	4.805720e+06	4.797600e+06	4.797140e+06	4.801380e+06	4.806060e+06	4.811120e+06	4.819680e+06	4.804120e+06	4.798800e+06	4.799680e+06	4.807040e+06	4.811720e+06	4.807020e+06	4.814680e+06	4.786900e+06	4.798680e+06	4.800500e+06	4.798660e+06	4.807760e+06	4.798480e+06	4.802380e+06	4.815240e+06	4.803100e+06	4.811020e+06	4.801360e+06	4.806600e+06	4.812120e+06	4.808920e+06	4.811740e+06	4.796220e+06	4.807580e+06	4.808180e+06	4.796240e+06	4.799820e+06	4.815480e+06	4.806520e+06	4.811860e+06	4.818820e+06	4.805820e+06	4.802980e+06	4.812400e+06	4.828100e+06	4.781040e+06	4.806840e+06	4.813740e+06	4.804960e+06
4.800520e+06	4.813820e+06	4.813360e+06	4.808180e+06	4.818600e+06	4.803360e+06	4.811980e+06	4.790580e+06	4.808900e+06	4.803660e+06	4.793680e+06	4.789840e+06	4.805040e+06	4.793080e+06	4.795460e+06	4.815360e+06	4.795480e+06	4.821100e+06	4.804740e+06	4.793280e+06	4.802240e+06	4.809060e+06	4.796280e+06	4.807020e+06	4.790960e+06	4.791480e+06	4.796140e+06	4.791800e+06	4.800020e+06	4.797760e+06	4.801680e+06	4.798640e+06	4.787040e+06	4.799820e+06	4.794400e+06	4.817140e+06	4.809500e+06	4.804780e+06	4.799120e+06	4.786740e+06	4.798420e+06	4.814900e+06	4.810920e+06	4.789200e+06	4.780980e+06	4.783540e+06	4.788140e+06	4.791340e+06	4.776320e+06	4.792560e+06	4.797980e+06	4.793780e+06	4.780980e+06	4.757880e+06	4.757520e+06	4.749480e+06	4.711620e+06	4.687560e+06	4.680720e+06	4.693280e+06	4.737040e+06	4.714880e+06	4.686300e+06	4.683400e+06	4.727840e+06	4.774500e+06	4.766120e+06	4.780040e+06	4.797880e+06	4.779100e+06	4.792500e+06	4.792840e+06	4.791420e+06	4.804400e+06	4.803840e+06	4.793320e+06	4.806640e+06	4.788940e+06	4.796900e+06	4.794640e+06	4.787220e+06	4.810880e+06	4.814700e+06	4.795060e+06	4.817940e+06	4.804600e+06	4.807640e+06	4.810520e+06	4.801120e+06	4.801300e+06	4.793760e+06	4.789700e+06	4.788740e+06	4.806720e+06	4.799320e+06	4.810200e+06	4.812860e+06	4.802460e+06	4.793240e+06	4.800960e+06	4.802780e+06	4.799340e+06	4.802100e+06	4.809140e+06	4.813380e+06	4.801160e+06	4.805080e+06	4.804300e+06	4.807820e+06	4.807440e+06	4.810140e+06	4.797180e+06	4.807880e+06	4.788920e+06	4.804120e+06	4.796820e+06	4.803280e+06	4.806060e+06	4.810140e+06	4.805700e+06	4.803460e+06
4.782700e+06	4.804380e+06	4.792440e+06	4.786720e+06	4.797640e+06	4.787940e+06	4.802980e+06	4.792060e+06	4.797960e+06	4.800480e+06	4.811080e+06	4.790020e+06	4.796580e+06	4.794700e+06	4.801080e+06	4.814580e+06	4.790580e+06	4.795540e+06	4.799520e+06	4.797500e+06	4.805020e+06	4.806320e+06	4.809280e+06	4.813000e+06	4.807100e+06	4.799480e+06	4.796480e+06	4.804700e+06	4.815500e+06	4.801380e+06	4.803920e+06	4.796060e+06	4.807500e+06	4.791120e+06	4.793960e+06	4.783600e+06	4.796260e+06	4.795640e+06	4.800080e+06	4.813740e+06	4.809160e+06	4.807840e+06	4.812000e+06	4.818320e+06	4.806320e+06	4.811620e+06	4.808580e+06	4.803680e+06	4.809460e+06	4.803660e+06	4.794440e+06	4.788480e+06	4.781960e+06	4.781000e+06	4.773840e+06	4.755100e+06	4.733620e+06	4.684460e+06	4.687840e+06	4.701180e+06	4.740560e+06	4.719780e+06	4.690800e+06	4.702560e+06	4.726600e+06	4.769240e+06	4.798120e+06	4.776200e+06	4.775580e+06	4.782060e+06	4.787900e+06	4.794180e+06	4.798040e+06	4.798060e+06	4.784380e+06	4.796900e+06	4.792640e+06	4.792600e+06	4.797720e+06	4.800680e+06	4.791040e+06	4.800760e+06	4.797080e+06	4.792580e+06	4.814840e+06	4.799160e+06	4.795960e+06	4.796920e+06	4.796860e+06	4.788080e+06	4.805900e+06	4.793160e+06	4.794600e+06	4.809640e+06	4.793680e+06	4.785420e+06	4.802320e+06	4.822900e+06	4.819940e+06	4.807220e+06	4.809360e+06	4.820440e+06	4.806960e+06	4.813800e+06	4.819040e+06	4.803720e+06	4.824640e+06	4.816600e+06	4.818380e+06	4.817940e+06	4.824740e+06	4.814560e+06	4.823540e+06	4.816360e+06	4.829880e+06	4.836500e+06	4.804640e+06	4.829960e+06	4.828220e+06	4.815340e+06	4.827500e+06
4.789280e+06	4.800260e+06	4.786760e+06	4.791740e+06	4.801280e+06	4.784940e+06	4.800580e+06	4.791000e+06	4.789840e+06	4.803020e+06	4.789820e+06	4.792880e+06	4.805060e+06	4.805560e+06	4.798820e+06	4.791160e+06	4.788200e+06	4.783420e+06	4.788320e+06	4.786980e+06	4.795020e+06	4.781160e+06	4.778480e+06	4.774000e+06	4.789540e+06	4.793840e+06	4.788740e+06	4.787900e+06	4.796040e+06	4.800700e+06	4.787000e+06	4.795820e+06	4.789900e+06	4.788500e+06	4.799740e+06	4.789300e+06	4.780240e+06	4.791220e+06	4.792800e+06	4.790080e+06	4.804660e+06	4.791200e+06	4.787300e+06	4.789360e+06	4.790560e+06	4.793020e+06	4.775300e+06	4.783060e+06	4.789880e+06	4.797600e+06	4.789660e+06	4.783200e+06	4.788760e+06	4.761020e+06	4.757200e+06	4.742200e+06	4.707440e+06	4.663180e+06	4.661940e+06	4.695140e+06	4.731260e+06	4.695100e+06	4.688740e+06	4.693720e+06	4.740520e+06	4.755240e+06	4.772700e+06	4.780960e+06	4.775160e+06	4.788900e+06	4.793500e+06	4.801340e+06	4.794700e+06	4.796880e+06	4.797880e+06	4.796020e+06	4.790540e+06	4.795500e+06	4.792880e+06	4.795620e+06	4.785600e+06	4.809900e+06	4.788180e+06	4.792300e+06	4.808200e+06	4.794160e+06	4.796500e+06	4.810800e+06	4.803940e+06	4.780680e+06	4.799780e+06	4.803460e+06	4.787300e+06	4.792320e+06	4.783500e+06	4.787180e+06	4.780500e+06	4.781500e+06	4.814320e+06	4.774360e+06	4.791980e+06	4.800620e+06	4.791060e+06	4.800960e+06	4.801020e+06	4.790500e+06	4.790660e+06	4.792380e+06	4.786180e+06	4.802100e+06	4.805500e+06	4.795900e+06	4.797780e+06	4.801520e+06	4.794380e+06	4.793200e+06	4.775160e+06	4.784760e+06	4.789000e+06	4.812600e+06	4.804980e+06
4.790080e+06	4.790480e+06	4.776400e+06	4.787180e+06	4.798520e+06	4.781400e+06	4.785020e+06	4.792400e+06	4.789660e+06	4.807820e+06	4.786680e+06	4.789680e+06	4.777820e+06	4.792960e+06	4.796740e+06	4.784840e+06	4.790860e+06	4.800360e+06	4.800020e+06	4.785780e+06	4.786700e+06	4.777600e+06	4.771000e+06	4.774400e+06	4.793840e+06	4.793820e+06	4.798140e+06	4.797760e+06	4.778620e+06	4.794920e+06	4.788520e+06	4.789820e+06	4.770600e+06	4.780760e+06	4.776720e+06	4.781160e+06	4.785600e+06	4.798240e+06	4.783540e+06	4.788580e+06	4.794660e+06	4.782520e+06	4.790980e+06	4.790400e+06	4.787220e+06	4.784620e+06	4.778220e+06	4.784820e+06	4.774880e+06	4.772420e+06	4.775620e+06	4.773280e+06	4.765000e+06	4.757640e+06	4.745420e+06	4.727440e+06	4.709800e+06	4.672600e+06	4.671120e+06	4.676680e+06	4.718840e+06	4.706600e+06	4.676220e+06	4.679840e+06	4.713960e+06	4.733400e+06	4.766660e+06	4.756440e+06	4.765700e+06	4.786920e+06	4.803580e+06	4.795220e+06	4.791800e+06	4.808040e+06	4.782920e+06	4.777780e+06	4.787740e+06	4.773600e+06	4.796260e+06	4.793540e+06	4.790400e+06	4.790420e+06	4.779260e+06	4.787760e+06	4.792660e+06	4.789460e+06	4.777460e+06	4.787620e+06	4.782280e+06	4.783580e+06	4.786760e+06	4.784800e+06	4.784880e+06	4.776120e+06	4.795980e+06	4.781460e+06	4.781980e+06	4.799960e+06	4.781400e+06	4.793620e+06	4.797120e+06	4.794780e+06	4.786040e+06	4.786500e+06	4.798780e+06	4.788820e+06	4.790600e+06	4.798580e+06	4.781800e+06	4.780340e+06	4.795020e+06	4.795280e+06	4.801020e+06	4.795540e+06	4.776540e+06	4.790440e+06	4.792740e+06	4.799200e+06	4.797020e+06	4.786960e+06	4.792700e+06
4.777800e+06	4.761600e+06	4.787160e+06	4.778360e+06	4.776620e+06	4.787020e+06	4.769440e+06	4.781740e+06	4.776780e+06	4.781320e+06	4.784020e+06	4.780300e+06	4.779120e+06	4.769580e+06	4.801340e+06	4.782680e+06	4.794780e+06	4.779600e+06	4.768360e+06	4.775100e+06	4.783120e+06	4.774500e+06	4.784840e+06	4.784020e+06	4.773140e+06	4.764460e+06	4.773340e+06	4.768780e+06	4.774960e+06	4.769840e+06	4.780320e+06	4.778480e+06	4.781020e+06	4.775640e+06	4.766420e+06	4.782960e+06	4.780100e+06	4.789040e+06	4.776380e+06	4.788940e+06	4.764000e+06	4.783860e+06	4.769420e+06	4.779940e+06	4.763440e+06	4.780700e+06	4.773860e+06	4.776780e+06	4.772960e+06	4.768680e+06	4.780580e+06	4.769480e+06	4.761040e+06	4.755360e+06	4.732620e+06	4.730540e+06	4.718140e+06	4.673240e+06	4.655420e+06	4.667500e+06	4.720180e+06	4.693180e+06	4.660020e+06	4.677660e+06	4.724040e+06	4.730420e+06	4.755840e+06	4.762160e+06	4.777120e+06	4.782740e+06	4.790460e+06	4.785380e+06	4.774380e+06	4.782400e+06	4.791120e+06	4.788460e+06	4.782960e+06	4.800120e+06	4.796220e+06	4.794940e+06	4.793900e+06	4.787020e+06	4.793940e+06	4.781100e+06	4.787280e+06	4.797820e+06	4.786760e+06	4.800600e+06	4.786340e+06	4.791900e+06	4.782860e+06	4.798760e+06	4.781060e+06	4.788100e+06	4.779860e+06	4.795220e+06	4.794880e+06	4.786640e+06	4.777040e+06	4.785080e+06	4.782360e+06	4.776200e+06	4.785380e+06	4.802480e+06	4.787200e+06	4.798220e+06	4.791880e+06	4.806740e+06	4.798380e+06	4.791980e+06	4.795220e+06	4.786720e+06	4.786780e+06	4.788420e+06	4.778440e+06	4.801420e+06	4.782000e+06	4.778620e+06	4.788920e+06	4.777820e+06	4.785540e+06
4.780740e+06	4.773800e+06	4.771580e+06	4.762180e+06	4.776860e+06	4.772320e+06	4.778220e+06	4.776720e+06	4.783280e+06	4.782220e+06	4.777660e+06	4.782720e+06	4.770060e+06	4.783520e+06	4.774100e+06	4.781600e+06	4.785720e+06	4.775560e+06	4.781640e+06	4.788000e+06	4.787840e+06	4.790560e+06	4.779160e+06	4.783500e+06	4.768100e+06	4.779940e+06	4.773100e+06	4.771700e+06	4.781860e+06	4.765860e+06	4.772200e+06	4.788660e+06	4.771320e+06	4.765720e+06	4.788260e+06	4.776100e+06	4.783040e+06	4.770120e+06	4.779220e+06	4.777840e+06	4.774020e+06	4.775800e+06	4.768180e+06	4.776520e+06	4.784140e+06	4.775160e+06	4.772360e+06	4.770200e+06	4.763280e+06	4.762160e+06	4.770440e+06	4.755220e+06	4.750580e+06	4.745500e+06	4.744140e+06	4.741780e+06	4.698280e+06	4.666700e+06	4.658980e+06	4.667100e+06	4.712460e+06	4.689340e+06	4.654260e+06	4.663040e+06	4.698080e+06	4.734040e+06	4.750800e+06	4.764620e+06	4.770700e+06	4.774760e+06	4.777340e+06	4.776380e+06	4.783560e+06	4.769980e+06	4.772140e+06	4.771560e+06	4.767020e+06	4.770000e+06	4.778580e+06	4.774900e+06	4.771400e+06	4.789420e+06	4.795540e+06	4.786800e+06	4.777800e+06	4.775860e+06	4.773680e+06	4.775660e+06	4.764220e+06	4.778360e+06	4.773280e+06	4.772340e+06	4.769300e+06	4.784240e+06	4.783460e+06	4.772400e+06	4.774560e+06	4.784520e+06	4.785840e+06	4.766180e+06	4.767400e+06	4.779440e+06	4.782260e+06	4.776160e+06	4.769940e+06	4.779800e+06	4.789940e+06	4.786300e+06	4.771960e+06	4.786580e+06	4.777480e+06	4.784320e+06	4.776300e+06	4.775240e+06	4.788300e+06	4.779700e+06	4.785820e+06	4.776720e+06	4.772460e+06	4.777560e+06	4.777180e+06
4.769980e+06	4.763560e+06	4.785420e+06	4.763400e+06	4.773360e+06	4.778300e+06	4.767940e+06	4.771340e+06	4.770400e+06	4.781900e+06	4.774960e+06	4.759000e+06	4.776700e+06	4.761180e+06	4.775220e+06	4.768340e+06	4.765820e+06	4.788100e+06	4.775040e+06	4.780840e+06	4.769440e+06	4.768360e+06	4.777180e+06	4.770840e+06	4.777420e+06	4.765040e+06	4.775420e+06	4.776420e+06	4.759000e+06	4.770760e+06	4.778060e+06	4.758880e+06	4.766740e+06	4.771740e+06	4.758560e+06	4.772600e+06	4.771820e+06	4.772960e+06	4.780500e+06	4.768580e+06	4.768980e+06	4.766820e+06	4.773960e+06	4.764000e+06	4.779700e+06	4.763680e+06	4.761200e+06	4.771780e+06	4.768920e+06	4.757520e+06	4.752260e+06	4.764160e+06	4.738080e+06	4.738460e+06	4.728920e+06	4.718880e+06	4.701900e+06	4.639580e+06	4.641220e+06	4.647680e+06	4.709960e+06	4.694680e+06	4.650760e+06	4.660040e+06	4.695540e+06	4.724780e+06	4.738020e+06	4.758880e+06	4.748580e+06	4.764320e+06	4.761400e+06	4.773960e+06	4.766220e+06	4.752480e+06	4.769200e+06	4.777760e+06	4.768900e+06	4.754460e+06	4.777220e+06	4.755800e+06	4.759300e+06	4.763960e+06	4.773160e+06	4.769500e+06	4.756260e+06	4.768020e+06	4.770980e+06	4.772880e+06	4.773240e+06	4.766820e+06	4.751320e+06	4.763380e+06	4.771360e+06	4.763580e+06	4.776160e+06	4.766200e+06	4.780520e+06	4.759600e+06	4.767900e+06	4.775000e+06	4.769680e+06	4.780940e+06	4.765600e+06	4.781200e+06	4.766840e+06	4.775220e+06	4.776740e+06	4.775940e+06	4.776980e+06	4.776680e+06	4.779700e+06	4.774160e+06	4.766940e+06	4.770640e+06	4.775820e+06	4.763900e+06	4.785420e+06	4.767720e+06	4.769400e+06	4.794060e+06	4.767880e+06
4.748980e+06	4.752820e+06	4.754620e+06	4.757080e+06	4.742460e+06	4.755320e+06	4.759280e+06	4.766860e+06	4.761680e+06	4.766980e+06	4.766840e+06	4.761620e+06	4.762280e+06	4.759620e+06	4.782480e+06	4.778240e+06	4.755600e+06	4.756640e+06	4.747720e+06	4.773360e+06	4.762480e+06	4.766680e+06	4.764240e+06	4.757800e+06	4.765880e+06	4.774640e+06	4.758840e+06	4.760040e+06	4.770060e+06	4.754360e+06	4.761880e+06	4.748600e+06	4.762580e+06	4.762620e+06	4.747000e+06	4.776140e+06	4.761380e+06	4.756680e+06	4.754920e+06	4.773580e+06	4.771560e+06	4.761860e+06	4.767220e+06	4.765880e+06	4.754740e+06	4.772520e+06	4.763600e+06	4.748960e+06	4.755980e+06	4.749360e+06	4.750260e+06	4.741120e+06	4.738960e+06	4.727300e+06	4.737300e+06	4.722240e+06	4.676440e+06	4.644340e+06	4.640720e+06	4.663680e+06	4.707080e+06	4.664340e+06	4.647500e+06	4.656120e+06	4.694700e+06	4.700900e+06	4.737740e+06	4.749680e+06	4.742140e+06	4.752460e+06	4.745680e+06	4.758540e+06	4.757720e+06	4.747720e+06	4.755460e+06	4.759860e+06	4.762120e+06	4.760120e+06	4.760500e+06	4.776220e+06	4.763700e+06	4.762760e+06	4.766120e+06	4.771860e+06	4.768800e+06	4.760520e+06	4.760540e+06	4.758080e+06	4.772060e+06	4.755900e+06	4.762220e+06	4.769400e+06	4.764840e+06	4.765380e+06	4.760160e+06	4.750100e+06	4.769000e+06	4.767480e+06	4.764280e+06	4.767200e+06	4.763160e+06	4.761260e+06	4.779380e+06	4.765840e+06	4.768200e+06	4.769600e+06	4.776240e+06	4.776340e+06	4.754860e+06	4.765480e+06	4.768020e+06	4.774660e+06	4.765920e+06	4.761160e+06	4.766720e+06	4.769660e+06	4.778520e+06	4.766840e+06	4.766360e+06	4.789540e+06	4.776700e+06
4.765940e+06	4.759240e+06	4.739220e+06	4.746300e+06	4.735580e+06	4.758780e+06	4.762340e+06	4.750460e+06	4.744840e+06	4.761360e+06	4.757520e+06	4.760280e+06	4.764500e+06	4.763380e+06	4.743920e+06	4.745460e+06	4.752420e+06	4.769300e+06	4.733100e+06	4.756600e+06	4.746720e+06	4.758940e+06	4.762140e+06	4.757740e+06	4.754100e+06	4.769120e+06	4.741060e+06	4.749900e+06	4.744800e+06	4.754540e+06	4.748520e+06	4.758560e+06	4.756180e+06	4.768340e+06	4.743680e+06	4.743540e+06	4.758980e+06	4.754580e+06	4.753160e+06	4.739560e+06	4.747920e+06	4.755340e+06	4.746860e+06	4.767080e+06	4.757480e+06	4.747560e+06	4.759640e+06	4.755500e+06	4.750320e+06	4.751040e+06	4.744720e+06	4.747880e+06	4.749840e+06	4.733800e+06	4.712140e+06	4.719640e+06	4.677560e+06	4.637420e+06	4.624040e+06	4.637340e+06	4.685420e+06	4.669100e+06	4.637180e+06	4.627340e+06	4.673580e+06	4.703600e+06	4.714880e+06	4.727440e+06	4.741640e+06	4.742000e+06	4.752620e+06	4.765120e+06	4.751040e+06	4.744360e+06	4.759260e+06	4.752980e+06	4.750760e+06	4.749760e+06	4.765240e+06	4.747640e+06	4.751520e+06	4.748400e+06	4.747420e+06	4.750100e+06	4.758100e+06	4.758620e+06	4.749160e+06	4.754940e+06	4.759340e+06	4.745280e+06	4.744800e+06	4.746360e+06	4.751420e+06	4.754020e+06	4.748460e+06	4.753320e+06	4.767300e+06	4.761820e+06	4.768280e+06	4.736300e+06	4.747800e+06	4.750820e+06	4.763340e+06	4.757300e+06	4.752580e+06	4.759280e+06	4.759800e+06	4.738940e+06	4.748000e+06	4.761660e+06	4.754660e+06	4.757200e+06	4.750780e+06	4.770080e+06	4.750700e+06	4.762060e+06	4.773560e+06	4.740760e+06	4.763160e+06	4.768820e+06	4.768240e+06
4.749580e+06	4.748680e+06	4.743480e+06	4.751520e+06	4.744660e+06	4.733440e+06	4.721000e+06	4.747620e+06	4.748700e+06	4.743040e+06	4.737900e+06	4.758980e+06	4.733560e+06	4.732920e+06	4.743700e+06	4.751140e+06	4.734180e+06	4.750760e+06	4.750460e+06	4.739560e+06	4.732380e+06	4.744580e+06	4.728020e+06	4.750720e+06	4.761180e+06	4.737780e+06	4.741440e+06	4.740300e+06	4.740300e+06	4.740400e+06	4.731740e+06	4.740120e+06	4.729500e+06	4.742000e+06	4.743480e+06	4.724640e+06	4.757640e+06	4.743000e+06	4.750900e+06	4.762600e+06	4.749760e+06	4.758080e+06	4.753400e+06	4.747200e+06	4.737160e+06	4.750600e+06	4.746780e+06	4.741640e+06	4.744180e+06	4.725600e+06	4.736960e+06	4.727000e+06	4.735280e+06	4.730260e+06	4.696460e+06	4.693260e+06	4.670560e+06	4.648580e+06	4.622420e+06	4.637780e+06	4.686980e+06	4.652760e+06	4.644160e+06	4.638740e+06	4.686900e+06	4.712920e+06	4.716400e+06	4.734580e+06	4.737580e+06	4.743440e+06	4.738020e+06	4.742480e+06	4.737880e+06	4.751340e+06	4.752020e+06	4.748800e+06	4.746540e+06	4.743000e+06	4.752000e+06	4.746300e+06	4.753200e+06	4.755020e+06	4.764620e+06	4.748200e+06	4.753960e+06	4.742260e+06	4.746340e+06	4.750220e+06	4.753720e+06	4.747240e+06	4.755980e+06	4.753900e+06	4.741980e+06	4.763580e+06	4.753800e+06	4.743120e+06	4.748080e+06	4.743300e+06	4.747980e+06	4.751100e+06	4.747300e+06	4.749020e+06	4.739440e+06	4.755900e+06	4.747540e+06	4.748200e+06	4.734180e+06	4.738420e+06	4.737340e+06	4.762880e+06	4.742620e+06	4.766120e+06	4.761720e+06	4.766300e+06	4.749480e+06	4.746160e+06	4.755000e+06	4.762620e+06	4.770960e+06	4.758000e+06	4.755860e+06
4.729540e+06	4.746660e+06	4.738340e+06	4.751020e+06	4.750800e+06	4.725160e+06	4.727520e+06	4.735500e+06	4.739660e+06	4.742260e+06	4.741480e+06	4.728620e+06	4.734040e+06	4.738440e+06	4.746240e+06	4.754680e+06	4.740980e+06	4.743380e+06	4.744580e+06	4.742160e+06	4.731680e+06	4.741480e+06	4.726060e+06	4.752200e+06	4.717820e+06	4.735380e+06	4.754400e+06	4.744740e+06	4.724940e+06	4.736400e+06	4.759660e+06	4.723740e+06	4.734100e+06	4.733320e+06	4.742780e+06	4.738700e+06	4.729860e+06	4.742680e+06	4.745760e+06	4.744960e+06	4.727380e+06	4.734000e+06	4.732760e+06	4.741560e+06	4.743860e+06	4.738820e+06	4.746020e+06	4.728980e+06	4.728900e+06	4.728280e+06	4.732920e+06	4.717720e+06	4.728120e+06	4.715560e+06	4.709140e+06	4.671080e+06	4.652900e+06	4.632600e+06	4.620880e+06	4.637200e+06	4.682080e+06	4.657160e+06	4.639900e+06	4.642500e+06	4.674920e+06	4.705880e+06	4.713320e+06	4.724000e+06	4.730980e+06	4.744560e+06	4.739500e+06	4.736300e+06	4.750060e+06	4.745400e+06	4.762180e+06	4.739040e+06	4.743300e+06	4.747440e+06	4.750600e+06	4.739920e+06	4.749940e+06	4.735200e+06	4.743740e+06	4.737040e+06	4.748180e+06	4.736400e+06	4.743360e+06	4.742780e+06	4.741760e+06	4.747200e+06	4.742040e+06	4.753480e+06	4.749840e+06	4.745200e+06	4.754520e+06	4.745700e+06	4.748500e+06	4.744240e+06	4.744860e+06	4.749220e+06	4.740440e+06	4.741960e+06	4.741940e+06	4.749100e+06	4.743360e+06	4.757700e+06	4.738420e+06	4.752260e+06	4.736940e+06	4.740000e+06	4.740400e+06	4.747520e+06	4.754520e+06	4.744160e+06	4.751740e+06	4.746100e+06	4.753020e+06	4.748180e+06	4.739920e+06	4.740620e+06	4.744620e+06
4.740420e+06	4.716680e+06	4.732280e+06	4.729360e+06	4.737180e+06	4.729720e+06	4.737780e+06	4.725000e+06	4.733620e+06	4.724440e+06	4.724180e+06	4.731220e+06	4.743380e+06	4.725300e+06	4.740000e+06	4.744640e+06	4.726920e+06	4.725880e+06	4.731120e+06	4.744540e+06	4.736240e+06	4.736260e+06	4.730240e+06	4.720200e+06	4.726740e+06	4.730780e+06	4.725160e+06	4.721680e+06	4.737360e+06	4.721260e+06	4.739920e+06	4.726960e+06	4.713900e+06	4.730400e+06	4.730120e+06	4.724300e+06	4.730840e+06	4.736760e+06	4.728720e+06	4.723160e+06	4.740040e+06	4.731700e+06	4.724920e+06	4.735340e+06	4.728480e+06	4.731540e+06	4.722000e+06	4.725740e+06	4.724880e+06	4.711180e+06	4.725800e+06	4.720660e+06	4.713880e+06	4.699000e+06	4.694240e+06	4.688020e+06	4.662840e+06	4.615040e+06	4.622140e+06	4.620060e+06	4.671440e+06	4.658380e+06	4.628340e+06	4.628600e+06	4.657320e+06	4.689100e+06	4.693820e+06	4.718080e+06	4.723620e+06	4.726020e+06	4.728440e+06	4.713480e+06	4.735260e+06	4.729200e+06	4.750220e+06	4.724240e+06	4.735300e+06	4.727300e+06	4.731140e+06	4.745360e+06	4.743640e+06	4.746960e+06	4.744360e+06	4.734980e+06	4.750580e+06	4.727720e+06	4.743020e+06	4.745480e+06	4.736160e+06	4.746100e+06	4.730340e+06	4.750540e+06	4.734780e+06	4.744100e+06	4.745680e+06	4.747260e+06	4.748760e+06	4.748280e+06	4.739080e+06	4.726180e+06	4.735620e+06	4.739100e+06	4.745960e+06	4.752000e+06	4.742880e+06	4.756380e+06	4.743000e+06	4.727660e+06	4.734940e+06	4.748760e+06	4.738920e+06	4.741100e+06	4.741140e+06	4.742900e+06	4.735820e+06	4.741020e+06	4.741200e+06	4.733000e+06	4.738400e+06	4.744200e+06	4.746780e+06
4.736920e+06	4.731420e+06	4.730620e+06	4.722020e+06	4.734780e+06	4.721560e+06	4.726080e+06	4.742680e+06	4.736300e+06	4.725640e+06	4.729440e+06	4.733080e+06	4.751640e+06	4.722000e+06	4.723540e+06	4.735120e+06	4.719900e+06	4.731400e+06	4.718560e+06	4.731540e+06	4.735340e+06	4.732540e+06	4.727340e+06	4.720720e+06	4.732800e+06	4.732480e+06	4.738480e+06	4.723880e+06	4.729420e+06	4.708960e+06	4.721920e+06	4.713380e+06	4.726860e+06	4.727500e+06	4.715640e+06	4.731800e+06	4.739960e+06	4.715540e+06	4.724160e+06	4.719460e+06	4.728280e+06	4.719700e+06	4.717840e+06	4.718180e+06	4.726780e+06	4.720360e+06	4.721760e+06	4.723320e+06	4.719560e+06	4.726160e+06	4.714140e+06	4.711040e+06	4.700860e+06	4.703220e+06	4.697180e+06	4.686180e+06	4.659380e+06	4.617200e+06	4.618760e+06	4.624940e+06	4.671920e+06	4.648140e+06	4.620140e+06	4.627100e+06	4.660180e+06	4.683020e+06	4.695200e+06	4.711780e+06	4.714300e+06	4.725820e+06	4.729100e+06	4.738920e+06	4.727180e+06	4.731660e+06	4.721720e+06	4.726480e+06	4.724560e+06	4.721580e+06	4.723440e+06	4.722820e+06	4.725200e+06	4.718040e+06	4.725240e+06	4.723280e+06	4.719840e+06	4.707820e+06	4.725760e+06	4.725200e+06	4.717080e+06	4.733780e+06	4.727600e+06	4.717720e+06	4.728460e+06	4.716960e+06	4.720540e+06	4.731580e+06	4.720840e+06	4.722160e+06	4.715260e+06	4.727100e+06	4.726920e+06	4.743580e+06	4.725700e+06	4.724680e+06	4.729440e+06	4.742420e+06	4.723900e+06	4.726360e+06	4.734160e+06	4.735020e+06	4.715260e+06	4.735760e+06	4.725120e+06	4.723400e+06	4.737680e+06	4.747000e+06	4.722500e+06	4.730660e+06	4.725440e+06	4.731360e+06	4.734880e+06
4.697040e+06	4.717620e+06	4.716860e+06	4.715480e+06	4.720160e+06	4.698080e+06	4.727800e+06	4.720000e+06	4.716800e+06	4.723360e+06	4.708940e+06	4.718880e+06	4.716240e+06	4.716580e+06	4.710200e+06	4.715160e+06	4.719820e+06	4.720460e+06	4.707660e+06	4.700000e+06	4.707700e+06	4.716480e+06	4.703280e+06	4.709660e+06	4.711980e+06	4.715800e+06	4.706360e+06	4.715460e+06	4.710100e+06	4.719520e+06	4.714400e+06	4.722940e+06	4.707980e+06	4.699580e+06	4.718960e+06	4.719460e+06	4.701660e+06	4.709940e+06	4.702520e+06	4.718960e+06	4.720340e+06	4.705800e+06	4.714320e+06	4.710420e+06	4.717140e+06	4.700420e+06	4.730600e+06	4.711660e+06	4.706600e+06	4.723660e+06	4.697060e+06	4.705540e+06	4.689700e+06	4.705820e+06	4.682020e+06	4.661840e+06	4.640680e+06	4.598940e+06	4.592840e+06	4.624540e+06	4.654760e+06	4.649460e+06	4.615920e+06	4.601940e+06	4.637380e+06	4.693060e+06	4.682980e+06	4.714960e+06	4.706640e+06	4.742560e+06	4.724440e+06	4.709620e+06	4.704080e+06	4.724680e+06	4.718140e+06	4.723800e+06	4.726280e+06	4.724840e+06	4.712860e+06	4.715440e+06	4.709400e+06	4.717340e+06	4.721860e+06	4.714400e+06	4.721200e+06	4.734500e+06	4.710400e+06	4.714300e+06	4.703900e+06	4.727960e+06	4.727520e+06	4.720080e+06	4.726780e+06	4.719760e+06	4.716260e+06	4.734500e+06	4.731480e+06	4.715540e+06	4.726500e+06	4.718560e+06	4.740440e+06	4.730800e+06	4.714840e+06	4.737820e+06	4.729560e+06	4.712160e+06	4.720540e+06	4.725460e+06	4.729780e+06	4.736020e+06	4.726440e+06	4.736080e+06	4.725000e+06	4.727000e+06	4.733260e+06	4.735400e+06	4.729780e+06	4.743440e+06	4.740640e+06	4.743220e+06	4.728120e+06
4.703120e+06	4.703320e+06	4.717140e+06	4.704800e+06	4.721180e+06	4.711520e+06	4.718420e+06	4.710200e+06	4.707600e+06	4.714520e+06	4.724680e+06	4.722100e+06	4.720540e+06	4.704420e+06	4.709220e+06	4.720660e+06	4.718680e+06	4.710860e+06	4.698380e+06	4.707820e+06	4.703840e+06	4.715940e+06	4.705280e+06	4.708920e+06	4.710880e+06	4.703340e+06	4.711880e+06	4.716220e+06	4.695120e+06	4.717080e+06	4.721460e+06	4.693140e+06	4.716540e+06	4.730520e+06	4.721840e+06	4.712800e+06	4.710120e+06	4.707140e+06	4.717060e+06	4.715520e+06	4.705120e+06	4.706200e+06	4.708280e+06	4.701420e+06	4.699920e+06	4.701800e+06	4.710200e+06	4.712420e+06	4.702500e+06	4.704040e+06	4.685940e+06	4.693800e+06	4.691960e+06	4.683580e+06	4.677620e+06	4.657660e+06	4.639680e+06	4.605780e+06	4.567420e+06	4.595340e+06	4.641880e+06	4.623260e+06	4.609560e+06	4.605520e+06	4.649580e+06	4.659840e+06	4.692820e+06	4.688600e+06	4.695320e+06	4.702800e+06	4.701260e+06	4.708800e+06	4.707260e+06	4.711860e+06	4.701260e+06	4.695100e+06	4.707040e+06	4.708240e+06	4.714380e+06	4.721080e+06	4.709640e+06	4.719540e+06	4.716660e+06	4.711040e+06	4.718400e+06	4.725140e+06	4.716980e+06	4.713100e+06	4.699340e+06	4.721700e+06	4.725720e+06	4.724160e+06	4.716140e+06	4.712180e+06	4.705980e+06	4.718880e+06	4.712500e+06	4.714700e+06	4.712080e+06	4.717200e+06	4.711280e+06	4.708300e+06	4.707640e+06	4.723920e+06	4.717540e+06	4.714100e+06	4.713620e+06	4.705000e+06	4.715440e+06	4.693700e+06	4.708460e+06	4.718340e+06	4.708300e+06	4.709880e+06	4.708020e+06	4.699420e+06	4.731340e+06	4.715260e+06	4.712860e+06	4.714700e+06	4.722680e+06
4.692160e+06	4.675480e+06	4.682080e+06	4.687520e+06	4.678800e+06	4.685680e+06	4.680540e+06	4.698080e+06	4.680940e+06	4.696540e+06	4.680700e+06	4.701620e+06	4.683160e+06	4.694900e+06	4.688140e+06	4.693740e+06	4.708180e+06	4.686080e+06	4.693720e+06	4.695840e+06	4.690980e+06	4.689260e+06	4.691760e+06	4.698300e+06	4.696640e+06	4.683140e+06	4.694940e+06	4.702940e+06	4.682840e+06	4.694100e+06	4.696280e+06	4.699940e+06	4.696160e+06	4.711560e+06	4.696240e+06	4.706260e+06	4.698040e+06	4.702240e+06	4.692920e+06	4.680200e+06	4.693000e+06	4.687920e+06	4.687680e+06	4.696720e+06	4.693160e+06	4.670900e+06	4.685360e+06	4.694800e+06	4.682360e+06	4.680900e+06	4.677200e+06	4.658360e+06	4.659780e+06	4.639640e+06	4.640180e+06	4.647160e+06	4.605840e+06	4.573480e+06	4.569420e+06	4.587540e+06	4.614400e+06	4.606460e+06	4.588280e+06	4.597420e+06	4.626720e+06	4.652640e+06	4.666780e+06	4.665000e+06	4.683840e+06	4.679880e+06	4.693640e+06	4.698040e+06	4.688800e+06	4.684580e+06	4.691420e+06	4.677720e+06	4.685840e+06	4.694840e+06	4.685520e+06	4.691580e+06	4.688600e+06	4.689820e+06	4.690660e+06	4.689500e+06	4.697240e+06	4.689600e+06	4.698320e+06	4.695640e+06	4.691660e+06	4.712540e+06	4.684580e+06	4.690360e+06	4.705100e+06	4.689740e+06	4.683980e+06	4.682720e+06	4.692300e+06	4.684520e+06	4.699800e+06	4.709940e+06	4.699220e+06	4.717300e+06	4.684820e+06	4.688940e+06	4.695860e+06	4.694060e+06	4.706160e+06	4.690700e+06	4.712600e+06	4.694240e+06	4.712840e+06	4.709780e+06	4.700360e+06	4.700860e+06	4.701140e+06	4.704920e+06	4.708440e+06	4.716200e+06	4.707420e+06	4.713500e+06	4.711160e+06
4.691340e+06	4.686980e+06	4.704920e+06	4.692940e+06	4.702760e+06	4.684060e+06	4.702340e+06	4.698160e+06	4.676620e+06	4.690740e+06	4.691940e+06	4.688000e+06	4.701120e+06	4.705540e+06	4.698320e+06	4.702080e+06	4.695920e+06	4.690360e+06	4.693340e+06	4.702820e+06	4.691220e+06	4.686180e+06	4.697280e+06	4.690840e+06	4.696780e+06	4.699160e+06	4.694400e+06	4.697240e+06	4.696700e+06	4.694840e+06	4.693600e+06	4.696860e+06	4.700380e+06	4.698540e+06	4.676780e+06	4.689880e+06	4.697700e+06	4.703680e+06	4.692120e+06	4.701900e+06	4.677280e+06	4.688080e+06	4.689920e+06	4.706920e+06	4.689320e+06	4.686880e+06	4.685780e+06	4.677880e+06	4.693820e+06	4.684220e+06	4.683700e+06	4.688340e+06	4.674740e+06	4.681220e+06	4.660620e+06	4.642380e+06	4.624900e+06	4.573520e+06	4.564260e+06	4.589320e+06	4.627780e+06	4.613620e+06	4.580100e+06	4.595080e+06	4.628980e+06	4.662460e+06	4.672220e+06	4.677000e+06	4.679740e+06	4.686220e+06	4.683320e+06	4.686240e+06	4.695900e+06	4.697540e+06	4.688340e+06	4.684540e+06	4.689300e+06	4.680040e+06	4.681580e+06	4.669920e+06	4.677960e+06	4.683620e+06	4.684580e+06	4.670040e+06	4.691740e+06	4.688840e+06	4.679320e+06	4.692660e+06	4.680800e+06	4.687020e+06	4.686920e+06	4.685360e+06	4.683860e+06	4.695640e+06	4.684440e+06	4.701140e+06	4.688720e+06	4.689340e+06	4.679800e+06	4.682680e+06	4.693420e+06	4.680420e+06	4.690340e+06	4.682600e+06	4.688940e+06	4.682400e+06	4.685600e+06	4.693780e+06	4.669500e+06	4.686740e+06	4.681820e+06	4.687820e+06	4.686200e+06	4.682880e+06	4.677420e+06	4.685100e+06	4.686880e+06	4.686880e+06	4.687160e+06	4.705180e+06	4.682960e+06
4.672300e+06	4.675180e+06	4.669560e+06	4.673140e+06	4.671120e+06	4.651400e+06	4.672480e+06	4.678100e+06	4.666860e+06	4.667160e+06	4.669260e+06	4.666900e+06	4.680780e+06	4.682480e+06	4.685060e+06	4.667860e+06	4.673220e+06	4.672560e+06	4.668600e+06	4.674600e+06	4.675360e+06	4.675580e+06	4.686920e+06	4.672760e+06	4.661900e+06	4.675940e+06	4.682720e+06	4.669700e+06	4.688360e+06	4.671800e+06	4.673740e+06	4.677840e+06	4.671640e+06	4.668980e+06	4.677320e+06	4.681380e+06	4.678800e+06	4.678100e+06	4.675400e+06	4.671180e+06	4.671160e+06	4.681800e+06	4.677200e+06	4.686720e+06	4.687280e+06	4.680460e+06	4.674580e+06	4.673920e+06	4.666000e+06	4.664880e+06	4.656180e+06	4.649100e+06	4.659400e+06	4.658320e+06	4.638180e+06	4.632160e+06	4.608400e+06	4.562460e+06	4.566840e+06	4.586580e+06	4.623320e+06	4.588760e+06	4.578560e+06	4.578740e+06	4.615500e+06	4.645660e+06	4.653020e+06	4.660240e+06	4.674780e+06	4.679640e+06	4.681900e+06	4.673100e+06	4.687100e+06	4.690400e+06	4.688720e+06	4.676240e+06	4.673920e+06	4.688640e+06	4.681880e+06	4.671000e+06	4.671400e+06	4.669580e+06	4.682860e+06	4.684380e+06	4.686980e+06	4.697380e+06	4.676800e+06	4.691960e+06	4.682680e+06	4.688360e+06	4.684960e+06	4.685820e+06	4.691320e+06	4.691000e+06	4.676080e+06	4.694400e+06	4.698000e+06	4.681180e+06	4.701340e+06	4.703080e+06	4.693780e+06	4.692400e+06	4.691100e+06	4.694560e+06	4.700940e+06	4.676140e+06	4.682020e+06	4.693240e+06	4.701320e+06	4.698260e+06	4.704500e+06	4.692620e+06	4.696620e+06	4.698280e+06	4.706520e+06	4.687240e+06	4.688420e+06	4.699940e+06	4.686400e+06	4.684440e+06	4.688680e+06
4.670860e+06	4.665500e+06	4.676520e+06	4.659980e+06	4.680040e+06	4.669920e+06	4.662800e+06	4.672440e+06	4.679980e+06	4.668460e+06	4.664420e+06	4.655700e+06	4.666140e+06	4.668920e+06	4.658440e+06	4.653520e+06	4.662520e+06	4.670220e+06	4.651100e+06	4.664280e+06	4.671320e+06	4.652720e+06	4.665420e+06	4.657040e+06	4.675160e+06	4.662940e+06	4.669840e+06	4.664740e+06	4.658060e+06	4.661440e+06	4.667100e+06	4.670640e+06	4.646100e+06	4.649280e+06	4.654660e+06	4.657820e+06	4.659520e+06	4.656320e+06	4.659760e+06	4.658600e+06	4.664300e+06	4.665020e+06	4.678600e+06	4.658380e+06	4.652240e+06	4.657580e+06	4.661900e+06	4.654400e+06	4.656100e+06	4.657980e+06	4.653260e+06	4.646920e+06	4.656300e+06	4.628680e+06	4.631620e+06	4.623720e+06	4.595820e+06	4.566740e+06	4.542040e+06	4.563760e+06	4.597860e+06	4.589520e+06	4.553980e+06	4.570760e+06	4.592580e+06	4.620720e+06	4.642080e+06	4.656940e+06	4.662540e+06	4.664220e+06	4.654080e+06	4.667900e+06	4.661540e+06	4.646340e+06	4.651600e+06	4.655460e+06	4.667260e+06	4.660720e+06	4.656140e+06	4.671760e+06	4.664560e+06	4.668700e+06	4.670860e+06	4.666580e+06	4.663980e+06	4.664140e+06	4.676360e+06	4.676580e+06	4.672340e+06	4.686740e+06	4.661840e+06	4.672580e+06	4.662820e+06	4.674580e+06	4.657440e+06	4.676140e+06	4.674920e+06	4.676360e+06	4.670120e+06	4.674040e+06	4.656740e+06	4.673420e+06	4.659040e+06	4.673560e+06	4.671640e+06	4.669800e+06	4.676460e+06	4.661620e+06	4.662340e+06	4.665720e+06	4.678500e+06	4.671120e+06	4.676140e+06	4.664140e+06	4.666780e+06	4.666420e+06	4.664880e+06	4.673920e+06	4.679820e+06	4.646680e+06	4.658800e+06
4.642840e+06	4.663580e+06	4.638560e+06	4.640360e+06	4.649080e+06	4.625800e+06	4.640280e+06	4.645220e+06	4.637360e+06	4.623880e+06	4.627000e+06	4.634040e+06	4.642240e+06	4.631100e+06	4.631060e+06	4.633840e+06	4.641540e+06	4.632460e+06	4.648600e+06	4.639580e+06	4.637000e+06	4.633000e+06	4.632720e+06	4.651380e+06	4.640280e+06	4.638680e+06	4.632100e+06	4.632940e+06	4.625940e+06	4.627760e+06	4.646080e+06	4.648400e+06	4.645320e+06	4.627500e+06	4.642680e+06	4.636660e+06	4.646180e+06	4.640800e+06	4.648600e+06	4.648640e+06	4.660660e+06	4.630520e+06	4.639940e+06	4.648680e+06	4.645520e+06	4.643620e+06	4.650180e+06	4.659000e+06	4.652240e+06	4.642680e+06	4.649420e+06	4.643680e+06	4.648280e+06	4.614180e+06	4.621420e+06	4.599140e+06	4.577220e+06	4.550540e+06	4.548340e+06	4.561200e+06	4.596940e+06	4.595180e+06	4.548800e+06	4.564900e+06	4.591460e+06	4.622020e+06	4.635060e+06	4.642320e+06	4.636340e+06	4.657460e+06	4.649280e+06	4.658000e+06	4.653400e+06	4.668660e+06	4.660480e+06	4.658020e+06	4.673060e+06	4.664860e+06	4.666860e+06	4.668000e+06	4.666180e+06	4.665180e+06	4.650720e+06	4.670160e+06	4.663540e+06	4.670880e+06	4.664280e+06	4.674300e+06	4.664620e+06	4.664340e+06	4.658880e+06	4.657220e+06	4.669700e+06	4.657980e+06	4.662220e+06	4.668580e+06	4.665200e+06	4.664180e+06	4.664680e+06	4.657420e+06	4.658760e+06	4.652100e+06	4.666940e+06	4.653320e+06	4.670720e+06	4.657600e+06	4.659820e+06	4.669180e+06	4.672980e+06	4.671620e+06	4.666780e+06	4.653360e+06	4.663780e+06	4.677720e+06	4.678440e+06	4.671000e+06	4.661660e+06	4.690080e+06	4.668300e+06	4.654280e+06	4.680700e+06
4.645780e+06	4.638700e+06	4.649880e+06	4.638760e+06	4.642380e+06	4.663620e+06	4.647180e+06	4.647000e+06	4.652060e+06	4.643280e+06	4.651040e+06	4.654180e+06	4.647980e+06	4.647180e+06	4.648240e+06	4.645700e+06	4.637240e+06	4.667660e+06	4.637420e+06	4.642420e+06	4.661200e+06	4.655500e+06	4.653600e+06	4.650900e+06	4.640520e+06	4.655860e+06	4.649160e+06	4.646360e+06	4.642460e+06	4.644800e+06	4.645820e+06	4.647260e+06	4.642280e+06	4.636660e+06	4.668620e+06	4.660520e+06	4.651760e+06	4.655220e+06	4.645180e+06	4.652360e+06	4.653520e+06	4.656520e+06	4.651040e+06	4.654860e+06	4.656880e+06	4.648140e+06	4.644480e+06	4.639620e+06	4.633120e+06	4.644280e+06	4.639400e+06	4.639080e+06	4.618440e+06	4.613960e+06	4.595660e+06	4.612200e+06	4.588760e+06	4.539560e+06	4.528900e+06	4.547340e+06	4.595820e+06	4.571220e+06	4.554800e+06	4.536280e+06	4.570900e+06	4.611380e+06	4.628520e+06	4.636360e+06	4.644780e+06	4.644600e+06	4.647940e+06	4.644620e+06	4.656980e+06	4.650520e+06	4.637600e+06	4.645000e+06	4.653800e+06	4.643140e+06	4.632460e+06	4.653100e+06	4.650920e+06	4.637720e+06	4.650940e+06	4.651720e+06	4.652320e+06	4.654920e+06	4.656800e+06	4.634100e+06	4.654280e+06	4.645540e+06	4.648220e+06	4.644860e+06	4.647340e+06	4.657520e+06	4.650260e+06	4.633480e+06	4.648800e+06	4.662480e+06	4.638500e+06	4.648080e+06	4.644300e+06	4.642020e+06	4.641020e+06	4.644560e+06	4.653120e+06	4.634640e+06	4.652060e+06	4.633780e+06	4.643500e+06	4.627600e+06	4.641920e+06	4.635840e+06	4.633260e+06	4.636080e+06	4.636500e+06	4.641400e+06	4.642440e+06	4.643000e+06	4.639080e+06	4.645860e+06	4.638220e+06
4.624440e+06	4.628700e+06	4.626200e+06	4.637400e+06	4.639800e+06	4.630540e+06	4.633780e+06	4.623480e+06	4.640280e+06	4.629220e+06	4.631820e+06	4.631400e+06	4.637140e+06	4.623340e+06	4.629120e+06	4.628680e+06	4.619880e+06	4.631900e+06	4.626580e+06	4.632100e+06	4.637240e+06	4.634040e+06	4.635600e+06	4.642000e+06	4.626340e+06	4.619920e+06	4.624860e+06	4.627720e+06	4.632000e+06	4.625040e+06	4.634860e+06	4.634180e+06	4.628280e+06	4.644500e+06	4.635800e+06	4.629540e+06	4.629100e+06	4.631240e+06	4.639200e+06	4.625500e+06	4.627300e+06	4.640400e+06	4.631400e+06	4.642300e+06	4.628740e+06	4.640240e+06	4.630400e+06	4.635300e+06	4.628900e+06	4.623820e+06	4.627340e+06	4.610340e+06	4.605400e+06	4.605680e+06	4.601940e+06	4.598080e+06	4.570560e+06	4.539220e+06	4.524900e+06	4.549680e+06	4.589400e+06	4.552500e+06	4.543480e+06	4.536700e+06	4.577280e+06	4.603880e+06	4.612040e+06	4.628060e+06	4.636800e+06	4.640480e+06	4.623740e+06	4.640980e+06	4.645400e+06	4.632820e+06	4.631260e+06	4.653620e+06	4.642900e+06	4.646460e+06	4.644200e+06	4.640720e+06	4.637060e+06	4.642280e+06	4.642040e+06	4.644700e+06	4.640540e+06	4.634440e+06	4.641460e+06	4.639920e+06	4.646760e+06	4.628300e+06	4.630740e+06	4.645860e+06	4.637700e+06	4.639820e+06	4.633120e+06	4.640860e+06	4.654720e+06	4.647660e+06	4.664320e+06	4.647800e+06	4.654060e+06	4.657020e+06	4.644120e+06	4.653000e+06	4.647060e+06	4.642900e+06	4.652880e+06	4.653540e+06	4.655040e+06	4.649480e+06	4.651480e+06	4.647340e+06	4.663140e+06	4.652440e+06	4.633060e+06	4.646160e+06	4.645260e+06	4.663600e+06	4.651900e+06	4.642040e+06	4.643100e+06
4.621560e+06	4.625120e+06	4.628680e+06	4.637740e+06	4.640720e+06	4.623440e+06	4.630780e+06	4.645900e+06	4.624500e+06	4.638780e+06	4.633920e+06	4.636240e+06	4.643780e+06	4.634340e+06	4.634820e+06	4.629820e+06	4.630040e+06	4.626140e+06	4.626260e+06	4.627360e+06	4.644720e+06	4.636100e+06	4.637520e+06	4.639300e+06	4.634380e+06	4.633340e+06	4.637140e+06	4.633680e+06	4.619980e+06	4.644220e+06	4.629020e+06	4.618240e+06	4.634740e+06	4.637280e+06	4.627540e+06	4.652460e+06	4.633600e+06	4.628360e+06	4.642280e+06	4.637060e+06	4.625780e+06	4.630600e+06	4.632580e+06	4.620360e+06	4.613400e+06	4.625980e+06	4.621720e+06	4.622100e+06	4.614180e+06	4.618260e+06	4.605300e+06	4.619400e+06	4.602960e+06	4.611320e+06	4.598120e+06	4.595000e+06	4.568760e+06	4.509600e+06	4.528280e+06	4.537400e+06	4.552860e+06	4.549940e+06	4.532980e+06	4.531320e+06	4.572100e+06	4.604480e+06	4.610280e+06	4.610800e+06	4.637200e+06	4.639180e+06	4.641900e+06	4.632560e+06	4.640260e+06	4.656060e+06	4.645040e+06	4.641640e+06	4.630720e+06	4.635900e+06	4.648820e+06	4.633520e+06	4.644960e+06	4.641200e+06	4.632940e+06	4.643000e+06	4.638340e+06	4.643120e+06	4.641080e+06	4.632520e+06	4.625280e+06	4.635720e+06	4.639880e+06	4.626080e+06	4.630400e+06	4.628000e+06	4.621220e+06	4.636320e+06	4.622660e+06	4.629580e+06	4.636320e+06	4.637620e+06	4.631840e+06	4.645500e+06	4.635640e+06	4.623120e+06	4.614960e+06	4.622560e+06	4.629800e+06	4.637360e+06	4.626260e+06	4.615420e+06	4.635000e+06	4.614420e+06	4.631400e+06	4.645080e+06	4.633940e+06	4.629060e+06	4.613680e+06	4.617700e+06	4.642740e+06	4.622520e+06	4.625260e+06
4.601440e+06	4.621440e+06	4.625420e+06	4.620460e+06	4.622520e+06	4.634560e+06	4.612580e+06	4.629880e+06	4.616700e+06	4.626000e+06	4.620780e+06	4.618760e+06	4.623780e+06	4.614880e+06	4.617460e+06	4.623540e+06	4.626480e+06	4.615980e+06	4.608000e+06	4.626060e+06	4.626160e+06	4.625600e+06	4.618340e+06	4.604480e+06	4.629220e+06	4.626340e+06	4.602660e+06	4.627300e+06	4.621620e+06	4.616800e+06	4.613960e+06	4.603060e+06	4.608020e+06	4.599380e+06	4.623660e+06	4.615700e+06	4.606440e+06	4.611860e+06	4.611340e+06	4.618360e+06	4.611640e+06	4.609060e+06	4.605640e+06	4.613640e+06	4.621880e+06	4.611100e+06	4.615080e+06	4.606960e+06	4.593980e+06	4.613900e+06	4.592640e+06	4.595940e+06	4.598860e+06	4.585880e+06	4.572400e+06	4.562060e+06	4.530620e+06	4.519220e+06	4.497000e+06	4.510680e+06	4.543560e+06	4.533320e+06	4.515020e+06	4.513380e+06	4.533100e+06	4.583180e+06	4.611020e+06	4.599100e+06	4.603960e+06	4.602080e+06	4.611160e+06	4.612360e+06	4.619500e+06	4.620280e+06	4.600540e+06	4.620720e+06	4.620300e+06	4.615540e+06	4.615640e+06	4.635600e+06	4.644280e+06	4.631080e+06	4.625640e+06	4.627720e+06	4.627220e+06	4.637680e+06	4.621240e+06	4.629000e+06	4.618900e+06	4.622620e+06	4.624640e+06	4.625280e+06	4.634800e+06	4.628000e+06	4.627980e+06	4.629200e+06	4.621580e+06	4.621840e+06	4.640520e+06	4.624560e+06	4.637480e+06	4.617780e+06	4.623600e+06	4.625300e+06	4.622860e+06	4.642940e+06	4.626340e+06	4.632320e+06	4.639500e+06	4.635340e+06	4.637300e+06	4.629460e+06	4.642540e+06	4.635980e+06	4.622240e+06	4.628920e+06	4.626600e+06	4.630280e+06	4.633520e+06	4.630860e+06	4.626700e+06
4.591300e+06	4.585980e+06	4.599740e+06	4.606180e+06	4.591000e+06	4.596120e+06	4.608260e+06	4.591240e+06	4.592000e+06	4.580920e+06	4.599940e+06	4.605900e+06	4.609500e+06	4.608540e+06	4.605780e+06	4.599740e+06	4.608420e+06	4.576900e+06	4.591060e+06	4.603220e+06	4.603760e+06	4.600820e+06	4.609740e+06	4.612680e+06	4.610360e+06	4.591160e+06	4.614880e+06	4.597180e+06	4.605300e+06	4.602000e+06	4.605640e+06	4.592800e+06	4.592980e+06	4.601200e+06	4.611560e+06	4.617520e+06	4.605940e+06	4.609740e+06	4.609400e+06	4.598160e+06	4.596220e+06	4.601340e+06	4.619060e+06	4.600640e+06	4.626280e+06	4.606280e+06	4.610860e+06	4.595820e+06	4.595720e+06	4.598420e+06	4.596960e+06	4.606600e+06	4.586240e+06	4.588960e+06	4.587260e+06	4.564300e+06	4.532680e+06	4.497460e+06	4.480420e+06	4.494640e+06	4.534380e+06	4.520000e+06	4.506860e+06	4.519160e+06	4.531680e+06	4.575000e+06	4.588340e+06	4.586040e+06	4.604300e+06	4.599080e+06	4.605900e+06	4.611380e+06	4.604680e+06	4.628060e+06	4.604160e+06	4.599580e+06	4.605220e+06	4.598420e+06	4.603840e+06	4.609620e+06	4.604160e+06	4.608400e+06	4.619900e+06	4.618260e+06	4.609860e+06	4.612020e+06	4.609540e+06	4.604980e+06	4.625340e+06	4.620700e+06	4.607240e+06	4.616480e+06	4.615740e+06	4.618420e+06	4.600640e+06	4.615160e+06	4.618600e+06	4.616340e+06	4.614280e+06	4.619160e+06	4.609040e+06	4.628100e+06	4.617500e+06	4.600540e+06	4.618640e+06	4.602980e+06	4.596880e+06	4.608180e+06	4.610740e+06	4.611080e+06	4.617760e+06	4.613760e+06	4.613300e+06	4.615820e+06	4.617900e+06	4.606040e+06	4.610880e+06	4.612840e+06	4.612260e+06	4.620560e+06	4.618460e+06
4.569300e+06	4.577760e+06	4.593840e+06	4.581960e+06	4.595320e+06	4.586860e+06	4.581160e+06	4.597560e+06	4.591600e+06	4.586640e+06	4.596940e+06	4.587720e+06	4.579740e+06	4.577440e+06	4.590420e+06	4.585420e+06	4.590280e+06	4.574480e+06	4.579240e+06	4.574380e+06	4.583060e+06	4.581640e+06	4.590500e+06	4.592580e+06	4.586000e+06	4.594320e+06	4.586220e+06	4.597240e+06	4.590180e+06	4.571140e+06	4.586380e+06	4.589380e+06	4.587380e+06	4.581580e+06	4.594880e+06	4.586860e+06	4.597620e+06	4.592000e+06	4.600580e+06	4.605520e+06	4.599040e+06	4.608320e+06	4.603300e+06	4.597040e+06	4.592320e+06	4.601340e+06	4.583760e+06	4.600160e+06	4.606920e+06	4.591360e+06	4.591120e+06	4.583020e+06	4.577240e+06	4.583340e+06	4.565860e+06	4.554040e+06	4.542560e+06	4.494560e+06	4.476780e+06	4.507940e+06	4.543640e+06	4.533720e+06	4.503520e+06	4.493880e+06	4.537760e+06	4.557620e+06	4.579100e+06	4.576160e+06	4.600420e+06	4.592700e+06	4.585640e+06	4.596960e+06	4.607020e+06	4.583340e+06	4.605320e+06	4.602720e+06	4.585060e+06	4.586040e+06	4.595360e+06	4.590740e+06	4.597280e+06	4.590380e+06	4.588660e+06	4.601100e+06	4.595260e+06	4.603540e+06	4.600740e+06	4.595900e+06	4.599900e+06	4.603600e+06	4.598280e+06	4.612020e+06	4.609480e+06	4.591440e+06	4.597540e+06	4.577660e+06	4.584400e+06	4.598880e+06	4.593180e+06	4.594520e+06	4.608400e+06	4.597860e+06	4.606920e+06	4.590600e+06	4.596260e+06	4.591660e+06	4.610880e+06	4.609640e+06	4.587500e+06	4.609780e+06	4.607600e+06	4.596260e+06	4.583460e+06	4.603760e+06	4.603460e+06	4.607380e+06	4.602240e+06	4.603700e+06	4.611100e+06	4.603300e+06	4.615100e+06
4.594120e+06	4.591400e+06	4.581940e+06	4.585560e+06	4.598560e+06	4.580420e+06	4.600440e+06	4.595920e+06	4.582340e+06	4.587360e+06	4.604500e+06	4.586320e+06	4.582560e+06	4.592800e+06	4.585580e+06	4.589020e+06	4.592520e+06	4.588640e+06	4.580300e+06	4.603620e+06	4.591940e+06	4.604800e+06	4.596320e+06	4.594800e+06	4.588380e+06	4.589400e+06	4.596020e+06	4.580440e+06	4.583260e+06	4.578420e+06	4.582000e+06	4.569080e+06	4.592200e+06	4.588920e+06	4.579140e+06	4.577760e+06	4.596860e+06	4.577780e+06	4.597860e+06	4.591460e+06	4.596780e+06	4.581840e+06	4.586740e+06	4.585580e+06	4.598400e+06	4.603100e+06	4.589380e+06	4.594900e+06	4.594660e+06	4.597160e+06	4.572300e+06	4.588620e+06	4.583840e+06	4.558020e+06	4.561000e+06	4.555620e+06	4.530080e+06	4.492540e+06	4.474140e+06	4.497600e+06	4.535060e+06	4.518000e+06	4.488120e+06	4.488640e+06	4.533540e+06	4.563920e+06	4.566500e+06	4.582900e+06	4.580080e+06	4.583240e+06	4.592940e+06	4.581680e+06	4.597920e+06	4.603200e+06	4.586900e+06	4.586680e+06	4.602760e+06	4.596680e+06	4.609860e+06	4.584260e+06	4.601720e+06	4.577120e+06	4.586340e+06	4.603140e+06	4.588960e+06	4.584460e+06	4.584100e+06	4.585620e+06	4.579180e+06	4.590400e+06	4.609340e+06	4.587860e+06	4.600380e+06	4.589120e+06	4.586740e+06	4.578240e+06	4.582060e+06	4.585700e+06	4.577940e+06	4.577040e+06	4.580620e+06	4.581680e+06	4.597860e+06	4.575060e+06	4.587200e+06	4.594420e+06	4.590180e+06	4.581480e+06	4.591120e+06	4.574280e+06	4.590620e+06	4.580660e+06	4.597180e+06	4.591860e+06	4.591280e+06	4.588580e+06	4.588500e+06	4.580300e+06	4.592860e+06	4.596060e+06	4.579640e+06
4.578540e+06	4.570320e+06	4.576660e+06	4.586960e+06	4.578200e+06	4.571460e+06	4.591080e+06	4.585820e+06	4.578920e+06	4.569080e+06	4.569340e+06	4.580320e+06	4.577100e+06	4.590120e+06	4.580360e+06	4.574940e+06	4.587820e+06	4.583140e+06	4.594120e+06	4.573680e+06	4.584580e+06	4.581440e+06	4.586520e+06	4.593320e+06	4.576900e+06	4.577340e+06	4.580220e+06	4.578220e+06	4.601940e+06	4.582840e+06	4.573920e+06	4.583280e+06	4.589320e+06	4.578760e+06	4.580020e+06	4.580300e+06	4.580040e+06	4.583700e+06	4.577440e+06	4.582760e+06	4.574760e+06	4.573740e+06	4.588760e+06	4.592180e+06	4.578540e+06	4.594080e+06	4.586080e+06	4.573520e+06	4.570920e+06	4.565640e+06	4.569320e+06	4.578240e+06	4.558300e+06	4.565380e+06	4.534660e+06	4.548260e+06	4.500900e+06	4.475540e+06	4.468820e+06	4.474380e+06	4.513400e+06	4.495500e+06	4.482220e+06	4.485920e+06	4.508860e+06	4.542360e+06	4.550660e+06	4.547060e+06	4.566180e+06	4.570160e+06	4.570660e+06	4.586140e+06	4.569540e+06	4.576780e+06	4.577580e+06	4.582820e+06	4.569360e+06	4.587520e+06	4.578160e+06	4.587520e+06	4.580240e+06	4.585940e+06	4.576280e+06	4.593700e+06	4.583460e+06	4.592020e+06	4.583680e+06	4.582720e+06	4.583200e+06	4.600020e+06	4.592800e+06	4.589000e+06	4.576920e+06	4.576260e+06	4.562340e+06	4.580420e+06	4.590960e+06	4.585140e+06	4.590580e+06	4.572800e+06	4.585680e+06	4.591440e+06	4.586520e+06	4.580880e+06	4.573920e+06	4.586540e+06	4.588980e+06	4.596120e+06	4.590060e+06	4.576420e+06	4.587000e+06	4.586960e+06	4.574460e+06	4.590080e+06	4.595280e+06	4.581260e+06	4.591380e+06	4.583060e+06	4.577420e+06	4.588860e+06	4.581520e+06
4.566760e+06	4.560340e+06	4.557000e+06	4.580500e+06	4.555700e+06	4.561980e+06	4.571080e+06	4.578760e+06	4.565660e+06	4.569280e+06	4.582240e+06	4.572940e+06	4.555240e+06	4.562480e+06	4.567540e+06	4.568120e+06	4.578960e+06	4.574060e+06	4.567900e+06	4.576180e+06	4.574960e+06	4.578680e+06	4.570600e+06	4.580860e+06	4.562060e+06	4.571660e+06	4.562620e+06	4.567320e+06	4.576540e+06	4.570340e+06	4.556980e+06	4.579920e+06	4.560300e+06	4.563620e+06	4.565020e+06	4.570440e+06	4.564020e+06	4.575640e+06	4.581540e+06	4.570220e+06	4.576420e+06	4.580020e+06	4.565480e+06	4.570040e+06	4.581200e+06	4.564760e+06	4.564180e+06	4.568940e+06	4.561880e+06	4.550940e+06	4.557040e+06	4.548360e+06	4.558680e+06	4.535720e+06	4.528440e+06	4.524640e+06	4.509100e+06	4.462300e+06	4.444940e+06	4.462460e+06	4.506740e+06	4.481920e+06	4.474660e+06	4.471140e+06	4.505160e+06	4.544860e+06	4.548520e+06	4.561900e+06	4.566620e+06	4.572280e+06	4.584540e+06	4.560740e+06	4.569480e+06	4.571220e+06	4.576620e+06	4.569880e+06	4.573300e+06	4.571660e+06	4.574880e+06	4.581380e+06	4.583440e+06	4.574880e+06	4.583880e+06	4.571060e+06	4.586440e+06	4.579820e+06	4.579240e+06	4.581960e+06	4.584040e+06	4.589240e+06	4.587360e+06	4.572700e+06	4.574940e+06	4.585080e+06	4.572880e+06	4.574800e+06	4.573660e+06	4.558720e+06	4.575540e+06	4.569460e+06	4.581220e+06	4.568440e+06	4.580220e+06	4.593320e+06	4.570960e+06	4.596540e+06	4.604480e+06	4.568860e+06	4.569920e+06	4.595800e+06	4.571620e+06	4.578260e+06	4.580840e+06	4.587860e+06	4.581040e+06	4.567300e+06	4.578080e+06	4.578340e+06	4.584300e+06	4.577660e+06	4.574940e+06
4.542540e+06	4.555980e+06	4.540220e+06	4.545300e+06	4.562820e+06	4.561860e+06	4.545980e+06	4.555540e+06	4.559260e+06	4.552780e+06	4.563580e+06	4.537140e+06	4.562540e+06	4.536000e+06	4.549520e+06	4.549880e+06	4.545220e+06	4.545100e+06	4.554820e+06	4.557040e+06	4.540740e+06	4.544320e+06	4.542820e+06	4.540460e+06	4.549820e+06	4.549260e+06	4.550940e+06	4.531560e+06	4.554120e+06	4.536640e+06	4.559340e+06	4.539860e+06	4.548860e+06	4.536360e+06	4.548000e+06	4.539700e+06	4.563400e+06	4.559480e+06	4.548320e+06	4.545340e+06	4.553980e+06	4.552520e+06	4.549240e+06	4.553360e+06	4.556240e+06	4.527240e+06	4.543560e+06	4.552020e+06	4.539420e+06	4.535240e+06	4.538460e+06	4.537180e+06	4.520940e+06	4.518980e+06	4.525040e+06	4.513980e+06	4.492080e+06	4.437820e+06	4.424460e+06	4.454420e+06	4.482940e+06	4.474780e+06	4.438200e+06	4.437940e+06	4.488440e+06	4.515180e+06	4.538900e+06	4.527880e+06	4.544960e+06	4.551160e+06	4.538380e+06	4.558120e+06	4.555760e+06	4.547620e+06	4.563320e+06	4.558580e+06	4.555180e+06	4.553320e+06	4.561220e+06	4.558220e+06	4.550460e+06	4.560440e+06	4.564480e+06	4.554780e+06	4.562080e+06	4.570920e+06	4.568600e+06	4.541500e+06	4.565300e+06	4.551880e+06	4.566100e+06	4.573240e+06	4.567740e+06	4.555680e+06	4.562520e+06	4.575600e+06	4.565940e+06	4.559320e+06	4.555140e+06	4.565080e+06	4.554320e+06	4.565680e+06	4.557760e+06	4.563180e+06	4.567980e+06	4.539660e+06	4.557020e+06	4.564600e+06	4.553320e+06	4.571420e+06	4.568220e+06	4.572500e+06	4.577380e+06	4.564520e+06	4.579640e+06	4.546460e+06	4.560420e+06	4.571280e+06	4.554780e+06	4.566080e+06	4.566600e+06
4.533980e+06	4.529220e+06	4.531620e+06	4.529420e+06	4.535840e+06	4.530000e+06	4.549180e+06	4.546840e+06	4.537420e+06	4.530460e+06	4.546180e+06	4.536400e+06	4.524340e+06	4.524920e+06	4.537420e+06	4.531880e+06	4.531120e+06	4.519980e+06	4.531520e+06	4.531680e+06	4.525120e+06	4.529000e+06	4.517400e+06	4.540180e+06	4.515980e+06	4.536940e+06	4.527120e+06	4.516700e+06	4.525200e+06	4.520900e+06	4.517060e+06	4.532620e+06	4.530660e+06	4.538360e+06	4.544540e+06	4.524820e+06	4.527180e+06	4.543220e+06	4.525160e+06	4.524640e+06	4.536000e+06	4.532680e+06	4.525340e+06	4.532320e+06	4.521280e+06	4.517400e+06	4.541620e+06	4.535000e+06	4.519580e+06	4.522320e+06	4.505660e+06	4.515180e+06	4.488480e+06	4.500680e+06	4.484420e+06	4.481140e+06	4.460160e+06	4.421520e+06	4.415180e+06	4.425240e+06	4.468900e+06	4.467840e+06	4.419060e+06	4.442440e+06	4.458300e+06	4.494040e+06	4.504300e+06	4.510060e+06	4.526100e+06	4.518860e+06	4.538160e+06	4.541080e+06	4.525720e+06	4.542260e+06	4.527940e+06	4.524000e+06	4.544720e+06	4.545560e+06	4.539780e+06	4.530580e+06	4.535760e+06	4.531160e+06	4.534720e+06	4.528140e+06	4.545460e+06	4.537740e+06	4.544040e+06	4.544240e+06	4.544820e+06	4.548600e+06	4.540760e+06	4.542000e+06	4.536260e+06	4.537400e+06	4.548400e+06	4.550400e+06	4.557100e+06	4.540960e+06	4.536540e+06	4.522440e+06	4.550400e+06	4.548500e+06	4.531460e+06	4.537360e+06	4.543540e+06	4.541120e+06	4.539400e+06	4.556520e+06	4.548080e+06	4.545940e+06	4.541080e+06	4.545600e+06	4.541300e+06	4.558720e+06	4.557300e+06	4.530560e+06	4.551100e+06	4.564420e+06	4.557060e+06	4.551480e+06	4.540460e+06
4.472120e+06	4.465480e+06	4.473240e+06	4.480580e+06	4.485560e+06	4.476320e+06	4.477180e+06	4.473060e+06	4.483720e+06	4.474760e+06	4.485900e+06	4.477540e+06	4.480480e+06	4.483140e+06	4.496360e+06	4.470960e+06	4.474980e+06	4.499360e+06	4.476420e+06	4.481320e+06	4.486480e+06	4.489600e+06	4.489760e+06	4.485680e+06	4.488220e+06	4.498420e+06	4.489900e+06	4.482820e+06	4.486620e+06	4.479080e+06	4.504480e+06	4.499840e+06	4.497240e+06	4.478840e+06	4.498920e+06	4.482360e+06	4.504080e+06	4.497160e+06	4.500440e+06	4.492600e+06	4.498860e+06	4.498140e+06	4.499380e+06	4.480880e+06	4.497540e+06	4.498840e+06	4.496860e+06	4.489520e+06	4.490060e+06	4.480900e+06	4.483300e+06	4.490080e+06	4.478360e+06	4.474680e+06	4.480680e+06	4.470920e+06	4.455220e+06	4.404040e+06	4.387680e+06	4.403700e+06	4.451900e+06	4.432740e+06	4.412140e+06	4.417880e+06	4.433440e+06	4.466700e+06	4.468840e+06	4.493040e+06	4.499280e+06	4.500200e+06	4.514420e+06	4.511540e+06	4.503840e+06	4.493240e+06	4.515800e+06	4.501740e+06	4.516700e+06	4.511340e+06	4.506060e+06	4.520880e+06	4.525020e+06	4.518080e+06	4.535800e+06	4.524520e+06	4.532900e+06	4.525560e+06	4.522580e+06	4.520560e+06	4.523600e+06	4.536460e+06	4.525440e+06	4.526340e+06	4.506420e+06	4.517960e+06	4.512100e+06	4.520480e+06	4.535260e+06	4.536480e+06	4.510660e+06	4.525880e+06	4.523480e+06	4.519800e+06	4.517140e+06	4.515060e+06	4.523580e+06	4.515020e+06	4.518160e+06	4.519240e+06	4.530440e+06	4.528940e+06	4.542580e+06	4.525060e+06	4.524320e+06	4.529780e+06	4.537560e+06	4.528200e+06	4.526660e+06	4.521660e+06	4.535640e+06	4.528060e+06	4.540000e+06
4.471980e+06	4.467520e+06	4.472880e+06	4.461200e+06	4.461020e+06	4.467160e+06	4.452180e+06	4.473460e+06	4.466660e+06	4.458560e+06	4.456600e+06	4.470960e+06	4.457660e+06	4.480860e+06	4.466500e+06	4.464180e+06	4.467820e+06	4.456160e+06	4.473980e+06	4.460220e+06	4.462740e+06	4.470600e+06	4.448660e+06	4.474160e+06	4.458060e+06	4.471980e+06	4.462840e+06	4.465980e+06	4.469580e+06	4.452700e+06	4.443140e+06	4.460000e+06	4.471140e+06	4.455320e+06	4.453680e+06	4.465460e+06	4.469100e+06	4.470000e+06	4.468240e+06	4.452740e+06	4.465860e+06	4.470880e+06	4.450400e+06	4.462700e+06	4.462780e+06	4.463080e+06	4.449640e+06	4.463600e+06	4.454740e+06	4.444800e+06	4.450420e+06	4.455340e+06	4.437680e+06	4.452080e+06	4.434420e+06	4.419420e+06	4.400500e+06	4.353560e+06	4.363280e+06	4.357700e+06	4.412220e+06	4.393140e+06	4.377140e+06	4.376880e+06	4.405700e+06	4.427900e+06	4.442320e+06	4.446980e+06	4.459240e+06	4.469520e+06	4.451300e+06	4.472900e+06	4.472000e+06	4.461840e+06	4.467380e+06	4.480900e+06	4.480880e+06	4.478920e+06	4.482100e+06	4.471480e+06	4.484160e+06	4.472420e+06	4.477920e+06	4.477120e+06	4.489200e+06	4.473480e+06	4.464580e+06	4.477720e+06	4.490820e+06	4.484320e+06	4.475700e+06	4.481080e+06	4.491080e+06	4.465460e+06	4.473980e+06	4.481560e+06	4.481680e+06	4.489200e+06	4.473140e+06	4.494020e+06	4.478200e+06	4.480940e+06	4.480080e+06	4.480000e+06	4.483780e+06	4.469580e+06	4.476380e+06	4.462760e+06	4.487640e+06	4.488220e+06	4.476540e+06	4.476460e+06	4.493500e+06	4.475360e+06	4.479880e+06	4.480980e+06	4.476440e+06	4.482660e+06	4.471220e+06	4.472640e+06	4.471740e+06
4.453080e+06	4.453020e+06	4.438860e+06	4.452280e+06	4.454240e+06	4.449780e+06	4.454300e+06	4.433460e+06	4.442620e+06	4.446900e+06	4.450760e+06	4.448100e+06	4.451620e+06	4.458800e+06	4.449760e+06	4.447820e+06	4.458860e+06	4.458640e+06	4.447460e+06	4.442960e+06	4.460500e+06	4.444740e+06	4.440920e+06	4.440140e+06	4.459280e+06	4.437800e+06	4.443720e+06	4.445520e+06	4.436180e+06	4.450540e+06	4.444240e+06	4.434680e+06	4.447240e+06	4.437860e+06	4.451540e+06	4.468220e+06	4.451020e+06	4.452960e+06	4.462700e+06	4.439680e+06	4.456820e+06	4.453160e+06	4.451500e+06	4.446340e+06	4.454080e+06	4.460420e+06	4.438920e+06	4.436520e+06	4.442940e+06	4.436400e+06	4.438200e+06	4.437700e+06	4.421660e+06	4.425860e+06	4.411160e+06	4.408960e+06	4.369800e+06	4.339520e+06	4.342520e+06	4.361120e+06	4.393220e+06	4.375340e+06	4.338740e+06	4.354240e+06	4.391540e+06	4.417540e+06	4.413640e+06	4.447260e+06	4.439860e+06	4.454820e+06	4.453160e+06	4.445420e+06	4.460840e+06	4.445300e+06	4.449140e+06	4.430220e+06	4.446020e+06	4.452760e+06	4.458740e+06	4.440020e+06	4.455720e+06	4.449540e+06	4.462680e+06	4.466180e+06	4.463600e+06	4.467980e+06	4.454840e+06	4.449460e+06	4.455120e+06	4.459620e+06	4.451560e+06	4.463880e+06	4.457540e+06	4.447300e+06	4.453960e+06	4.468700e+06	4.459900e+06	4.454740e+06	4.457520e+06	4.462080e+06	4.458600e+06	4.463320e+06	4.466380e+06	4.456200e+06	4.446960e+06	4.459420e+06	4.450660e+06	4.464760e+06	4.450900e+06	4.460460e+06	4.461700e+06	4.458080e+06	4.447320e+06	4.460720e+06	4.460620e+06	4.460020e+06	4.458540e+06	4.462140e+06	4.460060e+06	4.469540e+06	4.465420e+06
