#Saved Data from the class odmr_logic on 01.08.2022 at 17h11m15s.
#
#Parameters:
#===========
#
#Microwave CW Power (dBm): -5.0000000000000000e+00
#Microwave Sweep Power (dBm): -3.0000000000000000e+00
#Run Time (s): 6.0000000000000000e+02
#Number of frequency sweeps (#): 53
#Start Frequency (Hz): 2.6500000000000000e+09
#Stop Frequency (Hz): 3.0900000000000000e+09
#Step size (Hz): 2.0000000000000000e+06
#Clock Frequencies (Hz): 20
#Channel: 0: /Dev1/Ctr3
#frequency range: 0
#
#Data:
#=====
#frequency (Hz)	count data (counts/s)	
2.650000e+09	6.737974e+06
2.652000e+09	6.739308e+06
2.654000e+09	6.740648e+06
2.656000e+09	6.737151e+06
2.658000e+09	6.739385e+06
2.660000e+09	6.738571e+06
2.662000e+09	6.738035e+06
2.664000e+09	6.738912e+06
2.666000e+09	6.739263e+06
2.668000e+09	6.740250e+06
2.670000e+09	6.740051e+06
2.672000e+09	6.736688e+06
2.674000e+09	6.737646e+06
2.676000e+09	6.739547e+06
2.678000e+09	6.738918e+06
2.680000e+09	6.740497e+06
2.682000e+09	6.741265e+06
2.684000e+09	6.739392e+06
2.686000e+09	6.739275e+06
2.688000e+09	6.739861e+06
2.690000e+09	6.741177e+06
2.692000e+09	6.739672e+06
2.694000e+09	6.739355e+06
2.696000e+09	6.740254e+06
2.698000e+09	6.738443e+06
2.700000e+09	6.736627e+06
2.702000e+09	6.734705e+06
2.704000e+09	6.733549e+06
2.706000e+09	6.724295e+06
2.708000e+09	6.721122e+06
2.710000e+09	6.701203e+06
2.712000e+09	6.686862e+06
2.714000e+09	6.685495e+06
2.716000e+09	6.698276e+06
2.718000e+09	6.714057e+06
2.720000e+09	6.730740e+06
2.722000e+09	6.732097e+06
2.724000e+09	6.736099e+06
2.726000e+09	6.736547e+06
2.728000e+09	6.738115e+06
2.730000e+09	6.737988e+06
2.732000e+09	6.739357e+06
2.734000e+09	6.738798e+06
2.736000e+09	6.738410e+06
2.738000e+09	6.736700e+06
2.740000e+09	6.737197e+06
2.742000e+09	6.736341e+06
2.744000e+09	6.735977e+06
2.746000e+09	6.734157e+06
2.748000e+09	6.726673e+06
2.750000e+09	6.715863e+06
2.752000e+09	6.713798e+06
2.754000e+09	6.715407e+06
2.756000e+09	6.732565e+06
2.758000e+09	6.733815e+06
2.760000e+09	6.737310e+06
2.762000e+09	6.737887e+06
2.764000e+09	6.736910e+06
2.766000e+09	6.738644e+06
2.768000e+09	6.738621e+06
2.770000e+09	6.738247e+06
2.772000e+09	6.738983e+06
2.774000e+09	6.738825e+06
2.776000e+09	6.739217e+06
2.778000e+09	6.739408e+06
2.780000e+09	6.737145e+06
2.782000e+09	6.736375e+06
2.784000e+09	6.738395e+06
2.786000e+09	6.739930e+06
2.788000e+09	6.737877e+06
2.790000e+09	6.740343e+06
2.792000e+09	6.736416e+06
2.794000e+09	6.739123e+06
2.796000e+09	6.738465e+06
2.798000e+09	6.738623e+06
2.800000e+09	6.739509e+06
2.802000e+09	6.738310e+06
2.804000e+09	6.739050e+06
2.806000e+09	6.739497e+06
2.808000e+09	6.736470e+06
2.810000e+09	6.735949e+06
2.812000e+09	6.737642e+06
2.814000e+09	6.736295e+06
2.816000e+09	6.734611e+06
2.818000e+09	6.729438e+06
2.820000e+09	6.726690e+06
2.822000e+09	6.690906e+06
2.824000e+09	6.689938e+06
2.826000e+09	6.691394e+06
2.828000e+09	6.710068e+06
2.830000e+09	6.720568e+06
2.832000e+09	6.730715e+06
2.834000e+09	6.734748e+06
2.836000e+09	6.735971e+06
2.838000e+09	6.735626e+06
2.840000e+09	6.736541e+06
2.842000e+09	6.733611e+06
2.844000e+09	6.735136e+06
2.846000e+09	6.733553e+06
2.848000e+09	6.730034e+06
2.850000e+09	6.726804e+06
2.852000e+09	6.713838e+06
2.854000e+09	6.705333e+06
2.856000e+09	6.681367e+06
2.858000e+09	6.662525e+06
2.860000e+09	6.658143e+06
2.862000e+09	6.672008e+06
2.864000e+09	6.694025e+06
2.866000e+09	6.720906e+06
2.868000e+09	6.728385e+06
2.870000e+09	6.731567e+06
2.872000e+09	6.733742e+06
2.874000e+09	6.734759e+06
2.876000e+09	6.734447e+06
2.878000e+09	6.737840e+06
2.880000e+09	6.738227e+06
2.882000e+09	6.738578e+06
2.884000e+09	6.736766e+06
2.886000e+09	6.736502e+06
2.888000e+09	6.738004e+06
2.890000e+09	6.738851e+06
2.892000e+09	6.737013e+06
2.894000e+09	6.734502e+06
2.896000e+09	6.738187e+06
2.898000e+09	6.735281e+06
2.900000e+09	6.736160e+06
2.902000e+09	6.737142e+06
2.904000e+09	6.734414e+06
2.906000e+09	6.733984e+06
2.908000e+09	6.728578e+06
2.910000e+09	6.719768e+06
2.912000e+09	6.723315e+06
2.914000e+09	6.696019e+06
2.916000e+09	6.677088e+06
2.918000e+09	6.677048e+06
2.920000e+09	6.683468e+06
2.922000e+09	6.703174e+06
2.924000e+09	6.724897e+06
2.926000e+09	6.731667e+06
2.928000e+09	6.733425e+06
2.930000e+09	6.735448e+06
2.932000e+09	6.735317e+06
2.934000e+09	6.737010e+06
2.936000e+09	6.735001e+06
2.938000e+09	6.734482e+06
2.940000e+09	6.732560e+06
2.942000e+09	6.718171e+06
2.944000e+09	6.716862e+06
2.946000e+09	6.679908e+06
2.948000e+09	6.674892e+06
2.950000e+09	6.673858e+06
2.952000e+09	6.690792e+06
2.954000e+09	6.704952e+06
2.956000e+09	6.725505e+06
2.958000e+09	6.733906e+06
2.960000e+09	6.735195e+06
2.962000e+09	6.736338e+06
2.964000e+09	6.738833e+06
2.966000e+09	6.738991e+06
2.968000e+09	6.737568e+06
2.970000e+09	6.735605e+06
2.972000e+09	6.739577e+06
2.974000e+09	6.739340e+06
2.976000e+09	6.738860e+06
2.978000e+09	6.736146e+06
2.980000e+09	6.737890e+06
2.982000e+09	6.739686e+06
2.984000e+09	6.739385e+06
2.986000e+09	6.738932e+06
2.988000e+09	6.737703e+06
2.990000e+09	6.739213e+06
2.992000e+09	6.738071e+06
2.994000e+09	6.738521e+06
2.996000e+09	6.736820e+06
2.998000e+09	6.736757e+06
3.000000e+09	6.734336e+06
3.002000e+09	6.729017e+06
3.004000e+09	6.726445e+06
3.006000e+09	6.713132e+06
3.008000e+09	6.708720e+06
3.010000e+09	6.712404e+06
3.012000e+09	6.724193e+06
3.014000e+09	6.730018e+06
3.016000e+09	6.733706e+06
3.018000e+09	6.735759e+06
3.020000e+09	6.736916e+06
3.022000e+09	6.736524e+06
3.024000e+09	6.736951e+06
3.026000e+09	6.736775e+06
3.028000e+09	6.732891e+06
3.030000e+09	6.723015e+06
3.032000e+09	6.720836e+06
3.034000e+09	6.698648e+06
3.036000e+09	6.685098e+06
3.038000e+09	6.685042e+06
3.040000e+09	6.691277e+06
3.042000e+09	6.711544e+06
3.044000e+09	6.728736e+06
3.046000e+09	6.732808e+06
3.048000e+09	6.735415e+06
3.050000e+09	6.735901e+06
3.052000e+09	6.738429e+06
3.054000e+09	6.736999e+06
3.056000e+09	6.736825e+06
3.058000e+09	6.738742e+06
3.060000e+09	6.739846e+06
3.062000e+09	6.740618e+06
3.064000e+09	6.741541e+06
3.066000e+09	6.738707e+06
3.068000e+09	6.737892e+06
3.070000e+09	6.740070e+06
3.072000e+09	6.739730e+06
3.074000e+09	6.739708e+06
3.076000e+09	6.740163e+06
3.078000e+09	6.739487e+06
3.080000e+09	6.739152e+06
3.082000e+09	6.741636e+06
3.084000e+09	6.740495e+06
3.086000e+09	6.738313e+06
3.088000e+09	6.738030e+06
3.090000e+09	6.739652e+06
