#Saved Data from the class odmr_logic on 28.07.2022 at 09h47m12s.
#
#Parameters:
#===========
#
#Microwave CW Power (dBm): -3.0000000000000000e+01
#Microwave Sweep Power (dBm): -5.0000000000000000e+00
#Run Time (s): 3.0000000000000000e+02
#Number of frequency sweeps (#): 48
#Start Frequencies (Hz): [2750000000.0]
#Stop Frequencies (Hz): [2990000000.0]
#Step sizes (Hz): [2000000.0]
#Clock Frequencies (Hz): 20
#Channel: 0: /Dev1/Ctr3
#
#Data:
#=====
#count data (counts/s)
4.736200e+06	4.734400e+06	4.730440e+06	4.734860e+06	4.730300e+06	4.730120e+06	4.726000e+06	4.719320e+06	4.736140e+06	4.729000e+06	4.723980e+06	4.736540e+06	4.724060e+06	4.737660e+06	4.737460e+06	4.738740e+06	4.729900e+06	4.741900e+06	4.726020e+06	4.741020e+06	4.724880e+06	4.730520e+06	4.714240e+06	4.731780e+06	4.715400e+06	4.724780e+06	4.730500e+06	4.719340e+06	4.723100e+06	4.710620e+06	4.726000e+06	4.711220e+06	4.730020e+06	4.718380e+06	4.724460e+06	4.720180e+06	4.724940e+06	4.728980e+06	4.732980e+06	4.727120e+06	4.717020e+06	4.724460e+06	4.716780e+06	4.729940e+06	4.724000e+06	4.718840e+06	4.712180e+06	4.693700e+06	4.713460e+06	4.721240e+06	4.702100e+06	4.697660e+06	4.685060e+06	4.665220e+06	4.651960e+06	4.640580e+06	4.592680e+06	4.580820e+06	4.549640e+06	4.562000e+06	4.609960e+06	4.587080e+06	4.560300e+06	4.564240e+06	4.594660e+06	4.651920e+06	4.672300e+06	4.686600e+06	4.706580e+06	4.716000e+06	4.707700e+06	4.719340e+06	4.735400e+06	4.729220e+06	4.711920e+06	4.724500e+06	4.719760e+06	4.726900e+06	4.713800e+06	4.726560e+06	4.725180e+06	4.728620e+06	4.729100e+06	4.735100e+06	4.738300e+06	4.738960e+06	4.728940e+06	4.716040e+06	4.724300e+06	4.718200e+06	4.725840e+06	4.736080e+06	4.729280e+06	4.731860e+06	4.721400e+06	4.720060e+06	4.735620e+06	4.721720e+06	4.722800e+06	4.731100e+06	4.736640e+06	4.722440e+06	4.729760e+06	4.725740e+06	4.723860e+06	4.724420e+06	4.724960e+06	4.726220e+06	4.727440e+06	4.733500e+06	4.735440e+06	4.740240e+06	4.738580e+06	4.726220e+06	4.735340e+06	4.731100e+06	4.736360e+06	4.732760e+06	4.730180e+06	4.729640e+06	4.741600e+06
4.710220e+06	4.707600e+06	4.724680e+06	4.712080e+06	4.717040e+06	4.711540e+06	4.709860e+06	4.711440e+06	4.714540e+06	4.702860e+06	4.723740e+06	4.713260e+06	4.713820e+06	4.712440e+06	4.716360e+06	4.707540e+06	4.709600e+06	4.733060e+06	4.726620e+06	4.709980e+06	4.708120e+06	4.709100e+06	4.712060e+06	4.719980e+06	4.720480e+06	4.697060e+06	4.711700e+06	4.701440e+06	4.708940e+06	4.706700e+06	4.702880e+06	4.689160e+06	4.712120e+06	4.703060e+06	4.713640e+06	4.716560e+06	4.721200e+06	4.704740e+06	4.702660e+06	4.710640e+06	4.708100e+06	4.719020e+06	4.701100e+06	4.711840e+06	4.705260e+06	4.702180e+06	4.695460e+06	4.698880e+06	4.697360e+06	4.698700e+06	4.707260e+06	4.682680e+06	4.671820e+06	4.659360e+06	4.638400e+06	4.614380e+06	4.585840e+06	4.544440e+06	4.541380e+06	4.561200e+06	4.599640e+06	4.581980e+06	4.551900e+06	4.554800e+06	4.601480e+06	4.632400e+06	4.670300e+06	4.676240e+06	4.677580e+06	4.681060e+06	4.701340e+06	4.700200e+06	4.694000e+06	4.695240e+06	4.713220e+06	4.704600e+06	4.705400e+06	4.709620e+06	4.713020e+06	4.715140e+06	4.700420e+06	4.702360e+06	4.720800e+06	4.715220e+06	4.726160e+06	4.714500e+06	4.714440e+06	4.721000e+06	4.718780e+06	4.709460e+06	4.724580e+06	4.726620e+06	4.722240e+06	4.714080e+06	4.703100e+06	4.719980e+06	4.704360e+06	4.717680e+06	4.721380e+06	4.727620e+06	4.718820e+06	4.717420e+06	4.715820e+06	4.723620e+06	4.722760e+06	4.706280e+06	4.721300e+06	4.727940e+06	4.708700e+06	4.720540e+06	4.731420e+06	4.719300e+06	4.719700e+06	4.717400e+06	4.727260e+06	4.725220e+06	4.740720e+06	4.736960e+06	4.717600e+06	4.721680e+06	4.721520e+06
4.728200e+06	4.734660e+06	4.730680e+06	4.726780e+06	4.727040e+06	4.721880e+06	4.733660e+06	4.723440e+06	4.726260e+06	4.721620e+06	4.727700e+06	4.715520e+06	4.731740e+06	4.726100e+06	4.730980e+06	4.712980e+06	4.730640e+06	4.718160e+06	4.733560e+06	4.720040e+06	4.725380e+06	4.730160e+06	4.724940e+06	4.732060e+06	4.729700e+06	4.719200e+06	4.708240e+06	4.715660e+06	4.720980e+06	4.720200e+06	4.716920e+06	4.726680e+06	4.719060e+06	4.727300e+06	4.709000e+06	4.721380e+06	4.717340e+06	4.733180e+06	4.722280e+06	4.716220e+06	4.716300e+06	4.728720e+06	4.716100e+06	4.717720e+06	4.712300e+06	4.708640e+06	4.729440e+06	4.710800e+06	4.702460e+06	4.701280e+06	4.683580e+06	4.698280e+06	4.668300e+06	4.665020e+06	4.654660e+06	4.633960e+06	4.599720e+06	4.562120e+06	4.555380e+06	4.542720e+06	4.610400e+06	4.582160e+06	4.560320e+06	4.568300e+06	4.600660e+06	4.658300e+06	4.656920e+06	4.699760e+06	4.697780e+06	4.718500e+06	4.706860e+06	4.706400e+06	4.713400e+06	4.704300e+06	4.712780e+06	4.724700e+06	4.712700e+06	4.713400e+06	4.715220e+06	4.713160e+06	4.707300e+06	4.727260e+06	4.710760e+06	4.716220e+06	4.717400e+06	4.732020e+06	4.712060e+06	4.724840e+06	4.715960e+06	4.723320e+06	4.701140e+06	4.717700e+06	4.708600e+06	4.706760e+06	4.702960e+06	4.714900e+06	4.714100e+06	4.724280e+06	4.711400e+06	4.718920e+06	4.721360e+06	4.719060e+06	4.727520e+06	4.718960e+06	4.718440e+06	4.717780e+06	4.723840e+06	4.723260e+06	4.726080e+06	4.707480e+06	4.723100e+06	4.699020e+06	4.732220e+06	4.708320e+06	4.711040e+06	4.709740e+06	4.695500e+06	4.707780e+06	4.716620e+06	4.722620e+06	4.734400e+06
4.717460e+06	4.720340e+06	4.737080e+06	4.714960e+06	4.726020e+06	4.719320e+06	4.729320e+06	4.703820e+06	4.710240e+06	4.730300e+06	4.708360e+06	4.724640e+06	4.720320e+06	4.708340e+06	4.715800e+06	4.726180e+06	4.732500e+06	4.731040e+06	4.724120e+06	4.719980e+06	4.730220e+06	4.716060e+06	4.706220e+06	4.723380e+06	4.714980e+06	4.715100e+06	4.712660e+06	4.711420e+06	4.715780e+06	4.712140e+06	4.705120e+06	4.702920e+06	4.713380e+06	4.725820e+06	4.730220e+06	4.715400e+06	4.715380e+06	4.715940e+06	4.712540e+06	4.721980e+06	4.714520e+06	4.734920e+06	4.720740e+06	4.713040e+06	4.718800e+06	4.708120e+06	4.705940e+06	4.698080e+06	4.704740e+06	4.702300e+06	4.681840e+06	4.685200e+06	4.674560e+06	4.655900e+06	4.636860e+06	4.627400e+06	4.585280e+06	4.547880e+06	4.546900e+06	4.575040e+06	4.609300e+06	4.574720e+06	4.563660e+06	4.569200e+06	4.616500e+06	4.641240e+06	4.656260e+06	4.668020e+06	4.688500e+06	4.690580e+06	4.696260e+06	4.703620e+06	4.707580e+06	4.701240e+06	4.716620e+06	4.714340e+06	4.704260e+06	4.714020e+06	4.705280e+06	4.727520e+06	4.715540e+06	4.727600e+06	4.725320e+06	4.716040e+06	4.706080e+06	4.718620e+06	4.733180e+06	4.723560e+06	4.716160e+06	4.725800e+06	4.737600e+06	4.713920e+06	4.715040e+06	4.710640e+06	4.722420e+06	4.718000e+06	4.716320e+06	4.726600e+06	4.726440e+06	4.717920e+06	4.721700e+06	4.736000e+06	4.720780e+06	4.726920e+06	4.724920e+06	4.724100e+06	4.726060e+06	4.735880e+06	4.714040e+06	4.713360e+06	4.729640e+06	4.716720e+06	4.720700e+06	4.732120e+06	4.744460e+06	4.716440e+06	4.726280e+06	4.731380e+06	4.743640e+06	4.715600e+06	4.730960e+06
4.711980e+06	4.736980e+06	4.741900e+06	4.727740e+06	4.726600e+06	4.720400e+06	4.729620e+06	4.730740e+06	4.728940e+06	4.729100e+06	4.722120e+06	4.718660e+06	4.726200e+06	4.727500e+06	4.730280e+06	4.741360e+06	4.722960e+06	4.724660e+06	4.720220e+06	4.722840e+06	4.730640e+06	4.726400e+06	4.731040e+06	4.720600e+06	4.726620e+06	4.729500e+06	4.736120e+06	4.728300e+06	4.714980e+06	4.728060e+06	4.733580e+06	4.721460e+06	4.723180e+06	4.726440e+06	4.716500e+06	4.707960e+06	4.728660e+06	4.718060e+06	4.722400e+06	4.731140e+06	4.733260e+06	4.716540e+06	4.723520e+06	4.710120e+06	4.718560e+06	4.721840e+06	4.715460e+06	4.709300e+06	4.703760e+06	4.695300e+06	4.701360e+06	4.687100e+06	4.673960e+06	4.670480e+06	4.657700e+06	4.626660e+06	4.600840e+06	4.569000e+06	4.527600e+06	4.560340e+06	4.612940e+06	4.583480e+06	4.553880e+06	4.563360e+06	4.609980e+06	4.648500e+06	4.672360e+06	4.687680e+06	4.704560e+06	4.709080e+06	4.709500e+06	4.708180e+06	4.699900e+06	4.720700e+06	4.727620e+06	4.728280e+06	4.699380e+06	4.716440e+06	4.713680e+06	4.723320e+06	4.707960e+06	4.719680e+06	4.722180e+06	4.725380e+06	4.713800e+06	4.718880e+06	4.724900e+06	4.717780e+06	4.725940e+06	4.726560e+06	4.704940e+06	4.723320e+06	4.731180e+06	4.723620e+06	4.718280e+06	4.714060e+06	4.711400e+06	4.725220e+06	4.716440e+06	4.714880e+06	4.719900e+06	4.730160e+06	4.726220e+06	4.722500e+06	4.711620e+06	4.713860e+06	4.721440e+06	4.707000e+06	4.728980e+06	4.715780e+06	4.726640e+06	4.727740e+06	4.729640e+06	4.725520e+06	4.712520e+06	4.723120e+06	4.713760e+06	4.736740e+06	4.734780e+06	4.713680e+06	4.727020e+06
4.719440e+06	4.728200e+06	4.729120e+06	4.726240e+06	4.719240e+06	4.720100e+06	4.731120e+06	4.719360e+06	4.725800e+06	4.734880e+06	4.723800e+06	4.723840e+06	4.722700e+06	4.727900e+06	4.717920e+06	4.728880e+06	4.730720e+06	4.726240e+06	4.736180e+06	4.720700e+06	4.724500e+06	4.741120e+06	4.724920e+06	4.718020e+06	4.729240e+06	4.732580e+06	4.725320e+06	4.717960e+06	4.721120e+06	4.708900e+06	4.702160e+06	4.726280e+06	4.709600e+06	4.709460e+06	4.710580e+06	4.719180e+06	4.724960e+06	4.725220e+06	4.716340e+06	4.720820e+06	4.736920e+06	4.715480e+06	4.717620e+06	4.713420e+06	4.718880e+06	4.708680e+06	4.708700e+06	4.700260e+06	4.705800e+06	4.697660e+06	4.695980e+06	4.690160e+06	4.676660e+06	4.667440e+06	4.649940e+06	4.628860e+06	4.593720e+06	4.562700e+06	4.556480e+06	4.569900e+06	4.606680e+06	4.595240e+06	4.552740e+06	4.577960e+06	4.601540e+06	4.639700e+06	4.668860e+06	4.671280e+06	4.705080e+06	4.708120e+06	4.703600e+06	4.717560e+06	4.708000e+06	4.708980e+06	4.727620e+06	4.716300e+06	4.729660e+06	4.709940e+06	4.724160e+06	4.721460e+06	4.713700e+06	4.741320e+06	4.731600e+06	4.729060e+06	4.732360e+06	4.730720e+06	4.722520e+06	4.717680e+06	4.713460e+06	4.700980e+06	4.730060e+06	4.719100e+06	4.732040e+06	4.724320e+06	4.717940e+06	4.725800e+06	4.728000e+06	4.711720e+06	4.730040e+06	4.732300e+06	4.720960e+06	4.720140e+06	4.717480e+06	4.731560e+06	4.734260e+06	4.731800e+06	4.720620e+06	4.709380e+06	4.728220e+06	4.739440e+06	4.728460e+06	4.731100e+06	4.726880e+06	4.730740e+06	4.740920e+06	4.729520e+06	4.735580e+06	4.726740e+06	4.731520e+06	4.735540e+06	4.721440e+06
4.726880e+06	4.735440e+06	4.722420e+06	4.733840e+06	4.721860e+06	4.707800e+06	4.738360e+06	4.728160e+06	4.721880e+06	4.733120e+06	4.723640e+06	4.736200e+06	4.719800e+06	4.727220e+06	4.728880e+06	4.737100e+06	4.714840e+06	4.727500e+06	4.719260e+06	4.728460e+06	4.719900e+06	4.719200e+06	4.724660e+06	4.717200e+06	4.704500e+06	4.718940e+06	4.709840e+06	4.716280e+06	4.713500e+06	4.722400e+06	4.714080e+06	4.723460e+06	4.701020e+06	4.716240e+06	4.719520e+06	4.725740e+06	4.709980e+06	4.736100e+06	4.719040e+06	4.714380e+06	4.716680e+06	4.719000e+06	4.729980e+06	4.706700e+06	4.716340e+06	4.732520e+06	4.705000e+06	4.714540e+06	4.710760e+06	4.693280e+06	4.698460e+06	4.698920e+06	4.680480e+06	4.663760e+06	4.649920e+06	4.638240e+06	4.596200e+06	4.551580e+06	4.536020e+06	4.570800e+06	4.597760e+06	4.583200e+06	4.569420e+06	4.568880e+06	4.605640e+06	4.649440e+06	4.661620e+06	4.686060e+06	4.701540e+06	4.703600e+06	4.709000e+06	4.704540e+06	4.708860e+06	4.722300e+06	4.725320e+06	4.721280e+06	4.710740e+06	4.715140e+06	4.709520e+06	4.731120e+06	4.726380e+06	4.718940e+06	4.723080e+06	4.720000e+06	4.709120e+06	4.737900e+06	4.726100e+06	4.716680e+06	4.731100e+06	4.723940e+06	4.745460e+06	4.713760e+06	4.724020e+06	4.732140e+06	4.716040e+06	4.716720e+06	4.725580e+06	4.713860e+06	4.729400e+06	4.733480e+06	4.715780e+06	4.732480e+06	4.727720e+06	4.715560e+06	4.732480e+06	4.713980e+06	4.724920e+06	4.731920e+06	4.715860e+06	4.716380e+06	4.734080e+06	4.724980e+06	4.716500e+06	4.737400e+06	4.721980e+06	4.722340e+06	4.729140e+06	4.731900e+06	4.741780e+06	4.725000e+06	4.727640e+06
4.707960e+06	4.721820e+06	4.700880e+06	4.712720e+06	4.707800e+06	4.716020e+06	4.727240e+06	4.701480e+06	4.704820e+06	4.696520e+06	4.714380e+06	4.718540e+06	4.719500e+06	4.714900e+06	4.741220e+06	4.713780e+06	4.715520e+06	4.719720e+06	4.710820e+06	4.695820e+06	4.723020e+06	4.710160e+06	4.708080e+06	4.724040e+06	4.715680e+06	4.704240e+06	4.703800e+06	4.709360e+06	4.713360e+06	4.707980e+06	4.695800e+06	4.721140e+06	4.704700e+06	4.715020e+06	4.704120e+06	4.713580e+06	4.707740e+06	4.703020e+06	4.710580e+06	4.713160e+06	4.719520e+06	4.701380e+06	4.710840e+06	4.714480e+06	4.711700e+06	4.718280e+06	4.706360e+06	4.701120e+06	4.702240e+06	4.698120e+06	4.701520e+06	4.673900e+06	4.676780e+06	4.645440e+06	4.650040e+06	4.621560e+06	4.579960e+06	4.553740e+06	4.536100e+06	4.574540e+06	4.592200e+06	4.575860e+06	4.549220e+06	4.561800e+06	4.603600e+06	4.653440e+06	4.655820e+06	4.685780e+06	4.681200e+06	4.696500e+06	4.706840e+06	4.718080e+06	4.710760e+06	4.715620e+06	4.716540e+06	4.713420e+06	4.716560e+06	4.717340e+06	4.714180e+06	4.723500e+06	4.726960e+06	4.706000e+06	4.721940e+06	4.726220e+06	4.690940e+06	4.721940e+06	4.717700e+06	4.719040e+06	4.720540e+06	4.713320e+06	4.725580e+06	4.718900e+06	4.710800e+06	4.715120e+06	4.708120e+06	4.718160e+06	4.723640e+06	4.714000e+06	4.718040e+06	4.733600e+06	4.726760e+06	4.723760e+06	4.731320e+06	4.721880e+06	4.724100e+06	4.717180e+06	4.699180e+06	4.719100e+06	4.726740e+06	4.734620e+06	4.723180e+06	4.736600e+06	4.716860e+06	4.711280e+06	4.734380e+06	4.725080e+06	4.726520e+06	4.737540e+06	4.733680e+06	4.723640e+06	4.729740e+06
4.696340e+06	4.692360e+06	4.694460e+06	4.707520e+06	4.683560e+06	4.708220e+06	4.698480e+06	4.700640e+06	4.709100e+06	4.701600e+06	4.711220e+06	4.699420e+06	4.710240e+06	4.688280e+06	4.690400e+06	4.697700e+06	4.699260e+06	4.703500e+06	4.700740e+06	4.686060e+06	4.711740e+06	4.699860e+06	4.700480e+06	4.687100e+06	4.704140e+06	4.703560e+06	4.698960e+06	4.707420e+06	4.690340e+06	4.698400e+06	4.695140e+06	4.700500e+06	4.711660e+06	4.701940e+06	4.692280e+06	4.701440e+06	4.706180e+06	4.687440e+06	4.710540e+06	4.690160e+06	4.691300e+06	4.679780e+06	4.698960e+06	4.696040e+06	4.685840e+06	4.688120e+06	4.703220e+06	4.679760e+06	4.687560e+06	4.672320e+06	4.676380e+06	4.657300e+06	4.654400e+06	4.656380e+06	4.638200e+06	4.613020e+06	4.563240e+06	4.540020e+06	4.524860e+06	4.552060e+06	4.565720e+06	4.575620e+06	4.558420e+06	4.544640e+06	4.577180e+06	4.619940e+06	4.648520e+06	4.660160e+06	4.674700e+06	4.673520e+06	4.675140e+06	4.684400e+06	4.679600e+06	4.693480e+06	4.695500e+06	4.674640e+06	4.686900e+06	4.686040e+06	4.700160e+06	4.700500e+06	4.699880e+06	4.703940e+06	4.692580e+06	4.699800e+06	4.696300e+06	4.704400e+06	4.699520e+06	4.696200e+06	4.700460e+06	4.706940e+06	4.700500e+06	4.709460e+06	4.706740e+06	4.688600e+06	4.698400e+06	4.702360e+06	4.696740e+06	4.695320e+06	4.694120e+06	4.693200e+06	4.689960e+06	4.700760e+06	4.701020e+06	4.697460e+06	4.691780e+06	4.715140e+06	4.703660e+06	4.718700e+06	4.704140e+06	4.722160e+06	4.707200e+06	4.698180e+06	4.717320e+06	4.701100e+06	4.725840e+06	4.694340e+06	4.709700e+06	4.713000e+06	4.714420e+06	4.705620e+06	4.700600e+06
4.695020e+06	4.703140e+06	4.697660e+06	4.700460e+06	4.688780e+06	4.691140e+06	4.699580e+06	4.687720e+06	4.683160e+06	4.697860e+06	4.694280e+06	4.699920e+06	4.695260e+06	4.698200e+06	4.692520e+06	4.695940e+06	4.691560e+06	4.686980e+06	4.703380e+06	4.697480e+06	4.703840e+06	4.695120e+06	4.704480e+06	4.697760e+06	4.693640e+06	4.687120e+06	4.696980e+06	4.700880e+06	4.700880e+06	4.696480e+06	4.694360e+06	4.694060e+06	4.693100e+06	4.698500e+06	4.692360e+06	4.681640e+06	4.684680e+06	4.703460e+06	4.690680e+06	4.697320e+06	4.686440e+06	4.692680e+06	4.681440e+06	4.689200e+06	4.679440e+06	4.690580e+06	4.668800e+06	4.669500e+06	4.679720e+06	4.669560e+06	4.655860e+06	4.676960e+06	4.653260e+06	4.641280e+06	4.627840e+06	4.609860e+06	4.573520e+06	4.543020e+06	4.516020e+06	4.536200e+06	4.576700e+06	4.555660e+06	4.532480e+06	4.548100e+06	4.579660e+06	4.608000e+06	4.625880e+06	4.649940e+06	4.667400e+06	4.666820e+06	4.677880e+06	4.677720e+06	4.681460e+06	4.699080e+06	4.695400e+06	4.686540e+06	4.687800e+06	4.704280e+06	4.669480e+06	4.687220e+06	4.682700e+06	4.675700e+06	4.687080e+06	4.684700e+06	4.689100e+06	4.683000e+06	4.681900e+06	4.694620e+06	4.707860e+06	4.692320e+06	4.708120e+06	4.680620e+06	4.690180e+06	4.696660e+06	4.675780e+06	4.692000e+06	4.698000e+06	4.699880e+06	4.695240e+06	4.679060e+06	4.678460e+06	4.688400e+06	4.698020e+06	4.700680e+06	4.683980e+06	4.698940e+06	4.705740e+06	4.686080e+06	4.684540e+06	4.689680e+06	4.677060e+06	4.700700e+06	4.704560e+06	4.692580e+06	4.704540e+06	4.693560e+06	4.704400e+06	4.699800e+06	4.702600e+06	4.701940e+06	4.704560e+06
4.683380e+06	4.690460e+06	4.694060e+06	4.696580e+06	4.688120e+06	4.693520e+06	4.686140e+06	4.696500e+06	4.689240e+06	4.708540e+06	4.698160e+06	4.693240e+06	4.705360e+06	4.689840e+06	4.694160e+06	4.693720e+06	4.696300e+06	4.694280e+06	4.697080e+06	4.699360e+06	4.705300e+06	4.691940e+06	4.697200e+06	4.696400e+06	4.687640e+06	4.702520e+06	4.691900e+06	4.700240e+06	4.690080e+06	4.691300e+06	4.690740e+06	4.691680e+06	4.678160e+06	4.693740e+06	4.688280e+06	4.691860e+06	4.700780e+06	4.701260e+06	4.674900e+06	4.699540e+06	4.688940e+06	4.693260e+06	4.673740e+06	4.682000e+06	4.688140e+06	4.681000e+06	4.684340e+06	4.686880e+06	4.674580e+06	4.671760e+06	4.658020e+06	4.650440e+06	4.664540e+06	4.634880e+06	4.626400e+06	4.606780e+06	4.591040e+06	4.528300e+06	4.518660e+06	4.544100e+06	4.575100e+06	4.558680e+06	4.516440e+06	4.534100e+06	4.588920e+06	4.620180e+06	4.626360e+06	4.651820e+06	4.652460e+06	4.659560e+06	4.676460e+06	4.681080e+06	4.679080e+06	4.693220e+06	4.693240e+06	4.690020e+06	4.682920e+06	4.674240e+06	4.685560e+06	4.689120e+06	4.694540e+06	4.670380e+06	4.701680e+06	4.694620e+06	4.679280e+06	4.689900e+06	4.697480e+06	4.695340e+06	4.697540e+06	4.690040e+06	4.688820e+06	4.700560e+06	4.689300e+06	4.694120e+06	4.703920e+06	4.684380e+06	4.693800e+06	4.693300e+06	4.695140e+06	4.691460e+06	4.676020e+06	4.693360e+06	4.687660e+06	4.687740e+06	4.699200e+06	4.695540e+06	4.678780e+06	4.692780e+06	4.683740e+06	4.699560e+06	4.695700e+06	4.694100e+06	4.687620e+06	4.681920e+06	4.696840e+06	4.686240e+06	4.697740e+06	4.704320e+06	4.702780e+06	4.693180e+06	4.696020e+06
4.714360e+06	4.691860e+06	4.703660e+06	4.701260e+06	4.696560e+06	4.691880e+06	4.711880e+06	4.697300e+06	4.710340e+06	4.697020e+06	4.702380e+06	4.687700e+06	4.692980e+06	4.701300e+06	4.715680e+06	4.714540e+06	4.695420e+06	4.701600e+06	4.698180e+06	4.701160e+06	4.712360e+06	4.706260e+06	4.688340e+06	4.705000e+06	4.704260e+06	4.700640e+06	4.701040e+06	4.690360e+06	4.691460e+06	4.690320e+06	4.699960e+06	4.693440e+06	4.694220e+06	4.684120e+06	4.693160e+06	4.700320e+06	4.690200e+06	4.706620e+06	4.684940e+06	4.695860e+06	4.699180e+06	4.692560e+06	4.688020e+06	4.696240e+06	4.685400e+06	4.693480e+06	4.685480e+06	4.684780e+06	4.674760e+06	4.676260e+06	4.658960e+06	4.664720e+06	4.659340e+06	4.652160e+06	4.628740e+06	4.608360e+06	4.573360e+06	4.533280e+06	4.514340e+06	4.545640e+06	4.582220e+06	4.560360e+06	4.523960e+06	4.545440e+06	4.587360e+06	4.635600e+06	4.643680e+06	4.652020e+06	4.673600e+06	4.681140e+06	4.682720e+06	4.688420e+06	4.688280e+06	4.687280e+06	4.692440e+06	4.696300e+06	4.702840e+06	4.702120e+06	4.691480e+06	4.693920e+06	4.694820e+06	4.692860e+06	4.702960e+06	4.694780e+06	4.706700e+06	4.694680e+06	4.700160e+06	4.699820e+06	4.691840e+06	4.694260e+06	4.695840e+06	4.706640e+06	4.694160e+06	4.684840e+06	4.696500e+06	4.692900e+06	4.705540e+06	4.692340e+06	4.709800e+06	4.695020e+06	4.686960e+06	4.695420e+06	4.707360e+06	4.686920e+06	4.689960e+06	4.701920e+06	4.692460e+06	4.702640e+06	4.705200e+06	4.697540e+06	4.696580e+06	4.700360e+06	4.700260e+06	4.693800e+06	4.713360e+06	4.696120e+06	4.691220e+06	4.697920e+06	4.702860e+06	4.707300e+06	4.714240e+06
4.711640e+06	4.704340e+06	4.710100e+06	4.698620e+06	4.709420e+06	4.707840e+06	4.713400e+06	4.695280e+06	4.699780e+06	4.681360e+06	4.692220e+06	4.692560e+06	4.692580e+06	4.699160e+06	4.700500e+06	4.695600e+06	4.708080e+06	4.712280e+06	4.702580e+06	4.702580e+06	4.682420e+06	4.688540e+06	4.699160e+06	4.693060e+06	4.682040e+06	4.691620e+06	4.690940e+06	4.696540e+06	4.687940e+06	4.682380e+06	4.694120e+06	4.694420e+06	4.697080e+06	4.669800e+06	4.689480e+06	4.689740e+06	4.697640e+06	4.699520e+06	4.692140e+06	4.692660e+06	4.708320e+06	4.686380e+06	4.690780e+06	4.683340e+06	4.681880e+06	4.681000e+06	4.684960e+06	4.676940e+06	4.682020e+06	4.674440e+06	4.655380e+06	4.658980e+06	4.647820e+06	4.637680e+06	4.625000e+06	4.603220e+06	4.559420e+06	4.525160e+06	4.512420e+06	4.533800e+06	4.587100e+06	4.560740e+06	4.538520e+06	4.544420e+06	4.570580e+06	4.621380e+06	4.633180e+06	4.666740e+06	4.676240e+06	4.685500e+06	4.659900e+06	4.676560e+06	4.691200e+06	4.687660e+06	4.681020e+06	4.677680e+06	4.692500e+06	4.683960e+06	4.698600e+06	4.695060e+06	4.699560e+06	4.692400e+06	4.677000e+06	4.692120e+06	4.698360e+06	4.691340e+06	4.695980e+06	4.690800e+06	4.691560e+06	4.695820e+06	4.699120e+06	4.693680e+06	4.692900e+06	4.691340e+06	4.700700e+06	4.698720e+06	4.699420e+06	4.697680e+06	4.692260e+06	4.722220e+06	4.695680e+06	4.698960e+06	4.695120e+06	4.695700e+06	4.695160e+06	4.698620e+06	4.696560e+06	4.690420e+06	4.690060e+06	4.705520e+06	4.693100e+06	4.691040e+06	4.694720e+06	4.696320e+06	4.708400e+06	4.704660e+06	4.700880e+06	4.695160e+06	4.701480e+06	4.695980e+06	4.698420e+06
4.700840e+06	4.709340e+06	4.706680e+06	4.709980e+06	4.700760e+06	4.695720e+06	4.698780e+06	4.698680e+06	4.703720e+06	4.701200e+06	4.701580e+06	4.692180e+06	4.710660e+06	4.696700e+06	4.717880e+06	4.713040e+06	4.708600e+06	4.714240e+06	4.703500e+06	4.706700e+06	4.698600e+06	4.705020e+06	4.707160e+06	4.704760e+06	4.697660e+06	4.703920e+06	4.709940e+06	4.705900e+06	4.701060e+06	4.688420e+06	4.696560e+06	4.709140e+06	4.693780e+06	4.697340e+06	4.685540e+06	4.689360e+06	4.681360e+06	4.700700e+06	4.676540e+06	4.697100e+06	4.704040e+06	4.705800e+06	4.709460e+06	4.701280e+06	4.693340e+06	4.685480e+06	4.689060e+06	4.683260e+06	4.683380e+06	4.665600e+06	4.672340e+06	4.670420e+06	4.655640e+06	4.639340e+06	4.618600e+06	4.592620e+06	4.573940e+06	4.535960e+06	4.517620e+06	4.530480e+06	4.588860e+06	4.562580e+06	4.518260e+06	4.542520e+06	4.583960e+06	4.622980e+06	4.643800e+06	4.659420e+06	4.661120e+06	4.685120e+06	4.692800e+06	4.682760e+06	4.688620e+06	4.684500e+06	4.708260e+06	4.698260e+06	4.688940e+06	4.687820e+06	4.691640e+06	4.695740e+06	4.697080e+06	4.684920e+06	4.691980e+06	4.696800e+06	4.682180e+06	4.690140e+06	4.686200e+06	4.694600e+06	4.700620e+06	4.685440e+06	4.691800e+06	4.703900e+06	4.700920e+06	4.680540e+06	4.703460e+06	4.698460e+06	4.702980e+06	4.705580e+06	4.689540e+06	4.708780e+06	4.700880e+06	4.701740e+06	4.714460e+06	4.696700e+06	4.699800e+06	4.690180e+06	4.699620e+06	4.694060e+06	4.697420e+06	4.677860e+06	4.693600e+06	4.706500e+06	4.705900e+06	4.705680e+06	4.700140e+06	4.697300e+06	4.712500e+06	4.706660e+06	4.705560e+06	4.707800e+06	4.706520e+06
4.701380e+06	4.709600e+06	4.709320e+06	4.691860e+06	4.714460e+06	4.713120e+06	4.712040e+06	4.709860e+06	4.692120e+06	4.720060e+06	4.698660e+06	4.722940e+06	4.705820e+06	4.710160e+06	4.716180e+06	4.709300e+06	4.704480e+06	4.717740e+06	4.715700e+06	4.709640e+06	4.700660e+06	4.713340e+06	4.705560e+06	4.711340e+06	4.690520e+06	4.696960e+06	4.721780e+06	4.702140e+06	4.706400e+06	4.695400e+06	4.691320e+06	4.695740e+06	4.693180e+06	4.684080e+06	4.709400e+06	4.719200e+06	4.697280e+06	4.698560e+06	4.694160e+06	4.698280e+06	4.688900e+06	4.717440e+06	4.689480e+06	4.707280e+06	4.695820e+06	4.705800e+06	4.702580e+06	4.678780e+06	4.679640e+06	4.671460e+06	4.669160e+06	4.674860e+06	4.651860e+06	4.648200e+06	4.631960e+06	4.618140e+06	4.595140e+06	4.537080e+06	4.527800e+06	4.559260e+06	4.591360e+06	4.577740e+06	4.548860e+06	4.558820e+06	4.582940e+06	4.621300e+06	4.653740e+06	4.661000e+06	4.664740e+06	4.675460e+06	4.685160e+06	4.704600e+06	4.695820e+06	4.707280e+06	4.705320e+06	4.694820e+06	4.690840e+06	4.710700e+06	4.697660e+06	4.700380e+06	4.694800e+06	4.703280e+06	4.695420e+06	4.706580e+06	4.695680e+06	4.704380e+06	4.709720e+06	4.699040e+06	4.704300e+06	4.692140e+06	4.696020e+06	4.706220e+06	4.687160e+06	4.686840e+06	4.698580e+06	4.704880e+06	4.699620e+06	4.713000e+06	4.694100e+06	4.701200e+06	4.689640e+06	4.709720e+06	4.699280e+06	4.696920e+06	4.701940e+06	4.712860e+06	4.701100e+06	4.698220e+06	4.697060e+06	4.691380e+06	4.711700e+06	4.704720e+06	4.705520e+06	4.704220e+06	4.698680e+06	4.695000e+06	4.709900e+06	4.698260e+06	4.722820e+06	4.697620e+06	4.706720e+06
4.700940e+06	4.713180e+06	4.714480e+06	4.703120e+06	4.712100e+06	4.698020e+06	4.691540e+06	4.705040e+06	4.705640e+06	4.698760e+06	4.696840e+06	4.710360e+06	4.712380e+06	4.708060e+06	4.707000e+06	4.707880e+06	4.701640e+06	4.697160e+06	4.691800e+06	4.700980e+06	4.711700e+06	4.713200e+06	4.713320e+06	4.709500e+06	4.695200e+06	4.694000e+06	4.704080e+06	4.693260e+06	4.699480e+06	4.704280e+06	4.715640e+06	4.694520e+06	4.696280e+06	4.696320e+06	4.687620e+06	4.683220e+06	4.700940e+06	4.721880e+06	4.689920e+06	4.702620e+06	4.704620e+06	4.697520e+06	4.694940e+06	4.712760e+06	4.697740e+06	4.704120e+06	4.687480e+06	4.688940e+06	4.689380e+06	4.691400e+06	4.667760e+06	4.672400e+06	4.662720e+06	4.647840e+06	4.619640e+06	4.627960e+06	4.574400e+06	4.537180e+06	4.538160e+06	4.540500e+06	4.582380e+06	4.573160e+06	4.542860e+06	4.543300e+06	4.584660e+06	4.629220e+06	4.650780e+06	4.663680e+06	4.682580e+06	4.665940e+06	4.701540e+06	4.704320e+06	4.696860e+06	4.699020e+06	4.698500e+06	4.702940e+06	4.700980e+06	4.702900e+06	4.697600e+06	4.700560e+06	4.702700e+06	4.710300e+06	4.710140e+06	4.689260e+06	4.698100e+06	4.686540e+06	4.694780e+06	4.710520e+06	4.702640e+06	4.707780e+06	4.702420e+06	4.709720e+06	4.706960e+06	4.691620e+06	4.702880e+06	4.684840e+06	4.697820e+06	4.699600e+06	4.719920e+06	4.699400e+06	4.690260e+06	4.707400e+06	4.697400e+06	4.701180e+06	4.695840e+06	4.715120e+06	4.689100e+06	4.692680e+06	4.707560e+06	4.685440e+06	4.705460e+06	4.710020e+06	4.697280e+06	4.706900e+06	4.691080e+06	4.701280e+06	4.687000e+06	4.706960e+06	4.704320e+06	4.713320e+06	4.713820e+06
4.722780e+06	4.712720e+06	4.727440e+06	4.707240e+06	4.739440e+06	4.715100e+06	4.731180e+06	4.715640e+06	4.724280e+06	4.701500e+06	4.713240e+06	4.714720e+06	4.720580e+06	4.720760e+06	4.711760e+06	4.706720e+06	4.721680e+06	4.716720e+06	4.712580e+06	4.715760e+06	4.713740e+06	4.709200e+06	4.708720e+06	4.709800e+06	4.717200e+06	4.719520e+06	4.695400e+06	4.696300e+06	4.706640e+06	4.700820e+06	4.693120e+06	4.700440e+06	4.715540e+06	4.695680e+06	4.697980e+06	4.708760e+06	4.700940e+06	4.692100e+06	4.706860e+06	4.712560e+06	4.704720e+06	4.706960e+06	4.707720e+06	4.703740e+06	4.719500e+06	4.710460e+06	4.694220e+06	4.698180e+06	4.695340e+06	4.682320e+06	4.677620e+06	4.664300e+06	4.658900e+06	4.653960e+06	4.639860e+06	4.609680e+06	4.575240e+06	4.545020e+06	4.539780e+06	4.548200e+06	4.585520e+06	4.572800e+06	4.536800e+06	4.551260e+06	4.602820e+06	4.637220e+06	4.650940e+06	4.669100e+06	4.681800e+06	4.694480e+06	4.711440e+06	4.718360e+06	4.707840e+06	4.704820e+06	4.708100e+06	4.724720e+06	4.708360e+06	4.718540e+06	4.711500e+06	4.707740e+06	4.716320e+06	4.709040e+06	4.717060e+06	4.716580e+06	4.699400e+06	4.711460e+06	4.709900e+06	4.720120e+06	4.722100e+06	4.706760e+06	4.700460e+06	4.698540e+06	4.710080e+06	4.689380e+06	4.708560e+06	4.706460e+06	4.692660e+06	4.708380e+06	4.695740e+06	4.714320e+06	4.692480e+06	4.711940e+06	4.699320e+06	4.694120e+06	4.699840e+06	4.685200e+06	4.693780e+06	4.695360e+06	4.696820e+06	4.711920e+06	4.695060e+06	4.713320e+06	4.713760e+06	4.703640e+06	4.717280e+06	4.712080e+06	4.691660e+06	4.706860e+06	4.710000e+06	4.724680e+06	4.702920e+06
4.717500e+06	4.715600e+06	4.719440e+06	4.710700e+06	4.727520e+06	4.710600e+06	4.723440e+06	4.726140e+06	4.715700e+06	4.708320e+06	4.706700e+06	4.711540e+06	4.711000e+06	4.718860e+06	4.724440e+06	4.718240e+06	4.727040e+06	4.727680e+06	4.716400e+06	4.720880e+06	4.713720e+06	4.710920e+06	4.714080e+06	4.717520e+06	4.697080e+06	4.726840e+06	4.701220e+06	4.712020e+06	4.722900e+06	4.720320e+06	4.724880e+06	4.711340e+06	4.698100e+06	4.710600e+06	4.712720e+06	4.720220e+06	4.712640e+06	4.723840e+06	4.707920e+06	4.710560e+06	4.713420e+06	4.713840e+06	4.718660e+06	4.712600e+06	4.721680e+06	4.709080e+06	4.707520e+06	4.704240e+06	4.688740e+06	4.695940e+06	4.677740e+06	4.678900e+06	4.671040e+06	4.660140e+06	4.659660e+06	4.630260e+06	4.596720e+06	4.554760e+06	4.529600e+06	4.568260e+06	4.597640e+06	4.568700e+06	4.536280e+06	4.555380e+06	4.606360e+06	4.643620e+06	4.665080e+06	4.671020e+06	4.680380e+06	4.699740e+06	4.693120e+06	4.695660e+06	4.694140e+06	4.712100e+06	4.709220e+06	4.702080e+06	4.709880e+06	4.715520e+06	4.706920e+06	4.710920e+06	4.718440e+06	4.710620e+06	4.723900e+06	4.710460e+06	4.718440e+06	4.720540e+06	4.702920e+06	4.715380e+06	4.730540e+06	4.708300e+06	4.725000e+06	4.706100e+06	4.719120e+06	4.698260e+06	4.723520e+06	4.707160e+06	4.721020e+06	4.711300e+06	4.723360e+06	4.709960e+06	4.707700e+06	4.707560e+06	4.712560e+06	4.719200e+06	4.713060e+06	4.721520e+06	4.703520e+06	4.708600e+06	4.704900e+06	4.705840e+06	4.714720e+06	4.701620e+06	4.717180e+06	4.705140e+06	4.722700e+06	4.695400e+06	4.708200e+06	4.713440e+06	4.719000e+06	4.739680e+06	4.738380e+06
4.690120e+06	4.700240e+06	4.692780e+06	4.705120e+06	4.706920e+06	4.704340e+06	4.715540e+06	4.706460e+06	4.698480e+06	4.705060e+06	4.710000e+06	4.692580e+06	4.693580e+06	4.699840e+06	4.711200e+06	4.701980e+06	4.712460e+06	4.710640e+06	4.698300e+06	4.711540e+06	4.698940e+06	4.687220e+06	4.691220e+06	4.698320e+06	4.699400e+06	4.709140e+06	4.696020e+06	4.694980e+06	4.689080e+06	4.701120e+06	4.687340e+06	4.688380e+06	4.706440e+06	4.684020e+06	4.692140e+06	4.686520e+06	4.684800e+06	4.697560e+06	4.697900e+06	4.699260e+06	4.702980e+06	4.694240e+06	4.695220e+06	4.700940e+06	4.684600e+06	4.683220e+06	4.693740e+06	4.683220e+06	4.685800e+06	4.694760e+06	4.670520e+06	4.658980e+06	4.657900e+06	4.644380e+06	4.623440e+06	4.592900e+06	4.573020e+06	4.524020e+06	4.517040e+06	4.549200e+06	4.570340e+06	4.558100e+06	4.546580e+06	4.550300e+06	4.587760e+06	4.626380e+06	4.656940e+06	4.671880e+06	4.671400e+06	4.691640e+06	4.674420e+06	4.687560e+06	4.686220e+06	4.711000e+06	4.681120e+06	4.705580e+06	4.705440e+06	4.691640e+06	4.701380e+06	4.699240e+06	4.686800e+06	4.699440e+06	4.714920e+06	4.695080e+06	4.702280e+06	4.687420e+06	4.711080e+06	4.705460e+06	4.696600e+06	4.700600e+06	4.714460e+06	4.722200e+06	4.699540e+06	4.710520e+06	4.716200e+06	4.706660e+06	4.698820e+06	4.699900e+06	4.710360e+06	4.709520e+06	4.707900e+06	4.720780e+06	4.702500e+06	4.730100e+06	4.693540e+06	4.718360e+06	4.715520e+06	4.719180e+06	4.706300e+06	4.703020e+06	4.703360e+06	4.710820e+06	4.710960e+06	4.705580e+06	4.699040e+06	4.712460e+06	4.712540e+06	4.715740e+06	4.718220e+06	4.713920e+06	4.724300e+06
4.702620e+06	4.696420e+06	4.697240e+06	4.710400e+06	4.699860e+06	4.687560e+06	4.679080e+06	4.695700e+06	4.702040e+06	4.699940e+06	4.713040e+06	4.696240e+06	4.696260e+06	4.692460e+06	4.695500e+06	4.698060e+06	4.694140e+06	4.697180e+06	4.703200e+06	4.716320e+06	4.684340e+06	4.709000e+06	4.705140e+06	4.691920e+06	4.698520e+06	4.683060e+06	4.698220e+06	4.717020e+06	4.690900e+06	4.681860e+06	4.693860e+06	4.698740e+06	4.710080e+06	4.681660e+06	4.692240e+06	4.686320e+06	4.701060e+06	4.696280e+06	4.694640e+06	4.688180e+06	4.698080e+06	4.696100e+06	4.700900e+06	4.688180e+06	4.684280e+06	4.680980e+06	4.680520e+06	4.690580e+06	4.687520e+06	4.681840e+06	4.662640e+06	4.658980e+06	4.657720e+06	4.635060e+06	4.637700e+06	4.618920e+06	4.570160e+06	4.519480e+06	4.522540e+06	4.538200e+06	4.582920e+06	4.563880e+06	4.534600e+06	4.539680e+06	4.577620e+06	4.611560e+06	4.643140e+06	4.658540e+06	4.667020e+06	4.667920e+06	4.688820e+06	4.683660e+06	4.688160e+06	4.707200e+06	4.686360e+06	4.693240e+06	4.682780e+06	4.693320e+06	4.685640e+06	4.683480e+06	4.684940e+06	4.680280e+06	4.693320e+06	4.693420e+06	4.681880e+06	4.685240e+06	4.682220e+06	4.695900e+06	4.684600e+06	4.700240e+06	4.694260e+06	4.693260e+06	4.692820e+06	4.696600e+06	4.705080e+06	4.699760e+06	4.695200e+06	4.683060e+06	4.697680e+06	4.684720e+06	4.710920e+06	4.713460e+06	4.706500e+06	4.700060e+06	4.713820e+06	4.710160e+06	4.679480e+06	4.694680e+06	4.712220e+06	4.685440e+06	4.698160e+06	4.696680e+06	4.706120e+06	4.696600e+06	4.704180e+06	4.713980e+06	4.699600e+06	4.703980e+06	4.702060e+06	4.696340e+06	4.707500e+06
4.709860e+06	4.702760e+06	4.696720e+06	4.713080e+06	4.705300e+06	4.704480e+06	4.696560e+06	4.707180e+06	4.696280e+06	4.699540e+06	4.697540e+06	4.712160e+06	4.706500e+06	4.706960e+06	4.687840e+06	4.703160e+06	4.706900e+06	4.710780e+06	4.711640e+06	4.700640e+06	4.707440e+06	4.703100e+06	4.707780e+06	4.699460e+06	4.697600e+06	4.715460e+06	4.682600e+06	4.699900e+06	4.695920e+06	4.689100e+06	4.692320e+06	4.715720e+06	4.689200e+06	4.694320e+06	4.690680e+06	4.706680e+06	4.698040e+06	4.710220e+06	4.689580e+06	4.711640e+06	4.697240e+06	4.694060e+06	4.702640e+06	4.702340e+06	4.689880e+06	4.707000e+06	4.687900e+06	4.672780e+06	4.691500e+06	4.682580e+06	4.661100e+06	4.663340e+06	4.664020e+06	4.648460e+06	4.624100e+06	4.602780e+06	4.592540e+06	4.531500e+06	4.529180e+06	4.542540e+06	4.584040e+06	4.553560e+06	4.532220e+06	4.542880e+06	4.585900e+06	4.614520e+06	4.646700e+06	4.647440e+06	4.678280e+06	4.664880e+06	4.673520e+06	4.686400e+06	4.699800e+06	4.697940e+06	4.684220e+06	4.690000e+06	4.693640e+06	4.691940e+06	4.694760e+06	4.698080e+06	4.705400e+06	4.696900e+06	4.671240e+06	4.691400e+06	4.701400e+06	4.692860e+06	4.693840e+06	4.701200e+06	4.711520e+06	4.699220e+06	4.713280e+06	4.701480e+06	4.689520e+06	4.698320e+06	4.708020e+06	4.701520e+06	4.687940e+06	4.698240e+06	4.691380e+06	4.694940e+06	4.710480e+06	4.700140e+06	4.697420e+06	4.701400e+06	4.705620e+06	4.697880e+06	4.695500e+06	4.707260e+06	4.692520e+06	4.714620e+06	4.703200e+06	4.711480e+06	4.687240e+06	4.694740e+06	4.707620e+06	4.711500e+06	4.705140e+06	4.689440e+06	4.703680e+06	4.690760e+06	4.707580e+06
4.711040e+06	4.695820e+06	4.703620e+06	4.714160e+06	4.696940e+06	4.709420e+06	4.708180e+06	4.708780e+06	4.709660e+06	4.709900e+06	4.708480e+06	4.695540e+06	4.709940e+06	4.713500e+06	4.716620e+06	4.698460e+06	4.708720e+06	4.698800e+06	4.715480e+06	4.698300e+06	4.713740e+06	4.701320e+06	4.700020e+06	4.700180e+06	4.719940e+06	4.705300e+06	4.712740e+06	4.699880e+06	4.702700e+06	4.702760e+06	4.697180e+06	4.693440e+06	4.700580e+06	4.701740e+06	4.708480e+06	4.685980e+06	4.707060e+06	4.707560e+06	4.695540e+06	4.705520e+06	4.705420e+06	4.695840e+06	4.705340e+06	4.700120e+06	4.710580e+06	4.703640e+06	4.695560e+06	4.691520e+06	4.684840e+06	4.675180e+06	4.665760e+06	4.673080e+06	4.664680e+06	4.658140e+06	4.633300e+06	4.613920e+06	4.586580e+06	4.536280e+06	4.538480e+06	4.545040e+06	4.594880e+06	4.576780e+06	4.536960e+06	4.539140e+06	4.568260e+06	4.630240e+06	4.650360e+06	4.671980e+06	4.673280e+06	4.685580e+06	4.695140e+06	4.704440e+06	4.690200e+06	4.694100e+06	4.695500e+06	4.693020e+06	4.693680e+06	4.704720e+06	4.701620e+06	4.693960e+06	4.702300e+06	4.699340e+06	4.690180e+06	4.709840e+06	4.707660e+06	4.705220e+06	4.723400e+06	4.705960e+06	4.719840e+06	4.698580e+06	4.693640e+06	4.714100e+06	4.704440e+06	4.693180e+06	4.693120e+06	4.706480e+06	4.693840e+06	4.708240e+06	4.712120e+06	4.706080e+06	4.711260e+06	4.696980e+06	4.717280e+06	4.706620e+06	4.698020e+06	4.718580e+06	4.706300e+06	4.704620e+06	4.722960e+06	4.696040e+06	4.701740e+06	4.703900e+06	4.699040e+06	4.711820e+06	4.711460e+06	4.710740e+06	4.716500e+06	4.716260e+06	4.700740e+06	4.703800e+06	4.712540e+06
4.706880e+06	4.697320e+06	4.719180e+06	4.713420e+06	4.702660e+06	4.705060e+06	4.715740e+06	4.709220e+06	4.706200e+06	4.698140e+06	4.701960e+06	4.696780e+06	4.704560e+06	4.715540e+06	4.713480e+06	4.702740e+06	4.720100e+06	4.715060e+06	4.706260e+06	4.709880e+06	4.710180e+06	4.709480e+06	4.709520e+06	4.707420e+06	4.706940e+06	4.697080e+06	4.697800e+06	4.698460e+06	4.706980e+06	4.703060e+06	4.686820e+06	4.688400e+06	4.693980e+06	4.694780e+06	4.698780e+06	4.694500e+06	4.709120e+06	4.701520e+06	4.699840e+06	4.699080e+06	4.688840e+06	4.703820e+06	4.691940e+06	4.705640e+06	4.707440e+06	4.696500e+06	4.704080e+06	4.684780e+06	4.692940e+06	4.669040e+06	4.681220e+06	4.668980e+06	4.666180e+06	4.649540e+06	4.636540e+06	4.617640e+06	4.585460e+06	4.537240e+06	4.527180e+06	4.550940e+06	4.580200e+06	4.563820e+06	4.540160e+06	4.549080e+06	4.589680e+06	4.624760e+06	4.644400e+06	4.651320e+06	4.673960e+06	4.686380e+06	4.694860e+06	4.694500e+06	4.705000e+06	4.710840e+06	4.689500e+06	4.698080e+06	4.687280e+06	4.699240e+06	4.697000e+06	4.703000e+06	4.693140e+06	4.708360e+06	4.692040e+06	4.703840e+06	4.714500e+06	4.681740e+06	4.697760e+06	4.698500e+06	4.705960e+06	4.699720e+06	4.700220e+06	4.691800e+06	4.688260e+06	4.696580e+06	4.692480e+06	4.690160e+06	4.703280e+06	4.682360e+06	4.695660e+06	4.699720e+06	4.698180e+06	4.706460e+06	4.697420e+06	4.699980e+06	4.707300e+06	4.696720e+06	4.706100e+06	4.711480e+06	4.699460e+06	4.701540e+06	4.714640e+06	4.700980e+06	4.696120e+06	4.707140e+06	4.723280e+06	4.695520e+06	4.705480e+06	4.713180e+06	4.702760e+06	4.718760e+06	4.700940e+06
4.708220e+06	4.698320e+06	4.700480e+06	4.708300e+06	4.688560e+06	4.699160e+06	4.699080e+06	4.693180e+06	4.699380e+06	4.694420e+06	4.692460e+06	4.690920e+06	4.706980e+06	4.705840e+06	4.697060e+06	4.688500e+06	4.723460e+06	4.697440e+06	4.708260e+06	4.679700e+06	4.694000e+06	4.692160e+06	4.701120e+06	4.710760e+06	4.699560e+06	4.692640e+06	4.695480e+06	4.696020e+06	4.695420e+06	4.696960e+06	4.685380e+06	4.701860e+06	4.692360e+06	4.695140e+06	4.691900e+06	4.708020e+06	4.692620e+06	4.693820e+06	4.703000e+06	4.686260e+06	4.685740e+06	4.694920e+06	4.692120e+06	4.680640e+06	4.681500e+06	4.689760e+06	4.673620e+06	4.691200e+06	4.682640e+06	4.699920e+06	4.661320e+06	4.667040e+06	4.661000e+06	4.652180e+06	4.635400e+06	4.606620e+06	4.583380e+06	4.526220e+06	4.529880e+06	4.563840e+06	4.582760e+06	4.559500e+06	4.543520e+06	4.551800e+06	4.580280e+06	4.642680e+06	4.648280e+06	4.653480e+06	4.678600e+06	4.698380e+06	4.688620e+06	4.698660e+06	4.703620e+06	4.695740e+06	4.701780e+06	4.703000e+06	4.708000e+06	4.704980e+06	4.699960e+06	4.715780e+06	4.705980e+06	4.716260e+06	4.715220e+06	4.721080e+06	4.711240e+06	4.696680e+06	4.712920e+06	4.709300e+06	4.709120e+06	4.704360e+06	4.714160e+06	4.719480e+06	4.715100e+06	4.707520e+06	4.705900e+06	4.710340e+06	4.699160e+06	4.702880e+06	4.724900e+06	4.701880e+06	4.693920e+06	4.711500e+06	4.717760e+06	4.701060e+06	4.715080e+06	4.708920e+06	4.703940e+06	4.709020e+06	4.720180e+06	4.717920e+06	4.710340e+06	4.719760e+06	4.717900e+06	4.714820e+06	4.694240e+06	4.710180e+06	4.709220e+06	4.718620e+06	4.695700e+06	4.709240e+06	4.718400e+06
4.672900e+06	4.679220e+06	4.671840e+06	4.682920e+06	4.680620e+06	4.676060e+06	4.687280e+06	4.680480e+06	4.669480e+06	4.678440e+06	4.683840e+06	4.691460e+06	4.680880e+06	4.668840e+06	4.685660e+06	4.675580e+06	4.672620e+06	4.691040e+06	4.689380e+06	4.673260e+06	4.689080e+06	4.672860e+06	4.669860e+06	4.692180e+06	4.660940e+06	4.673980e+06	4.671440e+06	4.673440e+06	4.667180e+06	4.672320e+06	4.676480e+06	4.686360e+06	4.664940e+06	4.676140e+06	4.666440e+06	4.661720e+06	4.684060e+06	4.667220e+06	4.682300e+06	4.685740e+06	4.685000e+06	4.665260e+06	4.667580e+06	4.679020e+06	4.687100e+06	4.677880e+06	4.660840e+06	4.667800e+06	4.659560e+06	4.653780e+06	4.640800e+06	4.640880e+06	4.644440e+06	4.610060e+06	4.596420e+06	4.584740e+06	4.556180e+06	4.503820e+06	4.490880e+06	4.520760e+06	4.560840e+06	4.546340e+06	4.509200e+06	4.537100e+06	4.566920e+06	4.595740e+06	4.628080e+06	4.639320e+06	4.657440e+06	4.647820e+06	4.663320e+06	4.663520e+06	4.673540e+06	4.670340e+06	4.683200e+06	4.672680e+06	4.684540e+06	4.680520e+06	4.683600e+06	4.686320e+06	4.684260e+06	4.674820e+06	4.679460e+06	4.686540e+06	4.683360e+06	4.675500e+06	4.676940e+06	4.670960e+06	4.681620e+06	4.679840e+06	4.683000e+06	4.686640e+06	4.679380e+06	4.690680e+06	4.680820e+06	4.663980e+06	4.692260e+06	4.690560e+06	4.698520e+06	4.674940e+06	4.689680e+06	4.678140e+06	4.682920e+06	4.685920e+06	4.689760e+06	4.687600e+06	4.677480e+06	4.691920e+06	4.702920e+06	4.691940e+06	4.697980e+06	4.701100e+06	4.701560e+06	4.694860e+06	4.688080e+06	4.701600e+06	4.692220e+06	4.696260e+06	4.684900e+06	4.698100e+06	4.693220e+06
4.689180e+06	4.694620e+06	4.686100e+06	4.690980e+06	4.676720e+06	4.687000e+06	4.688800e+06	4.696320e+06	4.703440e+06	4.691140e+06	4.702040e+06	4.704320e+06	4.698240e+06	4.693020e+06	4.702000e+06	4.690680e+06	4.698080e+06	4.710360e+06	4.701840e+06	4.697380e+06	4.662580e+06	4.698720e+06	4.693720e+06	4.674720e+06	4.687220e+06	4.692480e+06	4.688160e+06	4.682080e+06	4.679060e+06	4.685200e+06	4.673040e+06	4.682020e+06	4.685440e+06	4.651160e+06	4.671420e+06	4.688160e+06	4.687760e+06	4.677460e+06	4.675540e+06	4.681500e+06	4.691720e+06	4.691440e+06	4.686520e+06	4.686760e+06	4.685240e+06	4.670640e+06	4.648220e+06	4.663060e+06	4.676960e+06	4.648780e+06	4.663660e+06	4.650580e+06	4.641140e+06	4.640820e+06	4.622060e+06	4.581160e+06	4.558540e+06	4.525440e+06	4.506300e+06	4.537860e+06	4.568260e+06	4.535660e+06	4.520340e+06	4.531420e+06	4.577500e+06	4.608220e+06	4.639740e+06	4.650220e+06	4.667020e+06	4.671980e+06	4.675640e+06	4.666420e+06	4.681860e+06	4.685040e+06	4.676660e+06	4.664340e+06	4.687660e+06	4.682240e+06	4.667300e+06	4.687240e+06	4.675360e+06	4.674760e+06	4.660540e+06	4.679920e+06	4.679140e+06	4.693100e+06	4.687100e+06	4.690220e+06	4.694860e+06	4.686260e+06	4.677320e+06	4.679820e+06	4.670600e+06	4.692820e+06	4.677920e+06	4.675460e+06	4.694840e+06	4.680820e+06	4.677240e+06	4.667980e+06	4.681720e+06	4.676860e+06	4.674860e+06	4.681560e+06	4.687740e+06	4.683140e+06	4.686100e+06	4.684220e+06	4.681020e+06	4.678040e+06	4.671960e+06	4.688600e+06	4.665460e+06	4.684000e+06	4.670200e+06	4.683740e+06	4.676380e+06	4.664800e+06	4.682240e+06	4.672240e+06	4.684420e+06
4.696560e+06	4.696640e+06	4.680820e+06	4.680240e+06	4.691600e+06	4.685640e+06	4.679500e+06	4.678980e+06	4.699180e+06	4.705220e+06	4.706440e+06	4.690700e+06	4.705740e+06	4.678360e+06	4.692960e+06	4.696360e+06	4.688360e+06	4.675940e+06	4.688380e+06	4.694820e+06	4.690620e+06	4.703360e+06	4.683480e+06	4.704620e+06	4.681920e+06	4.685660e+06	4.683480e+06	4.682840e+06	4.695340e+06	4.682780e+06	4.684180e+06	4.672880e+06	4.686900e+06	4.677280e+06	4.675020e+06	4.682400e+06	4.670580e+06	4.679240e+06	4.685060e+06	4.676240e+06	4.684800e+06	4.686180e+06	4.699160e+06	4.680760e+06	4.685020e+06	4.674200e+06	4.682520e+06	4.672680e+06	4.661660e+06	4.665260e+06	4.657700e+06	4.653300e+06	4.650700e+06	4.615860e+06	4.616360e+06	4.599600e+06	4.566540e+06	4.521700e+06	4.512940e+06	4.537380e+06	4.577060e+06	4.549380e+06	4.527760e+06	4.513760e+06	4.560440e+06	4.625800e+06	4.614040e+06	4.636840e+06	4.667080e+06	4.668120e+06	4.671880e+06	4.675800e+06	4.672820e+06	4.678060e+06	4.673980e+06	4.666940e+06	4.686100e+06	4.690120e+06	4.682400e+06	4.687920e+06	4.674420e+06	4.687800e+06	4.676700e+06	4.681140e+06	4.693080e+06	4.689440e+06	4.696260e+06	4.686400e+06	4.691940e+06	4.693860e+06	4.674780e+06	4.691300e+06	4.683680e+06	4.673840e+06	4.691920e+06	4.687920e+06	4.691480e+06	4.687600e+06	4.699260e+06	4.682320e+06	4.686320e+06	4.687000e+06	4.678460e+06	4.687900e+06	4.701220e+06	4.696880e+06	4.700580e+06	4.696960e+06	4.698980e+06	4.693200e+06	4.683000e+06	4.700720e+06	4.706340e+06	4.680000e+06	4.681520e+06	4.695600e+06	4.673400e+06	4.694360e+06	4.685100e+06	4.695540e+06	4.696200e+06
4.682140e+06	4.685780e+06	4.684180e+06	4.688740e+06	4.689440e+06	4.680360e+06	4.680320e+06	4.700320e+06	4.688800e+06	4.679920e+06	4.698780e+06	4.693720e+06	4.690900e+06	4.676880e+06	4.675000e+06	4.688480e+06	4.676320e+06	4.683860e+06	4.692680e+06	4.684720e+06	4.680120e+06	4.683080e+06	4.682840e+06	4.667160e+06	4.687280e+06	4.696540e+06	4.674100e+06	4.677400e+06	4.685000e+06	4.675400e+06	4.690260e+06	4.674160e+06	4.700400e+06	4.673000e+06	4.670960e+06	4.676920e+06	4.670800e+06	4.676360e+06	4.667900e+06	4.678420e+06	4.689680e+06	4.678560e+06	4.675480e+06	4.677240e+06	4.670980e+06	4.654160e+06	4.669980e+06	4.672260e+06	4.665900e+06	4.657020e+06	4.645320e+06	4.656720e+06	4.623900e+06	4.633840e+06	4.612600e+06	4.598840e+06	4.565740e+06	4.523480e+06	4.522060e+06	4.524260e+06	4.563960e+06	4.550520e+06	4.515740e+06	4.527900e+06	4.568320e+06	4.608280e+06	4.624140e+06	4.639220e+06	4.665120e+06	4.649900e+06	4.674740e+06	4.675360e+06	4.678720e+06	4.679600e+06	4.687980e+06	4.678300e+06	4.680820e+06	4.663620e+06	4.677500e+06	4.674000e+06	4.672980e+06	4.692580e+06	4.690380e+06	4.690000e+06	4.677040e+06	4.680720e+06	4.676940e+06	4.685800e+06	4.683940e+06	4.669700e+06	4.687860e+06	4.697760e+06	4.688080e+06	4.679860e+06	4.688320e+06	4.677880e+06	4.690960e+06	4.679860e+06	4.688620e+06	4.676900e+06	4.682680e+06	4.676660e+06	4.691140e+06	4.694180e+06	4.681540e+06	4.683540e+06	4.690200e+06	4.682260e+06	4.683180e+06	4.682940e+06	4.697680e+06	4.699360e+06	4.674920e+06	4.702420e+06	4.697240e+06	4.687860e+06	4.686000e+06	4.690660e+06	4.698080e+06	4.698820e+06	4.713040e+06
4.681340e+06	4.694060e+06	4.686480e+06	4.701740e+06	4.686480e+06	4.703180e+06	4.685880e+06	4.698400e+06	4.698700e+06	4.683980e+06	4.695240e+06	4.691580e+06	4.696860e+06	4.686740e+06	4.696040e+06	4.694100e+06	4.698360e+06	4.688360e+06	4.699400e+06	4.685280e+06	4.708740e+06	4.682380e+06	4.707180e+06	4.683900e+06	4.690880e+06	4.690280e+06	4.684740e+06	4.686660e+06	4.684720e+06	4.689120e+06	4.678500e+06	4.675720e+06	4.682400e+06	4.678960e+06	4.682140e+06	4.681700e+06	4.668500e+06	4.674780e+06	4.694500e+06	4.678820e+06	4.675620e+06	4.685340e+06	4.675460e+06	4.681860e+06	4.669420e+06	4.673320e+06	4.675720e+06	4.674640e+06	4.675320e+06	4.674480e+06	4.660540e+06	4.654240e+06	4.653740e+06	4.634460e+06	4.626840e+06	4.603640e+06	4.567400e+06	4.528760e+06	4.511840e+06	4.523080e+06	4.579160e+06	4.543260e+06	4.522020e+06	4.538020e+06	4.555760e+06	4.603520e+06	4.644720e+06	4.642900e+06	4.657400e+06	4.660460e+06	4.662460e+06	4.658660e+06	4.678660e+06	4.684400e+06	4.678880e+06	4.684320e+06	4.667220e+06	4.684920e+06	4.676380e+06	4.680160e+06	4.680040e+06	4.685480e+06	4.687260e+06	4.681880e+06	4.672060e+06	4.673640e+06	4.674820e+06	4.680000e+06	4.686160e+06	4.677340e+06	4.693940e+06	4.679740e+06	4.682460e+06	4.680820e+06	4.685980e+06	4.668720e+06	4.693320e+06	4.689060e+06	4.687080e+06	4.680100e+06	4.704360e+06	4.673320e+06	4.680440e+06	4.687220e+06	4.682880e+06	4.681000e+06	4.668280e+06	4.686380e+06	4.716580e+06	4.670460e+06	4.694520e+06	4.689720e+06	4.678180e+06	4.696580e+06	4.708820e+06	4.696800e+06	4.681800e+06	4.668560e+06	4.689160e+06	4.687740e+06	4.691700e+06
4.703220e+06	4.687680e+06	4.684120e+06	4.689800e+06	4.689580e+06	4.686500e+06	4.689640e+06	4.685740e+06	4.690880e+06	4.688920e+06	4.698160e+06	4.676000e+06	4.687940e+06	4.706120e+06	4.700640e+06	4.702100e+06	4.686780e+06	4.690540e+06	4.691280e+06	4.683860e+06	4.690440e+06	4.684440e+06	4.699560e+06	4.691560e+06	4.691800e+06	4.683260e+06	4.683900e+06	4.680100e+06	4.687280e+06	4.687960e+06	4.684500e+06	4.679080e+06	4.689000e+06	4.691120e+06	4.696180e+06	4.686000e+06	4.681380e+06	4.684360e+06	4.682040e+06	4.685440e+06	4.681760e+06	4.681600e+06	4.680260e+06	4.694040e+06	4.691360e+06	4.686720e+06	4.668680e+06	4.677140e+06	4.667820e+06	4.661420e+06	4.656000e+06	4.651880e+06	4.642000e+06	4.638660e+06	4.632780e+06	4.602920e+06	4.564800e+06	4.520780e+06	4.512780e+06	4.544660e+06	4.568020e+06	4.570940e+06	4.535100e+06	4.532780e+06	4.570480e+06	4.603820e+06	4.634640e+06	4.659160e+06	4.666360e+06	4.668320e+06	4.682080e+06	4.678220e+06	4.672760e+06	4.677020e+06	4.690140e+06	4.682300e+06	4.682040e+06	4.680620e+06	4.695020e+06	4.679640e+06	4.676180e+06	4.690260e+06	4.676660e+06	4.704640e+06	4.689780e+06	4.695320e+06	4.676060e+06	4.684340e+06	4.686000e+06	4.700060e+06	4.679400e+06	4.692420e+06	4.697900e+06	4.685440e+06	4.692700e+06	4.700220e+06	4.683060e+06	4.691540e+06	4.685320e+06	4.678860e+06	4.696260e+06	4.677620e+06	4.695920e+06	4.689040e+06	4.693880e+06	4.701260e+06	4.685000e+06	4.694620e+06	4.700340e+06	4.683600e+06	4.678840e+06	4.693000e+06	4.690940e+06	4.693940e+06	4.685760e+06	4.700620e+06	4.687400e+06	4.681460e+06	4.708000e+06	4.692640e+06	4.686480e+06
4.701180e+06	4.705260e+06	4.699500e+06	4.686460e+06	4.683720e+06	4.689100e+06	4.698360e+06	4.687600e+06	4.699940e+06	4.690860e+06	4.692380e+06	4.703440e+06	4.689620e+06	4.685780e+06	4.696600e+06	4.689780e+06	4.700980e+06	4.695460e+06	4.698460e+06	4.699020e+06	4.700780e+06	4.685740e+06	4.699740e+06	4.675800e+06	4.683280e+06	4.679780e+06	4.678420e+06	4.680220e+06	4.689720e+06	4.673240e+06	4.685360e+06	4.692160e+06	4.684700e+06	4.688100e+06	4.682780e+06	4.687980e+06	4.678180e+06	4.700140e+06	4.681020e+06	4.695200e+06	4.679620e+06	4.693420e+06	4.677900e+06	4.700780e+06	4.675960e+06	4.678160e+06	4.669800e+06	4.674860e+06	4.670760e+06	4.670780e+06	4.657840e+06	4.650940e+06	4.658540e+06	4.636100e+06	4.624740e+06	4.600820e+06	4.562380e+06	4.525980e+06	4.513460e+06	4.534540e+06	4.575360e+06	4.561880e+06	4.537780e+06	4.526340e+06	4.577360e+06	4.615780e+06	4.641420e+06	4.635120e+06	4.663200e+06	4.677440e+06	4.681220e+06	4.675500e+06	4.664900e+06	4.669260e+06	4.678820e+06	4.688880e+06	4.696320e+06	4.679040e+06	4.692060e+06	4.687800e+06	4.705220e+06	4.676800e+06	4.688200e+06	4.696560e+06	4.683360e+06	4.694040e+06	4.696520e+06	4.687680e+06	4.695140e+06	4.689400e+06	4.700200e+06	4.694240e+06	4.685580e+06	4.685500e+06	4.684920e+06	4.688820e+06	4.679100e+06	4.681300e+06	4.674800e+06	4.694620e+06	4.695680e+06	4.683300e+06	4.685000e+06	4.690060e+06	4.680760e+06	4.685020e+06	4.691740e+06	4.690460e+06	4.691120e+06	4.679660e+06	4.683180e+06	4.702140e+06	4.698200e+06	4.685200e+06	4.684660e+06	4.689960e+06	4.699960e+06	4.697960e+06	4.689960e+06	4.687060e+06	4.702540e+06
4.692000e+06	4.693080e+06	4.700320e+06	4.697000e+06	4.696180e+06	4.703180e+06	4.705500e+06	4.684580e+06	4.707180e+06	4.695960e+06	4.685100e+06	4.697040e+06	4.679740e+06	4.684060e+06	4.687600e+06	4.694180e+06	4.698600e+06	4.695940e+06	4.688160e+06	4.703940e+06	4.688480e+06	4.694900e+06	4.697400e+06	4.701520e+06	4.676040e+06	4.682540e+06	4.685180e+06	4.693140e+06	4.676840e+06	4.697940e+06	4.694980e+06	4.678680e+06	4.677640e+06	4.692700e+06	4.680960e+06	4.686020e+06	4.679940e+06	4.695800e+06	4.687840e+06	4.690160e+06	4.692520e+06	4.699220e+06	4.688700e+06	4.687020e+06	4.697120e+06	4.693860e+06	4.678860e+06	4.684300e+06	4.661100e+06	4.668140e+06	4.665640e+06	4.648440e+06	4.649060e+06	4.630520e+06	4.613260e+06	4.603420e+06	4.565420e+06	4.534700e+06	4.520420e+06	4.537080e+06	4.573660e+06	4.546660e+06	4.513840e+06	4.537880e+06	4.581460e+06	4.615960e+06	4.642760e+06	4.644940e+06	4.669300e+06	4.667760e+06	4.668760e+06	4.682700e+06	4.689820e+06	4.679640e+06	4.676800e+06	4.671920e+06	4.694540e+06	4.667920e+06	4.680000e+06	4.682940e+06	4.683520e+06	4.678460e+06	4.684200e+06	4.688660e+06	4.699780e+06	4.684040e+06	4.683460e+06	4.681460e+06	4.687460e+06	4.691840e+06	4.685840e+06	4.688940e+06	4.700460e+06	4.696640e+06	4.692720e+06	4.684620e+06	4.682920e+06	4.691360e+06	4.691300e+06	4.691160e+06	4.686780e+06	4.688480e+06	4.690400e+06	4.693900e+06	4.696980e+06	4.698360e+06	4.693460e+06	4.703360e+06	4.697800e+06	4.687740e+06	4.691780e+06	4.692240e+06	4.706680e+06	4.686020e+06	4.698100e+06	4.691520e+06	4.684600e+06	4.685560e+06	4.702220e+06	4.707840e+06	4.696060e+06
4.677640e+06	4.676720e+06	4.681640e+06	4.681880e+06	4.675300e+06	4.680360e+06	4.669820e+06	4.662160e+06	4.680540e+06	4.667760e+06	4.661520e+06	4.676540e+06	4.670300e+06	4.679800e+06	4.670260e+06	4.665240e+06	4.675880e+06	4.675640e+06	4.671320e+06	4.671780e+06	4.686160e+06	4.660280e+06	4.663760e+06	4.669420e+06	4.675480e+06	4.689200e+06	4.666700e+06	4.673200e+06	4.664860e+06	4.672820e+06	4.676040e+06	4.672860e+06	4.668380e+06	4.664880e+06	4.684640e+06	4.667060e+06	4.680360e+06	4.670000e+06	4.660800e+06	4.690020e+06	4.662640e+06	4.671200e+06	4.673880e+06	4.680900e+06	4.682620e+06	4.664840e+06	4.670360e+06	4.680900e+06	4.663240e+06	4.657080e+06	4.647040e+06	4.659740e+06	4.641640e+06	4.618440e+06	4.608360e+06	4.594240e+06	4.572540e+06	4.505240e+06	4.505560e+06	4.526040e+06	4.558260e+06	4.536600e+06	4.517420e+06	4.522560e+06	4.564440e+06	4.597240e+06	4.626420e+06	4.646020e+06	4.663080e+06	4.648340e+06	4.664980e+06	4.674780e+06	4.678660e+06	4.664600e+06	4.685520e+06	4.673020e+06	4.674460e+06	4.684300e+06	4.670660e+06	4.693700e+06	4.673560e+06	4.680920e+06	4.678460e+06	4.697860e+06	4.678660e+06	4.687200e+06	4.691200e+06	4.669360e+06	4.674200e+06	4.692420e+06	4.678780e+06	4.687520e+06	4.685580e+06	4.707380e+06	4.690200e+06	4.696120e+06	4.684880e+06	4.684400e+06	4.671020e+06	4.687560e+06	4.691840e+06	4.707140e+06	4.686260e+06	4.684960e+06	4.679540e+06	4.695380e+06	4.688700e+06	4.679420e+06	4.687560e+06	4.699220e+06	4.691160e+06	4.705220e+06	4.703580e+06	4.695240e+06	4.683340e+06	4.699460e+06	4.690620e+06	4.701360e+06	4.696800e+06	4.697980e+06	4.704280e+06
4.669700e+06	4.639460e+06	4.651560e+06	4.656100e+06	4.657820e+06	4.654480e+06	4.660920e+06	4.658680e+06	4.660300e+06	4.657560e+06	4.660920e+06	4.669260e+06	4.666880e+06	4.653280e+06	4.644880e+06	4.642920e+06	4.656980e+06	4.659560e+06	4.671180e+06	4.673420e+06	4.670620e+06	4.654020e+06	4.664380e+06	4.665500e+06	4.645900e+06	4.659960e+06	4.660300e+06	4.649180e+06	4.659640e+06	4.655380e+06	4.665400e+06	4.655140e+06	4.673460e+06	4.645320e+06	4.655740e+06	4.667820e+06	4.667400e+06	4.667860e+06	4.661060e+06	4.670740e+06	4.664480e+06	4.650860e+06	4.638920e+06	4.667360e+06	4.657760e+06	4.646720e+06	4.649160e+06	4.649820e+06	4.648420e+06	4.640740e+06	4.645120e+06	4.649320e+06	4.620080e+06	4.613100e+06	4.600660e+06	4.573220e+06	4.550920e+06	4.509060e+06	4.484380e+06	4.528940e+06	4.561480e+06	4.531540e+06	4.492920e+06	4.497940e+06	4.540480e+06	4.584980e+06	4.606840e+06	4.639900e+06	4.642520e+06	4.659800e+06	4.677820e+06	4.654600e+06	4.664620e+06	4.667920e+06	4.649780e+06	4.667380e+06	4.654460e+06	4.672160e+06	4.673260e+06	4.656340e+06	4.675880e+06	4.659120e+06	4.669200e+06	4.664300e+06	4.668680e+06	4.669760e+06	4.665980e+06	4.656100e+06	4.669900e+06	4.662620e+06	4.670020e+06	4.654060e+06	4.664920e+06	4.663740e+06	4.682780e+06	4.658700e+06	4.659260e+06	4.660940e+06	4.665240e+06	4.663520e+06	4.656380e+06	4.662160e+06	4.658940e+06	4.685380e+06	4.674640e+06	4.655860e+06	4.668880e+06	4.664360e+06	4.664220e+06	4.667360e+06	4.690400e+06	4.664920e+06	4.676240e+06	4.649980e+06	4.680780e+06	4.682660e+06	4.681520e+06	4.689100e+06	4.671000e+06	4.675120e+06	4.693620e+06
4.626100e+06	4.622460e+06	4.631100e+06	4.632060e+06	4.625420e+06	4.617460e+06	4.627960e+06	4.620760e+06	4.636360e+06	4.635520e+06	4.627040e+06	4.632700e+06	4.618940e+06	4.607580e+06	4.631380e+06	4.625460e+06	4.628320e+06	4.613560e+06	4.642600e+06	4.623780e+06	4.642020e+06	4.647660e+06	4.631480e+06	4.625060e+06	4.628280e+06	4.629960e+06	4.630660e+06	4.617540e+06	4.612280e+06	4.612640e+06	4.629260e+06	4.618920e+06	4.626360e+06	4.621740e+06	4.622220e+06	4.613140e+06	4.627500e+06	4.646960e+06	4.631080e+06	4.638640e+06	4.646040e+06	4.625020e+06	4.639960e+06	4.627200e+06	4.630760e+06	4.627180e+06	4.620340e+06	4.613780e+06	4.620980e+06	4.612080e+06	4.596700e+06	4.603960e+06	4.595460e+06	4.581280e+06	4.564940e+06	4.542180e+06	4.516380e+06	4.458960e+06	4.460800e+06	4.493520e+06	4.521760e+06	4.494320e+06	4.476500e+06	4.472280e+06	4.525880e+06	4.568120e+06	4.581300e+06	4.611960e+06	4.614480e+06	4.625960e+06	4.631900e+06	4.629660e+06	4.609820e+06	4.632660e+06	4.626620e+06	4.650180e+06	4.625580e+06	4.649500e+06	4.633040e+06	4.630940e+06	4.625140e+06	4.626420e+06	4.628420e+06	4.640900e+06	4.631040e+06	4.648660e+06	4.626020e+06	4.630840e+06	4.633380e+06	4.643380e+06	4.646700e+06	4.648620e+06	4.645940e+06	4.643900e+06	4.640400e+06	4.637180e+06	4.645740e+06	4.632860e+06	4.649220e+06	4.635960e+06	4.648500e+06	4.659640e+06	4.637540e+06	4.644760e+06	4.636100e+06	4.640800e+06	4.648160e+06	4.633480e+06	4.644960e+06	4.632780e+06	4.651460e+06	4.641660e+06	4.646820e+06	4.657460e+06	4.639200e+06	4.651940e+06	4.648100e+06	4.649900e+06	4.646760e+06	4.661300e+06	4.663080e+06
4.590780e+06	4.596760e+06	4.606720e+06	4.596260e+06	4.603960e+06	4.593500e+06	4.603440e+06	4.602000e+06	4.605180e+06	4.603040e+06	4.597540e+06	4.602000e+06	4.590240e+06	4.597440e+06	4.594960e+06	4.615140e+06	4.596840e+06	4.600440e+06	4.604020e+06	4.601360e+06	4.610860e+06	4.594460e+06	4.619580e+06	4.601580e+06	4.588960e+06	4.599420e+06	4.609900e+06	4.590440e+06	4.604800e+06	4.590440e+06	4.597740e+06	4.601660e+06	4.591240e+06	4.596640e+06	4.600760e+06	4.595200e+06	4.597420e+06	4.603960e+06	4.602280e+06	4.596280e+06	4.603340e+06	4.592980e+06	4.604120e+06	4.591980e+06	4.604520e+06	4.591740e+06	4.597560e+06	4.607520e+06	4.586480e+06	4.593160e+06	4.585320e+06	4.568400e+06	4.552440e+06	4.541720e+06	4.533100e+06	4.527220e+06	4.477720e+06	4.434300e+06	4.440520e+06	4.450580e+06	4.503980e+06	4.472320e+06	4.446860e+06	4.455020e+06	4.507620e+06	4.536420e+06	4.564620e+06	4.570620e+06	4.581780e+06	4.595240e+06	4.601380e+06	4.600280e+06	4.591660e+06	4.592720e+06	4.613600e+06	4.604360e+06	4.597920e+06	4.609020e+06	4.603560e+06	4.630580e+06	4.606120e+06	4.601060e+06	4.617220e+06	4.605520e+06	4.615440e+06	4.607400e+06	4.625420e+06	4.601940e+06	4.620460e+06	4.622400e+06	4.619660e+06	4.604040e+06	4.600860e+06	4.608500e+06	4.617360e+06	4.614500e+06	4.618420e+06	4.616840e+06	4.619880e+06	4.602660e+06	4.606220e+06	4.617160e+06	4.613060e+06	4.630620e+06	4.612940e+06	4.615220e+06	4.612780e+06	4.627640e+06	4.615380e+06	4.626860e+06	4.626120e+06	4.634100e+06	4.630960e+06	4.621920e+06	4.636560e+06	4.622620e+06	4.624780e+06	4.623680e+06	4.635860e+06	4.628820e+06	4.632820e+06
4.602880e+06	4.598360e+06	4.606800e+06	4.605940e+06	4.609180e+06	4.606640e+06	4.601280e+06	4.606280e+06	4.590340e+06	4.607260e+06	4.609460e+06	4.599840e+06	4.604460e+06	4.599560e+06	4.593700e+06	4.600940e+06	4.601480e+06	4.601080e+06	4.617100e+06	4.615460e+06	4.606900e+06	4.591860e+06	4.603460e+06	4.597940e+06	4.604660e+06	4.611160e+06	4.590660e+06	4.601360e+06	4.606600e+06	4.577700e+06	4.591100e+06	4.594400e+06	4.596360e+06	4.583160e+06	4.597660e+06	4.597380e+06	4.593220e+06	4.592840e+06	4.594580e+06	4.596700e+06	4.585400e+06	4.595160e+06	4.593040e+06	4.599660e+06	4.603100e+06	4.592220e+06	4.604940e+06	4.586320e+06	4.581520e+06	4.578600e+06	4.573960e+06	4.561140e+06	4.545280e+06	4.547800e+06	4.540360e+06	4.503140e+06	4.474180e+06	4.428720e+06	4.433120e+06	4.439980e+06	4.497960e+06	4.446160e+06	4.433660e+06	4.438120e+06	4.486900e+06	4.521280e+06	4.550840e+06	4.557760e+06	4.571220e+06	4.577380e+06	4.581380e+06	4.582200e+06	4.593360e+06	4.597720e+06	4.597960e+06	4.596460e+06	4.579840e+06	4.608200e+06	4.604040e+06	4.595340e+06	4.600440e+06	4.613720e+06	4.580360e+06	4.589480e+06	4.594420e+06	4.590180e+06	4.597860e+06	4.600080e+06	4.599780e+06	4.590940e+06	4.597700e+06	4.601640e+06	4.583760e+06	4.603540e+06	4.611200e+06	4.591740e+06	4.599880e+06	4.602520e+06	4.605600e+06	4.584860e+06	4.605100e+06	4.590020e+06	4.588540e+06	4.589340e+06	4.613520e+06	4.606680e+06	4.592680e+06	4.608240e+06	4.596900e+06	4.614040e+06	4.588400e+06	4.613600e+06	4.605700e+06	4.608920e+06	4.593120e+06	4.600280e+06	4.601980e+06	4.603080e+06	4.595520e+06	4.606920e+06	4.612960e+06
4.612280e+06	4.601700e+06	4.611800e+06	4.609540e+06	4.606340e+06	4.603000e+06	4.615040e+06	4.606580e+06	4.604840e+06	4.618000e+06	4.607900e+06	4.615020e+06	4.614020e+06	4.609380e+06	4.608820e+06	4.599780e+06	4.610100e+06	4.615660e+06	4.598220e+06	4.603380e+06	4.605860e+06	4.608500e+06	4.606980e+06	4.609720e+06	4.609300e+06	4.600860e+06	4.596100e+06	4.607340e+06	4.596680e+06	4.606220e+06	4.604840e+06	4.592980e+06	4.597520e+06	4.601100e+06	4.622120e+06	4.602960e+06	4.600940e+06	4.605820e+06	4.606600e+06	4.595680e+06	4.610880e+06	4.603120e+06	4.597160e+06	4.590220e+06	4.589040e+06	4.604020e+06	4.590340e+06	4.578680e+06	4.580200e+06	4.582420e+06	4.569380e+06	4.571940e+06	4.557940e+06	4.551540e+06	4.528240e+06	4.509160e+06	4.483640e+06	4.451820e+06	4.428720e+06	4.467140e+06	4.489960e+06	4.473420e+06	4.436120e+06	4.460020e+06	4.486120e+06	4.533580e+06	4.540620e+06	4.562480e+06	4.582940e+06	4.584140e+06	4.586160e+06	4.606060e+06	4.581640e+06	4.592760e+06	4.597700e+06	4.584820e+06	4.596100e+06	4.596540e+06	4.603980e+06	4.601880e+06	4.605400e+06	4.592660e+06	4.597400e+06	4.588680e+06	4.599920e+06	4.604860e+06	4.597800e+06	4.601920e+06	4.592480e+06	4.611800e+06	4.610700e+06	4.595520e+06	4.601840e+06	4.603300e+06	4.609240e+06	4.583400e+06	4.584580e+06	4.601300e+06	4.601500e+06	4.592380e+06	4.592000e+06	4.598960e+06	4.601260e+06	4.601120e+06	4.592280e+06	4.604600e+06	4.590620e+06	4.588620e+06	4.593680e+06	4.605720e+06	4.607300e+06	4.608440e+06	4.597320e+06	4.591040e+06	4.608520e+06	4.589540e+06	4.609480e+06	4.602980e+06	4.592100e+06	4.606780e+06	4.608760e+06
4.605460e+06	4.610520e+06	4.618420e+06	4.617400e+06	4.613360e+06	4.617180e+06	4.619340e+06	4.605880e+06	4.628040e+06	4.625360e+06	4.617020e+06	4.620160e+06	4.619660e+06	4.620400e+06	4.621220e+06	4.618700e+06	4.623880e+06	4.622860e+06	4.622860e+06	4.618640e+06	4.618120e+06	4.607080e+06	4.603840e+06	4.627500e+06	4.606260e+06	4.623980e+06	4.615160e+06	4.617960e+06	4.614500e+06	4.622520e+06	4.619980e+06	4.619820e+06	4.625680e+06	4.630320e+06	4.648420e+06	4.615080e+06	4.606680e+06	4.600660e+06	4.609400e+06	4.611080e+06	4.608420e+06	4.611460e+06	4.613000e+06	4.611120e+06	4.601540e+06	4.595420e+06	4.599360e+06	4.603380e+06	4.586600e+06	4.606420e+06	4.586120e+06	4.582980e+06	4.556520e+06	4.553120e+06	4.542660e+06	4.523840e+06	4.489640e+06	4.453200e+06	4.444580e+06	4.462560e+06	4.497880e+06	4.475160e+06	4.439340e+06	4.446760e+06	4.496700e+06	4.534500e+06	4.559180e+06	4.560740e+06	4.590420e+06	4.587620e+06	4.589120e+06	4.599860e+06	4.593500e+06	4.603880e+06	4.612600e+06	4.590200e+06	4.610120e+06	4.602380e+06	4.598000e+06	4.597680e+06	4.599700e+06	4.593040e+06	4.610580e+06	4.614040e+06	4.614920e+06	4.600180e+06	4.604160e+06	4.595640e+06	4.602040e+06	4.613620e+06	4.598820e+06	4.602360e+06	4.613340e+06	4.594020e+06	4.588100e+06	4.601280e+06	4.607540e+06	4.599100e+06	4.611820e+06	4.610520e+06	4.611300e+06	4.620640e+06	4.609580e+06	4.604840e+06	4.613360e+06	4.606580e+06	4.611740e+06	4.620900e+06	4.606900e+06	4.608000e+06	4.601340e+06	4.609260e+06	4.602560e+06	4.607220e+06	4.615980e+06	4.612180e+06	4.611060e+06	4.610820e+06	4.615240e+06	4.610140e+06	4.611860e+06
4.550380e+06	4.544380e+06	4.544820e+06	4.557740e+06	4.547240e+06	4.557400e+06	4.551060e+06	4.554920e+06	4.551400e+06	4.552040e+06	4.555440e+06	4.549040e+06	4.567740e+06	4.540780e+06	4.556040e+06	4.554840e+06	4.552700e+06	4.564160e+06	4.555480e+06	4.550620e+06	4.568340e+06	4.555520e+06	4.545640e+06	4.559260e+06	4.546680e+06	4.571000e+06	4.546500e+06	4.548820e+06	4.541540e+06	4.541120e+06	4.546600e+06	4.534160e+06	4.541480e+06	4.538080e+06	4.535500e+06	4.540920e+06	4.558600e+06	4.543000e+06	4.560380e+06	4.561640e+06	4.565460e+06	4.571680e+06	4.570080e+06	4.575400e+06	4.585140e+06	4.588980e+06	4.576880e+06	4.574440e+06	4.580520e+06	4.575520e+06	4.571060e+06	4.537140e+06	4.553840e+06	4.544920e+06	4.517360e+06	4.519220e+06	4.466580e+06	4.435840e+06	4.427800e+06	4.445040e+06	4.479940e+06	4.458980e+06	4.430240e+06	4.449720e+06	4.486460e+06	4.517220e+06	4.543220e+06	4.568440e+06	4.569280e+06	4.559820e+06	4.570140e+06	4.589460e+06	4.591600e+06	4.592160e+06	4.596880e+06	4.595920e+06	4.585600e+06	4.591280e+06	4.593400e+06	4.608880e+06	4.594140e+06	4.598320e+06	4.607700e+06	4.602160e+06	4.604860e+06	4.610580e+06	4.596620e+06	4.603820e+06	4.608700e+06	4.602440e+06	4.608820e+06	4.601620e+06	4.613740e+06	4.608960e+06	4.598700e+06	4.611280e+06	4.591700e+06	4.595220e+06	4.611080e+06	4.604020e+06	4.602240e+06	4.615820e+06	4.612160e+06	4.601360e+06	4.618940e+06	4.623720e+06	4.605420e+06	4.612020e+06	4.615440e+06	4.614720e+06	4.624920e+06	4.607020e+06	4.610640e+06	4.623060e+06	4.620660e+06	4.622600e+06	4.602220e+06	4.616320e+06	4.615800e+06	4.609480e+06	4.612120e+06
4.535960e+06	4.527680e+06	4.541900e+06	4.541120e+06	4.535540e+06	4.550140e+06	4.527400e+06	4.516020e+06	4.529480e+06	4.529660e+06	4.544040e+06	4.544060e+06	4.530520e+06	4.541960e+06	4.539500e+06	4.534000e+06	4.540500e+06	4.545820e+06	4.540580e+06	4.542060e+06	4.522660e+06	4.532300e+06	4.540320e+06	4.535060e+06	4.531100e+06	4.519520e+06	4.539060e+06	4.533120e+06	4.527320e+06	4.527760e+06	4.539560e+06	4.533600e+06	4.542440e+06	4.533320e+06	4.531920e+06	4.523160e+06	4.528120e+06	4.528060e+06	4.528420e+06	4.530420e+06	4.532380e+06	4.533600e+06	4.531540e+06	4.536700e+06	4.540340e+06	4.535540e+06	4.519380e+06	4.521440e+06	4.519580e+06	4.512880e+06	4.529940e+06	4.508540e+06	4.504760e+06	4.497460e+06	4.477040e+06	4.455980e+06	4.419400e+06	4.378360e+06	4.373700e+06	4.398520e+06	4.440820e+06	4.413840e+06	4.382280e+06	4.388840e+06	4.433380e+06	4.472300e+06	4.498920e+06	4.515400e+06	4.531060e+06	4.529680e+06	4.533300e+06	4.532260e+06	4.527980e+06	4.543400e+06	4.540240e+06	4.550120e+06	4.542200e+06	4.545680e+06	4.542320e+06	4.543840e+06	4.545940e+06	4.562140e+06	4.555700e+06	4.566700e+06	4.565980e+06	4.558140e+06	4.555240e+06	4.544300e+06	4.547800e+06	4.534240e+06	4.558960e+06	4.537080e+06	4.552780e+06	4.563640e+06	4.551140e+06	4.554340e+06	4.545640e+06	4.542520e+06	4.545080e+06	4.549140e+06	4.549520e+06	4.541820e+06	4.552400e+06	4.555340e+06	4.551120e+06	4.542380e+06	4.555340e+06	4.569380e+06	4.560160e+06	4.544880e+06	4.558840e+06	4.557700e+06	4.555600e+06	4.554360e+06	4.547640e+06	4.555120e+06	4.564420e+06	4.559080e+06	4.563360e+06	4.553140e+06	4.553620e+06
4.517800e+06	4.528720e+06	4.520380e+06	4.549120e+06	4.545820e+06	4.527040e+06	4.540920e+06	4.522620e+06	4.545760e+06	4.537320e+06	4.527980e+06	4.552940e+06	4.532960e+06	4.534240e+06	4.538300e+06	4.521620e+06	4.546400e+06	4.530160e+06	4.528060e+06	4.520400e+06	4.533060e+06	4.541560e+06	4.538060e+06	4.535540e+06	4.523240e+06	4.538100e+06	4.522980e+06	4.525940e+06	4.526980e+06	4.524140e+06	4.513380e+06	4.525380e+06	4.532440e+06	4.521240e+06	4.522840e+06	4.524360e+06	4.527820e+06	4.523020e+06	4.522220e+06	4.533760e+06	4.519860e+06	4.535000e+06	4.527180e+06	4.526760e+06	4.521780e+06	4.528740e+06	4.511800e+06	4.514360e+06	4.515340e+06	4.499100e+06	4.511300e+06	4.499740e+06	4.485180e+06	4.470160e+06	4.452100e+06	4.442500e+06	4.406900e+06	4.365380e+06	4.351000e+06	4.369380e+06	4.421140e+06	4.406800e+06	4.361860e+06	4.382220e+06	4.419480e+06	4.456820e+06	4.471340e+06	4.489480e+06	4.511360e+06	4.519500e+06	4.519580e+06	4.529100e+06	4.502520e+06	4.515860e+06	4.533320e+06	4.522140e+06	4.529520e+06	4.520940e+06	4.520440e+06	4.524440e+06	4.512140e+06	4.536340e+06	4.521620e+06	4.534240e+06	4.531280e+06	4.537420e+06	4.532340e+06	4.518900e+06	4.526960e+06	4.525060e+06	4.534660e+06	4.512700e+06	4.534400e+06	4.518940e+06	4.518060e+06	4.537000e+06	4.517860e+06	4.533220e+06	4.522420e+06	4.531380e+06	4.538360e+06	4.524820e+06	4.527820e+06	4.536220e+06	4.532100e+06	4.532660e+06	4.532480e+06	4.533980e+06	4.539240e+06	4.534460e+06	4.529560e+06	4.515320e+06	4.539580e+06	4.525140e+06	4.527620e+06	4.541500e+06	4.535500e+06	4.541080e+06	4.546940e+06	4.532180e+06	4.538880e+06
4.534440e+06	4.521880e+06	4.526860e+06	4.530580e+06	4.514700e+06	4.514480e+06	4.525220e+06	4.531020e+06	4.528500e+06	4.527340e+06	4.537100e+06	4.522400e+06	4.527680e+06	4.521860e+06	4.521860e+06	4.534440e+06	4.521460e+06	4.518860e+06	4.521740e+06	4.522580e+06	4.525100e+06	4.530160e+06	4.528400e+06	4.506660e+06	4.523160e+06	4.522840e+06	4.517840e+06	4.513060e+06	4.532520e+06	4.519460e+06	4.511700e+06	4.515200e+06	4.521440e+06	4.508960e+06	4.505040e+06	4.530060e+06	4.525580e+06	4.515420e+06	4.518420e+06	4.523560e+06	4.520680e+06	4.516900e+06	4.517860e+06	4.519320e+06	4.520080e+06	4.511960e+06	4.506680e+06	4.496640e+06	4.516460e+06	4.500880e+06	4.494580e+06	4.492900e+06	4.485120e+06	4.480080e+06	4.451860e+06	4.432100e+06	4.395740e+06	4.361060e+06	4.351500e+06	4.368920e+06	4.408380e+06	4.395420e+06	4.358900e+06	4.381180e+06	4.414020e+06	4.447480e+06	4.474440e+06	4.496660e+06	4.486440e+06	4.508340e+06	4.503820e+06	4.517100e+06	4.495140e+06	4.507420e+06	4.514620e+06	4.509420e+06	4.508760e+06	4.530200e+06	4.532780e+06	4.532840e+06	4.521240e+06	4.522920e+06	4.519860e+06	4.515360e+06	4.540620e+06	4.540960e+06	4.526280e+06	4.535060e+06	4.524800e+06	4.529660e+06	4.533840e+06	4.518820e+06	4.525700e+06	4.524620e+06	4.509000e+06	4.508900e+06	4.544700e+06	4.532540e+06	4.526480e+06	4.540840e+06	4.526360e+06	4.535220e+06	4.531980e+06	4.524740e+06	4.530800e+06	4.531020e+06	4.542260e+06	4.538560e+06	4.531360e+06	4.545100e+06	4.533380e+06	4.527160e+06	4.534800e+06	4.517300e+06	4.530680e+06	4.527740e+06	4.527760e+06	4.544620e+06	4.539040e+06	4.536940e+06	4.534060e+06
4.527280e+06	4.531400e+06	4.523540e+06	4.531920e+06	4.518520e+06	4.519920e+06	4.536540e+06	4.537620e+06	4.515100e+06	4.537580e+06	4.524320e+06	4.531640e+06	4.521380e+06	4.529480e+06	4.535220e+06	4.532680e+06	4.534060e+06	4.531980e+06	4.525100e+06	4.527180e+06	4.535520e+06	4.510620e+06	4.517500e+06	4.531060e+06	4.533800e+06	4.521220e+06	4.509800e+06	4.527600e+06	4.511820e+06	4.516360e+06	4.514860e+06	4.517940e+06	4.508020e+06	4.500000e+06	4.521040e+06	4.530180e+06	4.528500e+06	4.526320e+06	4.518360e+06	4.529220e+06	4.527720e+06	4.518340e+06	4.528420e+06	4.517960e+06	4.527020e+06	4.511400e+06	4.522420e+06	4.510160e+06	4.508120e+06	4.511000e+06	4.494800e+06	4.481320e+06	4.493080e+06	4.480020e+06	4.459860e+06	4.427920e+06	4.395940e+06	4.372300e+06	4.348560e+06	4.369040e+06	4.414960e+06	4.395920e+06	4.374760e+06	4.373480e+06	4.423820e+06	4.458180e+06	4.477040e+06	4.496920e+06	4.490020e+06	4.502260e+06	4.522560e+06	4.515780e+06	4.499720e+06	4.514360e+06	4.507740e+06	4.517520e+06	4.515160e+06	4.521600e+06	4.526560e+06	4.525200e+06	4.530120e+06	4.525920e+06	4.522820e+06	4.526480e+06	4.535360e+06	4.542960e+06	4.524540e+06	4.529920e+06	4.534260e+06	4.525340e+06	4.526660e+06	4.515780e+06	4.523080e+06	4.511200e+06	4.529380e+06	4.513940e+06	4.533040e+06	4.516520e+06	4.520120e+06	4.522480e+06	4.507080e+06	4.520460e+06	4.526540e+06	4.519780e+06	4.519720e+06	4.518700e+06	4.526420e+06	4.530400e+06	4.512660e+06	4.533760e+06	4.509040e+06	4.533680e+06	4.519640e+06	4.527700e+06	4.533320e+06	4.536800e+06	4.534740e+06	4.528820e+06	4.534080e+06	4.526340e+06	4.528900e+06
4.616700e+06	4.611360e+06	4.615980e+06	4.609520e+06	4.605980e+06	4.614200e+06	4.598180e+06	4.616660e+06	4.593280e+06	4.609400e+06	4.607420e+06	4.608880e+06	4.590460e+06	4.598060e+06	4.589560e+06	4.585380e+06	4.586460e+06	4.585040e+06	4.606580e+06	4.581540e+06	4.585440e+06	4.578140e+06	4.583100e+06	4.571040e+06	4.567800e+06	4.579240e+06	4.571600e+06	4.564720e+06	4.564880e+06	4.569980e+06	4.557760e+06	4.554760e+06	4.554400e+06	4.567640e+06	4.564840e+06	4.560760e+06	4.562440e+06	4.568800e+06	4.570080e+06	4.560200e+06	4.557880e+06	4.560340e+06	4.555120e+06	4.549300e+06	4.553080e+06	4.563280e+06	4.554620e+06	4.548120e+06	4.536080e+06	4.530200e+06	4.531240e+06	4.519600e+06	4.509200e+06	4.505620e+06	4.494020e+06	4.462660e+06	4.419140e+06	4.403760e+06	4.370900e+06	4.395200e+06	4.442720e+06	4.429760e+06	4.393580e+06	4.396580e+06	4.430580e+06	4.462200e+06	4.493420e+06	4.505220e+06	4.514740e+06	4.521520e+06	4.520860e+06	4.531960e+06	4.537500e+06	4.520920e+06	4.528200e+06	4.532840e+06	4.517760e+06	4.526400e+06	4.525960e+06	4.524040e+06	4.528600e+06	4.527080e+06	4.538420e+06	4.522940e+06	4.518060e+06	4.537360e+06	4.520140e+06	4.532660e+06	4.540340e+06	4.535560e+06	4.530460e+06	4.530880e+06	4.518660e+06	4.524000e+06	4.541520e+06	4.520800e+06	4.530620e+06	4.532820e+06	4.526520e+06	4.529860e+06	4.531520e+06	4.522660e+06	4.527020e+06	4.536860e+06	4.513320e+06	4.539200e+06	4.525840e+06	4.517980e+06	4.537000e+06	4.537120e+06	4.519360e+06	4.535760e+06	4.528800e+06	4.548080e+06	4.518920e+06	4.518780e+06	4.534780e+06	4.521320e+06	4.544480e+06	4.514680e+06	4.533560e+06
4.686080e+06	4.670640e+06	4.676600e+06	4.666660e+06	4.673460e+06	4.689880e+06	4.672340e+06	4.671760e+06	4.660560e+06	4.670060e+06	4.681780e+06	4.667280e+06	4.664180e+06	4.673000e+06	4.682580e+06	4.674280e+06	4.660040e+06	4.671140e+06	4.669080e+06	4.684360e+06	4.699560e+06	4.676780e+06	4.670740e+06	4.669980e+06	4.663800e+06	4.653060e+06	4.679080e+06	4.664900e+06	4.658440e+06	4.663820e+06	4.654800e+06	4.657620e+06	4.656120e+06	4.648760e+06	4.654320e+06	4.663440e+06	4.649540e+06	4.672800e+06	4.665540e+06	4.666340e+06	4.667880e+06	4.664800e+06	4.661360e+06	4.670240e+06	4.649400e+06	4.664360e+06	4.654120e+06	4.639700e+06	4.648380e+06	4.641180e+06	4.642980e+06	4.647120e+06	4.619240e+06	4.605100e+06	4.590860e+06	4.571440e+06	4.546560e+06	4.504680e+06	4.500060e+06	4.514140e+06	4.548080e+06	4.527500e+06	4.516080e+06	4.520400e+06	4.547680e+06	4.602260e+06	4.626040e+06	4.628340e+06	4.629460e+06	4.644100e+06	4.647500e+06	4.646320e+06	4.645820e+06	4.656540e+06	4.641820e+06	4.660980e+06	4.672220e+06	4.656420e+06	4.652520e+06	4.653680e+06	4.676540e+06	4.674880e+06	4.658280e+06	4.643900e+06	4.663760e+06	4.647800e+06	4.665900e+06	4.665240e+06	4.671220e+06	4.669980e+06	4.661460e+06	4.679680e+06	4.666520e+06	4.668200e+06	4.662740e+06	4.661100e+06	4.658900e+06	4.666580e+06	4.670920e+06	4.667060e+06	4.661900e+06	4.663840e+06	4.671200e+06	4.670520e+06	4.673560e+06	4.658680e+06	4.665400e+06	4.670420e+06	4.671480e+06	4.662380e+06	4.666020e+06	4.650180e+06	4.674080e+06	4.658100e+06	4.647600e+06	4.668860e+06	4.631840e+06	4.639160e+06	4.639380e+06	4.639460e+06	4.623260e+06
4.684620e+06	4.692260e+06	4.676060e+06	4.694500e+06	4.676960e+06	4.690760e+06	4.694520e+06	4.699360e+06	4.684100e+06	4.702940e+06	4.695660e+06	4.707040e+06	4.688520e+06	4.690000e+06	4.696380e+06	4.688760e+06	4.684820e+06	4.690400e+06	4.695360e+06	4.691500e+06	4.681800e+06	4.684580e+06	4.687220e+06	4.694000e+06	4.694240e+06	4.698600e+06	4.682940e+06	4.663620e+06	4.663020e+06	4.691500e+06	4.683000e+06	4.665480e+06	4.681240e+06	4.689600e+06	4.669040e+06	4.690340e+06	4.689440e+06	4.695260e+06	4.685000e+06	4.692980e+06	4.681760e+06	4.676200e+06	4.676140e+06	4.681780e+06	4.674040e+06	4.670980e+06	4.667920e+06	4.682160e+06	4.658640e+06	4.663320e+06	4.654120e+06	4.649740e+06	4.639180e+06	4.641340e+06	4.609500e+06	4.592220e+06	4.552360e+06	4.522860e+06	4.513140e+06	4.515860e+06	4.560300e+06	4.567740e+06	4.518340e+06	4.513700e+06	4.563600e+06	4.602940e+06	4.638060e+06	4.640620e+06	4.677840e+06	4.656960e+06	4.658320e+06	4.657660e+06	4.683660e+06	4.674860e+06	4.682000e+06	4.663420e+06	4.664160e+06	4.658940e+06	4.651080e+06	4.672980e+06	4.674960e+06	4.657820e+06	4.671680e+06	4.667200e+06	4.673960e+06	4.665600e+06	4.687020e+06	4.675380e+06	4.664240e+06	4.668580e+06	4.675420e+06	4.666020e+06	4.672440e+06	4.670240e+06	4.660040e+06	4.672800e+06	4.673500e+06	4.678360e+06	4.674140e+06	4.684400e+06	4.677160e+06	4.659800e+06	4.682320e+06	4.674080e+06	4.680640e+06	4.681100e+06	4.668800e+06	4.659420e+06	4.668340e+06	4.671120e+06	4.673920e+06	4.676120e+06	4.682360e+06	4.684200e+06	4.658040e+06	4.679720e+06	4.669440e+06	4.682620e+06	4.683740e+06	4.671940e+06	4.665360e+06
4.723400e+06	4.722080e+06	4.731640e+06	4.728360e+06	4.723000e+06	4.704720e+06	4.713900e+06	4.723360e+06	4.720860e+06	4.724940e+06	4.731140e+06	4.713380e+06	4.715500e+06	4.749120e+06	4.728620e+06	4.722040e+06	4.726620e+06	4.716360e+06	4.715560e+06	4.721800e+06	4.725940e+06	4.734320e+06	4.710700e+06	4.722080e+06	4.707380e+06	4.708760e+06	4.711800e+06	4.707600e+06	4.714820e+06	4.704200e+06	4.712380e+06	4.710520e+06	4.722800e+06	4.708780e+06	4.695520e+06	4.705380e+06	4.705940e+06	4.707260e+06	4.725560e+06	4.708260e+06	4.703480e+06	4.706280e+06	4.710920e+06	4.719300e+06	4.709820e+06	4.681320e+06	4.705820e+06	4.690600e+06	4.702700e+06	4.690280e+06	4.678320e+06	4.676300e+06	4.672800e+06	4.658980e+06	4.636400e+06	4.621080e+06	4.592340e+06	4.544760e+06	4.541140e+06	4.546460e+06	4.589680e+06	4.583240e+06	4.555980e+06	4.557880e+06	4.581000e+06	4.637380e+06	4.649340e+06	4.665260e+06	4.680080e+06	4.680560e+06	4.680260e+06	4.690800e+06	4.689200e+06	4.710940e+06	4.695100e+06	4.696440e+06	4.689200e+06	4.684640e+06	4.692840e+06	4.696220e+06	4.683800e+06	4.689040e+06	4.699460e+06	4.700420e+06	4.700440e+06	4.700220e+06	4.700240e+06	4.703680e+06	4.713980e+06	4.700840e+06	4.693680e+06	4.704320e+06	4.704500e+06	4.702020e+06	4.682080e+06	4.693200e+06	4.697480e+06	4.700780e+06	4.701540e+06	4.696460e+06	4.704440e+06	4.684800e+06	4.705400e+06	4.696060e+06	4.691800e+06	4.696420e+06	4.694640e+06	4.707260e+06	4.692640e+06	4.700580e+06	4.698520e+06	4.698920e+06	4.690260e+06	4.681080e+06	4.711720e+06	4.695580e+06	4.695040e+06	4.686960e+06	4.709540e+06	4.698280e+06	4.695000e+06
