#Saved Data from the class odmr_logic on 02.08.2022 at 13h32m19s.
#
#Parameters:
#===========
#
#Microwave CW Power (dBm): -3.0000000000000000e+01
#Microwave Sweep Power (dBm): -3.0000000000000000e+00
#Run Time (s): 6.0000000000000000e+02
#Number of frequency sweeps (#): 28
#Start Frequency (Hz): 2.4500000000000000e+09
#Stop Frequency (Hz): 3.2900000000000000e+09
#Step size (Hz): 2.0000000000000000e+06
#Clock Frequencies (Hz): 20
#Channel: 1: /Dev1/AI0
#frequency range: 0
#
#Data:
#=====
#frequency (Hz)	count data (counts/s)	
2.450000e+09	2.489153e-01
2.452000e+09	2.576929e-01
2.454000e+09	2.618200e-01
2.456000e+09	2.669697e-01
2.458000e+09	2.695385e-01
2.460000e+09	2.733855e-01
2.462000e+09	2.750047e-01
2.464000e+09	2.784257e-01
2.466000e+09	2.793874e-01
2.468000e+09	2.822971e-01
2.470000e+09	2.832710e-01
2.472000e+09	2.858276e-01
2.474000e+09	2.863633e-01
2.476000e+09	2.887372e-01
2.478000e+09	2.891390e-01
2.480000e+09	2.913182e-01
2.482000e+09	2.913790e-01
2.484000e+09	2.934000e-01
2.486000e+09	2.934852e-01
2.488000e+09	2.954452e-01
2.490000e+09	2.954818e-01
2.492000e+09	2.971131e-01
2.494000e+09	2.971131e-01
2.496000e+09	2.987688e-01
2.498000e+09	2.985862e-01
2.500000e+09	3.001932e-01
2.502000e+09	2.998645e-01
2.504000e+09	3.014593e-01
2.506000e+09	3.011793e-01
2.508000e+09	3.026524e-01
2.510000e+09	3.023358e-01
2.512000e+09	3.037724e-01
2.514000e+09	3.034194e-01
2.516000e+09	3.048924e-01
2.518000e+09	3.043811e-01
2.520000e+09	3.057690e-01
2.522000e+09	3.052577e-01
2.524000e+09	3.065968e-01
2.526000e+09	3.061586e-01
2.528000e+09	3.074855e-01
2.530000e+09	3.068768e-01
2.532000e+09	3.081673e-01
2.534000e+09	3.076560e-01
2.536000e+09	3.088491e-01
2.538000e+09	3.082647e-01
2.540000e+09	3.094943e-01
2.542000e+09	3.089221e-01
2.544000e+09	3.100787e-01
2.546000e+09	3.095065e-01
2.548000e+09	3.107239e-01
2.550000e+09	3.101761e-01
2.552000e+09	3.112109e-01
2.554000e+09	3.106022e-01
2.556000e+09	3.117465e-01
2.558000e+09	3.111500e-01
2.560000e+09	3.122578e-01
2.562000e+09	3.114422e-01
2.564000e+09	3.127692e-01
2.566000e+09	3.120144e-01
2.568000e+09	3.131100e-01
2.570000e+09	3.124526e-01
2.572000e+09	3.134996e-01
2.574000e+09	3.128179e-01
2.576000e+09	3.139135e-01
2.578000e+09	3.131709e-01
2.580000e+09	3.142301e-01
2.582000e+09	3.136457e-01
2.584000e+09	3.146805e-01
2.586000e+09	3.139014e-01
2.588000e+09	3.149484e-01
2.590000e+09	3.143153e-01
2.592000e+09	3.152162e-01
2.594000e+09	3.145344e-01
2.596000e+09	3.154353e-01
2.598000e+09	3.147657e-01
2.600000e+09	3.158371e-01
2.602000e+09	3.151797e-01
2.604000e+09	3.160927e-01
2.606000e+09	3.154231e-01
2.608000e+09	3.164458e-01
2.610000e+09	3.156910e-01
2.612000e+09	3.166040e-01
2.614000e+09	3.159223e-01
2.616000e+09	3.169084e-01
2.618000e+09	3.162510e-01
2.620000e+09	3.172371e-01
2.622000e+09	3.164580e-01
2.624000e+09	3.173467e-01
2.626000e+09	3.166284e-01
2.628000e+09	3.174319e-01
2.630000e+09	3.168841e-01
2.632000e+09	3.178336e-01
2.634000e+09	3.171641e-01
2.636000e+09	3.179310e-01
2.638000e+09	3.172128e-01
2.640000e+09	3.181989e-01
2.642000e+09	3.174441e-01
2.644000e+09	3.183084e-01
2.646000e+09	3.176267e-01
2.648000e+09	3.185276e-01
2.650000e+09	3.178580e-01
2.652000e+09	3.186128e-01
2.654000e+09	3.179676e-01
2.656000e+09	3.189172e-01
2.658000e+09	3.181989e-01
2.660000e+09	3.189293e-01
2.662000e+09	3.183206e-01
2.664000e+09	3.192337e-01
2.666000e+09	3.185154e-01
2.668000e+09	3.192215e-01
2.670000e+09	3.186858e-01
2.672000e+09	3.194285e-01
2.674000e+09	3.187102e-01
2.676000e+09	3.195259e-01
2.678000e+09	3.187711e-01
2.680000e+09	3.197937e-01
2.682000e+09	3.189659e-01
2.684000e+09	3.198424e-01
2.686000e+09	3.192337e-01
2.688000e+09	3.200128e-01
2.690000e+09	3.192946e-01
2.692000e+09	3.202076e-01
2.694000e+09	3.194528e-01
2.696000e+09	3.202076e-01
2.698000e+09	3.195259e-01
2.700000e+09	3.203537e-01
2.702000e+09	3.195989e-01
2.704000e+09	3.204755e-01
2.706000e+09	3.197085e-01
2.708000e+09	3.206215e-01
2.710000e+09	3.199641e-01
2.712000e+09	3.207068e-01
2.714000e+09	3.199398e-01
2.716000e+09	3.208407e-01
2.718000e+09	3.200372e-01
2.720000e+09	3.208529e-01
2.722000e+09	3.202320e-01
2.724000e+09	3.209868e-01
2.726000e+09	3.203050e-01
2.728000e+09	3.210720e-01
2.730000e+09	3.203415e-01
2.732000e+09	3.211572e-01
2.734000e+09	3.204146e-01
2.736000e+09	3.212668e-01
2.738000e+09	3.205485e-01
2.740000e+09	3.212790e-01
2.742000e+09	3.206215e-01
2.744000e+09	3.213763e-01
2.746000e+09	3.207433e-01
2.748000e+09	3.214859e-01
2.750000e+09	3.208285e-01
2.752000e+09	3.216320e-01
2.754000e+09	3.209016e-01
2.756000e+09	3.215711e-01
2.758000e+09	3.209746e-01
2.760000e+09	3.217294e-01
2.762000e+09	3.211207e-01
2.764000e+09	3.218998e-01
2.766000e+09	3.211085e-01
2.768000e+09	3.218511e-01
2.770000e+09	3.211937e-01
2.772000e+09	3.219242e-01
2.774000e+09	3.212790e-01
2.776000e+09	3.220825e-01
2.778000e+09	3.213885e-01
2.780000e+09	3.221798e-01
2.782000e+09	3.215346e-01
2.784000e+09	3.221312e-01
2.786000e+09	3.214129e-01
2.788000e+09	3.221798e-01
2.790000e+09	3.216077e-01
2.792000e+09	3.222407e-01
2.794000e+09	3.215833e-01
2.796000e+09	3.223381e-01
2.798000e+09	3.217903e-01
2.800000e+09	3.223503e-01
2.802000e+09	3.216929e-01
2.804000e+09	3.225207e-01
2.806000e+09	3.218755e-01
2.808000e+09	3.224720e-01
2.810000e+09	3.218877e-01
2.812000e+09	3.224842e-01
2.814000e+09	3.219242e-01
2.816000e+09	3.226546e-01
2.818000e+09	3.219607e-01
2.820000e+09	3.226425e-01
2.822000e+09	3.220946e-01
2.824000e+09	3.228129e-01
2.826000e+09	3.221555e-01
2.828000e+09	3.228494e-01
2.830000e+09	3.220825e-01
2.832000e+09	3.227399e-01
2.834000e+09	3.222407e-01
2.836000e+09	3.228860e-01
2.838000e+09	3.221798e-01
2.840000e+09	3.228494e-01
2.842000e+09	3.223625e-01
2.844000e+09	3.229712e-01
2.846000e+09	3.223868e-01
2.848000e+09	3.230807e-01
2.850000e+09	3.224233e-01
2.852000e+09	3.230199e-01
2.854000e+09	3.223625e-01
2.856000e+09	3.231173e-01
2.858000e+09	3.224964e-01
2.860000e+09	3.231538e-01
2.862000e+09	3.226181e-01
2.864000e+09	3.231781e-01
2.866000e+09	3.225207e-01
2.868000e+09	3.231903e-01
2.870000e+09	3.226425e-01
2.872000e+09	3.233607e-01
2.874000e+09	3.226181e-01
2.876000e+09	3.232755e-01
2.878000e+09	3.226790e-01
2.880000e+09	3.234338e-01
2.882000e+09	3.226668e-01
2.884000e+09	3.233364e-01
2.886000e+09	3.228494e-01
2.888000e+09	3.233729e-01
2.890000e+09	3.228251e-01
2.892000e+09	3.233973e-01
2.894000e+09	3.228251e-01
2.896000e+09	3.235312e-01
2.898000e+09	3.228981e-01
2.900000e+09	3.235190e-01
2.902000e+09	3.228373e-01
2.904000e+09	3.235799e-01
2.906000e+09	3.230929e-01
2.908000e+09	3.235799e-01
2.910000e+09	3.230929e-01
2.912000e+09	3.236408e-01
2.914000e+09	3.230077e-01
2.916000e+09	3.236651e-01
2.918000e+09	3.231660e-01
2.920000e+09	3.236895e-01
2.922000e+09	3.231660e-01
2.924000e+09	3.237016e-01
2.926000e+09	3.231903e-01
2.928000e+09	3.238112e-01
2.930000e+09	3.231660e-01
2.932000e+09	3.238112e-01
2.934000e+09	3.232147e-01
2.936000e+09	3.238355e-01
2.938000e+09	3.232390e-01
2.940000e+09	3.237868e-01
2.942000e+09	3.233973e-01
2.944000e+09	3.237868e-01
2.946000e+09	3.232999e-01
2.948000e+09	3.240182e-01
2.950000e+09	3.234460e-01
2.952000e+09	3.240060e-01
2.954000e+09	3.234825e-01
2.956000e+09	3.239816e-01
2.958000e+09	3.234825e-01
2.960000e+09	3.239938e-01
2.962000e+09	3.233729e-01
2.964000e+09	3.239938e-01
2.966000e+09	3.233973e-01
2.968000e+09	3.239938e-01
2.970000e+09	3.236286e-01
2.972000e+09	3.240060e-01
2.974000e+09	3.235312e-01
2.976000e+09	3.241156e-01
2.978000e+09	3.234703e-01
2.980000e+09	3.240912e-01
2.982000e+09	3.235921e-01
2.984000e+09	3.241764e-01
2.986000e+09	3.235312e-01
2.988000e+09	3.241399e-01
2.990000e+09	3.236408e-01
2.992000e+09	3.241399e-01
2.994000e+09	3.237016e-01
2.996000e+09	3.241277e-01
2.998000e+09	3.236895e-01
3.000000e+09	3.242982e-01
3.002000e+09	3.236529e-01
3.004000e+09	3.241642e-01
3.006000e+09	3.237138e-01
3.008000e+09	3.242982e-01
3.010000e+09	3.237625e-01
3.012000e+09	3.243103e-01
3.014000e+09	3.238477e-01
3.016000e+09	3.243469e-01
3.018000e+09	3.238355e-01
3.020000e+09	3.242616e-01
3.022000e+09	3.237747e-01
3.024000e+09	3.244321e-01
3.026000e+09	3.238112e-01
3.028000e+09	3.244564e-01
3.030000e+09	3.237625e-01
3.032000e+09	3.243712e-01
3.034000e+09	3.238234e-01
3.036000e+09	3.244077e-01
3.038000e+09	3.238112e-01
3.040000e+09	3.243590e-01
3.042000e+09	3.238721e-01
3.044000e+09	3.244077e-01
3.046000e+09	3.239208e-01
3.048000e+09	3.244686e-01
3.050000e+09	3.239208e-01
3.052000e+09	3.244686e-01
3.054000e+09	3.239329e-01
3.056000e+09	3.246025e-01
3.058000e+09	3.239208e-01
3.060000e+09	3.245295e-01
3.062000e+09	3.239816e-01
3.064000e+09	3.245295e-01
3.066000e+09	3.240912e-01
3.068000e+09	3.245538e-01
3.070000e+09	3.240912e-01
3.072000e+09	3.245173e-01
3.074000e+09	3.240182e-01
3.076000e+09	3.245660e-01
3.078000e+09	3.241034e-01
3.080000e+09	3.245782e-01
3.082000e+09	3.240669e-01
3.084000e+09	3.246512e-01
3.086000e+09	3.242495e-01
3.088000e+09	3.246512e-01
3.090000e+09	3.240912e-01
3.092000e+09	3.246756e-01
3.094000e+09	3.241034e-01
3.096000e+09	3.246877e-01
3.098000e+09	3.241886e-01
3.100000e+09	3.246512e-01
3.102000e+09	3.242251e-01
3.104000e+09	3.247243e-01
3.106000e+09	3.242616e-01
3.108000e+09	3.246877e-01
3.110000e+09	3.241764e-01
3.112000e+09	3.248217e-01
3.114000e+09	3.242495e-01
3.116000e+09	3.247364e-01
3.118000e+09	3.242738e-01
3.120000e+09	3.247364e-01
3.122000e+09	3.242495e-01
3.124000e+09	3.249312e-01
3.126000e+09	3.242251e-01
3.128000e+09	3.247608e-01
3.130000e+09	3.241399e-01
3.132000e+09	3.248582e-01
3.134000e+09	3.241886e-01
3.136000e+09	3.249677e-01
3.138000e+09	3.242982e-01
3.140000e+09	3.248095e-01
3.142000e+09	3.243103e-01
3.144000e+09	3.249434e-01
3.146000e+09	3.243590e-01
3.148000e+09	3.249799e-01
3.150000e+09	3.243225e-01
3.152000e+09	3.249677e-01
3.154000e+09	3.242738e-01
3.156000e+09	3.248947e-01
3.158000e+09	3.243712e-01
3.160000e+09	3.248825e-01
3.162000e+09	3.243590e-01
3.164000e+09	3.249069e-01
3.166000e+09	3.243590e-01
3.168000e+09	3.249069e-01
3.170000e+09	3.244443e-01
3.172000e+09	3.249921e-01
3.174000e+09	3.244808e-01
3.176000e+09	3.250043e-01
3.178000e+09	3.243956e-01
3.180000e+09	3.250773e-01
3.182000e+09	3.244321e-01
3.184000e+09	3.250164e-01
3.186000e+09	3.243956e-01
3.188000e+09	3.250530e-01
3.190000e+09	3.244930e-01
3.192000e+09	3.249799e-01
3.194000e+09	3.245295e-01
3.196000e+09	3.250408e-01
3.198000e+09	3.245295e-01
3.200000e+09	3.251138e-01
3.202000e+09	3.245538e-01
3.204000e+09	3.250895e-01
3.206000e+09	3.245173e-01
3.208000e+09	3.251747e-01
3.210000e+09	3.245051e-01
3.212000e+09	3.250773e-01
3.214000e+09	3.245295e-01
3.216000e+09	3.252478e-01
3.218000e+09	3.244443e-01
3.220000e+09	3.251260e-01
3.222000e+09	3.244808e-01
3.224000e+09	3.251869e-01
3.226000e+09	3.245903e-01
3.228000e+09	3.251260e-01
3.230000e+09	3.244808e-01
3.232000e+09	3.250773e-01
3.234000e+09	3.245538e-01
3.236000e+09	3.251260e-01
3.238000e+09	3.245295e-01
3.240000e+09	3.252721e-01
3.242000e+09	3.245295e-01
3.244000e+09	3.253330e-01
3.246000e+09	3.246025e-01
3.248000e+09	3.252843e-01
3.250000e+09	3.245295e-01
3.252000e+09	3.251869e-01
3.254000e+09	3.247121e-01
3.256000e+09	3.252478e-01
3.258000e+09	3.245417e-01
3.260000e+09	3.252356e-01
3.262000e+09	3.246269e-01
3.264000e+09	3.252965e-01
3.266000e+09	3.245660e-01
3.268000e+09	3.252721e-01
3.270000e+09	3.246147e-01
3.272000e+09	3.253817e-01
3.274000e+09	3.246025e-01
3.276000e+09	3.253695e-01
3.278000e+09	3.246756e-01
3.280000e+09	3.253330e-01
3.282000e+09	3.246025e-01
3.284000e+09	3.253817e-01
3.286000e+09	3.245782e-01
3.288000e+09	3.253817e-01
3.290000e+09	3.246877e-01
