#Saved Data from the class odmr_logic on 15.07.2022 at 12h42m12s.
#
#Parameters:
#===========
#
#Microwave CW Power (dBm): -1.0000000000000000e+01
#Microwave Sweep Power (dBm): 0.0000000000000000e+00
#Run Time (s): 3.0000000000000000e+02
#Number of frequency sweeps (#): 74
#Start Frequencies (Hz): [2800000000.0]
#Stop Frequencies (Hz): [2950000000.0]
#Step sizes (Hz): [2000000.0]
#Clock Frequencies (Hz): 20
#Channel: 0: /Dev1/Ctr3
#
#Data:
#=====
#count data (counts/s)
3.434440e+06	3.436720e+06	3.450580e+06	3.429620e+06	3.426920e+06	3.441140e+06	3.434800e+06	3.432600e+06	3.425300e+06	3.434260e+06	3.436140e+06	3.437840e+06	3.442660e+06	3.431460e+06	3.441700e+06	3.436260e+06	3.421540e+06	3.429800e+06	3.433540e+06	3.434120e+06	3.433960e+06	3.430820e+06	3.437240e+06	3.435800e+06	3.433680e+06	3.426500e+06	3.429600e+06	3.437980e+06	3.438800e+06	3.421680e+06	3.439600e+06	3.441740e+06	3.432120e+06	3.421840e+06	3.429180e+06	3.425840e+06	3.409900e+06	3.452840e+06	3.429100e+06	3.417940e+06	3.426860e+06	3.435140e+06	3.432260e+06	3.424960e+06	3.439260e+06	3.445200e+06	3.433780e+06	3.431900e+06	3.437740e+06	3.431940e+06	3.437400e+06	3.439940e+06	3.429260e+06	3.434620e+06	3.418100e+06	3.442920e+06	3.437460e+06	3.432800e+06	3.417320e+06	3.450820e+06	3.436340e+06	3.434420e+06	3.438000e+06	3.438780e+06	3.430680e+06	3.424560e+06	3.442160e+06	3.427320e+06	3.420140e+06	3.440300e+06	3.435680e+06	3.423780e+06	3.449720e+06	3.439060e+06	3.432200e+06	3.433000e+06
3.442400e+06	3.437700e+06	3.449820e+06	3.434780e+06	3.417260e+06	3.418500e+06	3.433480e+06	3.415100e+06	3.413340e+06	3.435160e+06	3.432820e+06	3.454440e+06	3.429820e+06	3.436520e+06	3.432520e+06	3.430260e+06	3.440960e+06	3.442480e+06	3.423680e+06	3.430040e+06	3.419780e+06	3.433060e+06	3.434860e+06	3.434080e+06	3.436740e+06	3.426120e+06	3.441100e+06	3.437980e+06	3.422580e+06	3.439560e+06	3.439340e+06	3.440240e+06	3.437300e+06	3.431460e+06	3.415660e+06	3.423880e+06	3.439800e+06	3.443800e+06	3.442280e+06	3.435220e+06	3.443000e+06	3.428900e+06	3.424180e+06	3.429460e+06	3.431100e+06	3.427660e+06	3.436400e+06	3.446340e+06	3.436000e+06	3.422660e+06	3.438760e+06	3.440820e+06	3.445060e+06	3.437180e+06	3.433040e+06	3.440560e+06	3.452540e+06	3.438580e+06	3.459160e+06	3.435080e+06	3.437860e+06	3.457840e+06	3.441480e+06	3.455140e+06	3.452420e+06	3.430440e+06	3.418600e+06	3.423340e+06	3.446020e+06	3.436520e+06	3.430540e+06	3.433960e+06	3.454620e+06	3.444140e+06	3.445360e+06	3.453380e+06
3.427740e+06	3.438720e+06	3.427920e+06	3.411260e+06	3.413740e+06	3.434360e+06	3.434160e+06	3.436240e+06	3.429960e+06	3.436380e+06	3.433800e+06	3.437640e+06	3.414940e+06	3.434020e+06	3.445060e+06	3.427460e+06	3.428820e+06	3.434160e+06	3.421980e+06	3.430420e+06	3.440860e+06	3.443720e+06	3.442840e+06	3.434960e+06	3.420180e+06	3.441300e+06	3.435040e+06	3.440080e+06	3.423680e+06	3.429020e+06	3.434680e+06	3.427400e+06	3.440480e+06	3.431140e+06	3.435660e+06	3.421580e+06	3.446720e+06	3.439600e+06	3.424600e+06	3.433480e+06	3.429880e+06	3.426120e+06	3.432080e+06	3.439800e+06	3.434760e+06	3.432040e+06	3.437200e+06	3.443020e+06	3.439880e+06	3.430740e+06	3.437540e+06	3.446600e+06	3.438140e+06	3.421420e+06	3.429600e+06	3.437620e+06	3.421100e+06	3.434440e+06	3.425400e+06	3.436220e+06	3.429760e+06	3.417900e+06	3.425900e+06	3.429740e+06	3.430240e+06	3.420240e+06	3.425040e+06	3.410360e+06	3.426660e+06	3.426160e+06	3.429880e+06	3.438580e+06	3.425720e+06	3.430940e+06	3.431100e+06	3.425080e+06
3.430100e+06	3.416160e+06	3.429360e+06	3.423740e+06	3.423560e+06	3.427920e+06	3.439820e+06	3.431880e+06	3.436580e+06	3.418900e+06	3.421340e+06	3.430000e+06	3.432600e+06	3.433740e+06	3.429180e+06	3.439520e+06	3.434280e+06	3.426480e+06	3.443060e+06	3.421720e+06	3.421720e+06	3.431840e+06	3.440820e+06	3.438320e+06	3.440540e+06	3.437380e+06	3.424180e+06	3.432900e+06	3.432380e+06	3.432360e+06	3.414720e+06	3.432380e+06	3.435240e+06	3.443300e+06	3.419420e+06	3.416980e+06	3.435300e+06	3.430920e+06	3.421280e+06	3.428220e+06	3.431740e+06	3.419300e+06	3.420940e+06	3.424860e+06	3.433580e+06	3.440000e+06	3.443200e+06	3.446640e+06	3.432320e+06	3.436360e+06	3.430540e+06	3.431640e+06	3.425180e+06	3.422020e+06	3.436880e+06	3.440200e+06	3.428680e+06	3.426620e+06	3.430920e+06	3.439140e+06	3.449560e+06	3.430300e+06	3.431340e+06	3.441840e+06	3.432000e+06	3.446380e+06	3.440900e+06	3.420880e+06	3.430340e+06	3.435580e+06	3.434720e+06	3.445260e+06	3.426920e+06	3.426660e+06	3.436540e+06	3.443700e+06
3.423320e+06	3.429040e+06	3.416180e+06	3.429220e+06	3.431760e+06	3.437520e+06	3.418760e+06	3.421380e+06	3.440080e+06	3.431640e+06	3.451960e+06	3.431240e+06	3.445560e+06	3.433020e+06	3.431960e+06	3.437440e+06	3.436440e+06	3.446960e+06	3.429360e+06	3.420540e+06	3.426020e+06	3.439140e+06	3.438300e+06	3.427460e+06	3.413360e+06	3.442380e+06	3.423080e+06	3.427280e+06	3.440620e+06	3.448740e+06	3.430820e+06	3.428560e+06	3.434520e+06	3.438480e+06	3.429320e+06	3.435280e+06	3.426920e+06	3.430220e+06	3.426900e+06	3.426820e+06	3.436740e+06	3.431000e+06	3.425240e+06	3.442560e+06	3.432900e+06	3.438020e+06	3.430320e+06	3.436620e+06	3.427820e+06	3.428340e+06	3.421580e+06	3.425800e+06	3.422840e+06	3.437780e+06	3.439300e+06	3.431080e+06	3.419940e+06	3.421660e+06	3.442140e+06	3.447780e+06	3.425020e+06	3.429240e+06	3.421200e+06	3.435900e+06	3.437520e+06	3.427660e+06	3.424180e+06	3.417280e+06	3.419020e+06	3.443580e+06	3.426880e+06	3.427480e+06	3.426440e+06	3.437220e+06	3.434820e+06	3.443600e+06
3.456800e+06	3.442240e+06	3.438760e+06	3.437900e+06	3.406000e+06	3.456220e+06	3.439440e+06	3.433960e+06	3.442320e+06	3.448620e+06	3.440240e+06	3.439560e+06	3.440260e+06	3.431760e+06	3.436800e+06	3.441700e+06	3.449480e+06	3.448580e+06	3.449180e+06	3.442440e+06	3.435880e+06	3.443320e+06	3.441420e+06	3.452360e+06	3.451940e+06	3.457320e+06	3.444960e+06	3.449660e+06	3.458180e+06	3.441360e+06	3.444020e+06	3.451580e+06	3.439860e+06	3.427640e+06	3.436080e+06	3.440160e+06	3.442840e+06	3.445920e+06	3.430400e+06	3.451620e+06	3.447160e+06	3.422120e+06	3.428340e+06	3.436360e+06	3.438660e+06	3.448380e+06	3.434540e+06	3.447000e+06	3.440840e+06	3.445320e+06	3.433120e+06	3.432940e+06	3.440580e+06	3.443340e+06	3.426500e+06	3.440920e+06	3.433540e+06	3.435560e+06	3.457880e+06	3.431160e+06	3.442340e+06	3.431600e+06	3.453540e+06	3.443260e+06	3.428860e+06	3.422980e+06	3.437020e+06	3.424100e+06	3.443220e+06	3.427260e+06	3.432200e+06	3.454700e+06	3.447700e+06	3.445660e+06	3.441280e+06	3.435520e+06
3.399460e+06	3.388720e+06	3.381140e+06	3.383120e+06	3.361700e+06	3.491080e+06	3.328440e+06	3.470220e+06	3.384820e+06	3.481360e+06	3.453820e+06	3.477560e+06	3.450420e+06	3.431760e+06	3.446180e+06	3.453680e+06	3.436720e+06	3.448960e+06	3.440040e+06	3.443500e+06	3.446300e+06	3.446840e+06	3.441880e+06	3.457460e+06	3.446120e+06	3.435440e+06	3.456540e+06	3.446020e+06	3.452760e+06	3.444460e+06	3.447180e+06	3.454480e+06	3.457800e+06	3.432320e+06	3.425780e+06	3.438240e+06	3.440220e+06	3.439440e+06	3.443300e+06	3.437840e+06	3.431900e+06	3.436420e+06	3.441500e+06	3.445920e+06	3.439900e+06	3.444400e+06	3.431440e+06	3.449780e+06	3.437860e+06	3.436960e+06	3.438160e+06	3.447160e+06	3.447020e+06	3.447260e+06	3.463000e+06	3.440820e+06	3.449000e+06	3.428420e+06	3.451280e+06	3.440640e+06	3.444860e+06	3.453280e+06	3.445980e+06	3.437580e+06	3.437840e+06	3.435040e+06	3.432020e+06	3.446040e+06	3.447820e+06	3.435980e+06	3.431160e+06	3.439940e+06	3.452240e+06	3.444780e+06	3.427660e+06	3.435680e+06
3.390540e+06	3.377940e+06	3.379960e+06	3.406300e+06	3.400820e+06	3.373140e+06	3.366200e+06	3.394740e+06	3.384600e+06	3.390960e+06	3.397760e+06	3.395940e+06	3.388440e+06	3.391000e+06	3.384860e+06	3.370920e+06	3.389500e+06	3.398280e+06	3.393320e+06	3.382100e+06	3.400620e+06	3.401660e+06	3.391340e+06	3.374000e+06	3.394100e+06	3.386000e+06	3.389440e+06	3.406100e+06	3.385340e+06	3.368300e+06	3.380020e+06	3.377420e+06	3.385600e+06	3.365820e+06	3.369900e+06	3.386400e+06	3.389620e+06	3.395460e+06	3.382940e+06	3.387160e+06	3.384780e+06	3.392860e+06	3.384960e+06	3.393540e+06	3.393560e+06	3.393480e+06	3.410460e+06	3.391940e+06	3.378080e+06	3.393740e+06	3.407960e+06	3.394280e+06	3.396360e+06	3.386300e+06	3.399280e+06	3.400580e+06	3.398340e+06	3.386300e+06	3.377320e+06	3.391500e+06	3.393720e+06	3.393760e+06	3.381340e+06	3.393600e+06	3.386980e+06	3.382220e+06	3.362860e+06	3.382420e+06	3.379760e+06	3.382120e+06	3.375260e+06	3.410240e+06	3.391500e+06	3.399380e+06	3.389800e+06	3.377860e+06
3.389320e+06	3.386760e+06	3.377940e+06	3.389860e+06	3.392460e+06	3.392840e+06	3.369820e+06	3.378740e+06	3.373640e+06	3.393840e+06	3.382260e+06	3.384340e+06	3.385940e+06	3.391160e+06	3.389560e+06	3.383600e+06	3.391580e+06	3.383800e+06	3.375540e+06	3.381420e+06	3.383600e+06	3.378720e+06	3.381280e+06	3.390640e+06	3.382120e+06	3.375280e+06	3.389400e+06	3.383420e+06	3.392160e+06	3.392540e+06	3.378480e+06	3.390860e+06	3.379440e+06	3.372760e+06	3.377180e+06	3.391580e+06	3.398380e+06	3.393120e+06	3.385580e+06	3.407040e+06	3.388740e+06	3.371860e+06	3.380600e+06	3.398380e+06	3.387260e+06	3.384480e+06	3.386700e+06	3.384120e+06	3.391420e+06	3.381580e+06	3.386060e+06	3.390020e+06	3.393880e+06	3.380980e+06	3.380560e+06	3.386200e+06	3.396040e+06	3.391240e+06	3.389260e+06	3.385480e+06	3.387460e+06	3.386580e+06	3.392300e+06	3.384740e+06	3.392120e+06	3.397800e+06	3.388940e+06	3.396800e+06	3.366140e+06	3.398580e+06	3.398060e+06	3.390760e+06	3.372740e+06	3.383940e+06	3.383120e+06	3.386860e+06
3.374840e+06	3.376160e+06	3.371820e+06	3.383220e+06	3.367680e+06	3.388640e+06	3.377820e+06	3.370260e+06	3.361020e+06	3.382280e+06	3.383660e+06	3.376520e+06	3.380180e+06	3.384240e+06	3.386400e+06	3.380460e+06	3.377940e+06	3.384460e+06	3.386500e+06	3.385560e+06	3.380440e+06	3.399560e+06	3.388400e+06	3.386480e+06	3.401960e+06	3.385080e+06	3.388620e+06	3.387720e+06	3.376800e+06	3.387160e+06	3.372820e+06	3.370460e+06	3.382760e+06	3.372380e+06	3.378300e+06	3.384180e+06	3.374360e+06	3.409740e+06	3.382200e+06	3.389780e+06	3.372260e+06	3.377380e+06	3.369060e+06	3.378220e+06	3.373940e+06	3.383360e+06	3.394520e+06	3.393340e+06	3.384940e+06	3.386260e+06	3.395100e+06	3.383080e+06	3.376680e+06	3.372580e+06	3.397420e+06	3.392880e+06	3.385540e+06	3.384520e+06	3.397460e+06	3.392520e+06	3.382460e+06	3.394540e+06	3.400120e+06	3.393880e+06	3.375400e+06	3.384940e+06	3.375580e+06	3.379380e+06	3.373540e+06	3.379720e+06	3.384560e+06	3.390280e+06	3.384140e+06	3.371640e+06	3.387560e+06	3.385620e+06
3.390520e+06	3.397480e+06	3.378680e+06	3.382040e+06	3.374360e+06	3.381880e+06	3.372740e+06	3.381780e+06	3.384240e+06	3.374140e+06	3.369680e+06	3.392220e+06	3.391780e+06	3.390220e+06	3.374760e+06	3.383980e+06	3.390080e+06	3.381720e+06	3.370940e+06	3.386300e+06	3.380100e+06	3.379300e+06	3.376360e+06	3.381100e+06	3.387760e+06	3.379820e+06	3.374460e+06	3.364980e+06	3.386640e+06	3.377300e+06	3.383700e+06	3.363980e+06	3.376420e+06	3.376580e+06	3.373500e+06	3.378920e+06	3.368180e+06	3.375000e+06	3.382440e+06	3.380100e+06	3.372860e+06	3.369120e+06	3.378880e+06	3.399040e+06	3.379180e+06	3.378020e+06	3.388060e+06	3.375560e+06	3.370800e+06	3.379860e+06	3.391380e+06	3.383440e+06	3.372800e+06	3.383860e+06	3.374380e+06	3.390100e+06	3.369680e+06	3.381260e+06	3.369980e+06	3.383940e+06	3.366260e+06	3.382980e+06	3.400860e+06	3.373420e+06	3.372460e+06	3.369700e+06	3.377360e+06	3.373960e+06	3.378040e+06	3.371780e+06	3.366060e+06	3.379900e+06	3.373720e+06	3.376140e+06	3.387120e+06	3.387480e+06
3.395720e+06	3.363780e+06	3.374720e+06	3.389180e+06	3.378100e+06	3.371720e+06	3.354460e+06	3.367080e+06	3.377940e+06	3.384760e+06	3.372340e+06	3.383060e+06	3.367060e+06	3.368340e+06	3.385220e+06	3.387700e+06	3.396640e+06	3.384920e+06	3.391200e+06	3.373540e+06	3.387860e+06	3.383220e+06	3.384640e+06	3.387720e+06	3.393380e+06	3.381720e+06	3.375200e+06	3.381100e+06	3.373120e+06	3.366240e+06	3.379500e+06	3.379680e+06	3.385000e+06	3.371340e+06	3.365400e+06	3.362540e+06	3.365340e+06	3.369820e+06	3.372060e+06	3.380480e+06	3.373760e+06	3.379500e+06	3.383460e+06	3.376880e+06	3.371100e+06	3.381140e+06	3.382880e+06	3.376520e+06	3.379700e+06	3.382980e+06	3.384620e+06	3.377380e+06	3.375060e+06	3.386540e+06	3.378580e+06	3.386720e+06	3.380100e+06	3.384480e+06	3.375400e+06	3.374580e+06	3.376920e+06	3.381100e+06	3.374780e+06	3.369980e+06	3.384460e+06	3.373480e+06	3.382900e+06	3.360000e+06	3.365120e+06	3.383280e+06	3.380060e+06	3.378360e+06	3.379360e+06	3.393780e+06	3.395720e+06	3.382160e+06
3.381560e+06	3.386380e+06	3.388160e+06	3.397420e+06	3.388060e+06	3.384420e+06	3.370920e+06	3.376100e+06	3.366660e+06	3.376820e+06	3.380220e+06	3.388300e+06	3.378360e+06	3.378540e+06	3.367640e+06	3.374940e+06	3.377300e+06	3.385260e+06	3.380980e+06	3.370680e+06	3.377180e+06	3.374040e+06	3.386080e+06	3.386000e+06	3.389260e+06	3.390780e+06	3.376160e+06	3.390660e+06	3.362780e+06	3.397300e+06	3.378240e+06	3.379320e+06	3.381400e+06	3.385860e+06	3.374100e+06	3.378400e+06	3.373600e+06	3.385340e+06	3.385080e+06	3.377200e+06	3.371160e+06	3.368160e+06	3.369320e+06	3.370420e+06	3.381200e+06	3.381260e+06	3.382500e+06	3.385300e+06	3.377900e+06	3.386280e+06	3.380500e+06	3.392620e+06	3.382720e+06	3.378520e+06	3.382900e+06	3.398720e+06	3.384480e+06	3.382220e+06	3.384420e+06	3.378440e+06	3.390920e+06	3.369900e+06	3.385840e+06	3.385820e+06	3.384060e+06	3.371720e+06	3.374920e+06	3.368940e+06	3.377580e+06	3.373900e+06	3.377600e+06	3.374240e+06	3.375740e+06	3.367700e+06	3.372500e+06	3.381620e+06
3.380420e+06	3.392160e+06	3.385220e+06	3.388740e+06	3.374000e+06	3.371800e+06	3.366400e+06	3.380620e+06	3.377280e+06	3.390540e+06	3.381420e+06	3.392720e+06	3.381500e+06	3.361660e+06	3.370860e+06	3.395180e+06	3.389660e+06	3.384620e+06	3.370240e+06	3.382700e+06	3.388120e+06	3.374300e+06	3.380860e+06	3.371320e+06	3.378520e+06	3.396340e+06	3.388300e+06	3.389980e+06	3.373220e+06	3.396640e+06	3.385280e+06	3.383760e+06	3.385380e+06	3.384460e+06	3.376240e+06	3.362080e+06	3.370700e+06	3.392100e+06	3.388020e+06	3.376600e+06	3.365100e+06	3.371200e+06	3.369240e+06	3.380240e+06	3.369720e+06	3.368520e+06	3.390200e+06	3.386100e+06	3.403380e+06	3.385480e+06	3.380720e+06	3.379080e+06	3.375160e+06	3.371260e+06	3.389980e+06	3.382960e+06	3.386820e+06	3.376980e+06	3.392320e+06	3.394440e+06	3.386440e+06	3.381500e+06	3.376360e+06	3.364400e+06	3.395540e+06	3.377780e+06	3.361140e+06	3.393040e+06	3.373000e+06	3.373800e+06	3.373140e+06	3.376100e+06	3.377680e+06	3.394320e+06	3.382660e+06	3.391540e+06
3.379060e+06	3.379200e+06	3.379180e+06	3.378580e+06	3.376540e+06	3.381780e+06	3.376440e+06	3.373100e+06	3.394340e+06	3.380320e+06	3.383260e+06	3.388740e+06	3.381260e+06	3.377160e+06	3.385880e+06	3.377400e+06	3.376020e+06	3.374340e+06	3.385200e+06	3.374440e+06	3.380460e+06	3.386020e+06	3.367900e+06	3.393980e+06	3.394140e+06	3.387780e+06	3.385560e+06	3.380380e+06	3.380160e+06	3.370420e+06	3.369060e+06	3.387620e+06	3.385240e+06	3.377100e+06	3.367380e+06	3.373000e+06	3.366200e+06	3.378060e+06	3.369300e+06	3.367280e+06	3.380600e+06	3.380920e+06	3.379580e+06	3.375360e+06	3.371320e+06	3.375340e+06	3.391060e+06	3.364400e+06	3.376460e+06	3.380180e+06	3.391080e+06	3.395020e+06	3.385660e+06	3.376880e+06	3.388340e+06	3.383240e+06	3.380120e+06	3.366760e+06	3.377200e+06	3.379540e+06	3.386720e+06	3.379060e+06	3.383160e+06	3.387860e+06	3.393080e+06	3.364760e+06	3.372940e+06	3.364300e+06	3.373420e+06	3.369280e+06	3.373280e+06	3.389680e+06	3.370700e+06	3.372760e+06	3.385520e+06	3.387340e+06
3.410080e+06	3.380100e+06	3.371340e+06	3.369280e+06	3.391440e+06	3.387360e+06	3.360380e+06	3.372480e+06	3.365720e+06	3.394320e+06	3.379560e+06	3.363800e+06	3.387820e+06	3.387280e+06	3.393140e+06	3.387420e+06	3.384080e+06	3.375740e+06	3.389440e+06	3.393880e+06	3.366480e+06	3.380100e+06	3.387680e+06	3.400520e+06	3.393360e+06	3.369360e+06	3.384000e+06	3.395160e+06	3.392300e+06	3.382060e+06	3.385520e+06	3.377280e+06	3.377040e+06	3.381740e+06	3.400820e+06	3.376980e+06	3.378080e+06	3.384380e+06	3.387140e+06	3.390380e+06	3.398940e+06	3.379960e+06	3.380160e+06	3.390820e+06	3.384380e+06	3.383080e+06	3.384100e+06	3.382460e+06	3.370860e+06	3.389680e+06	3.401340e+06	3.372540e+06	3.381520e+06	3.389980e+06	3.382620e+06	3.389720e+06	3.377440e+06	3.381420e+06	3.393720e+06	3.374860e+06	3.397020e+06	3.394340e+06	3.382100e+06	3.374040e+06	3.396960e+06	3.385360e+06	3.372640e+06	3.385280e+06	3.381440e+06	3.387480e+06	3.383500e+06	3.388720e+06	3.380160e+06	3.379140e+06	3.376140e+06	3.397440e+06
3.393980e+06	3.389820e+06	3.388260e+06	3.384940e+06	3.377740e+06	3.400160e+06	3.383560e+06	3.363680e+06	3.381400e+06	3.395280e+06	3.385380e+06	3.381960e+06	3.388780e+06	3.383440e+06	3.368140e+06	3.394980e+06	3.397900e+06	3.363480e+06	3.382460e+06	3.385660e+06	3.383700e+06	3.385360e+06	3.386220e+06	3.386040e+06	3.384240e+06	3.386500e+06	3.379000e+06	3.370460e+06	3.365020e+06	3.379540e+06	3.384560e+06	3.389680e+06	3.382720e+06	3.397520e+06	3.376540e+06	3.369480e+06	3.392120e+06	3.380680e+06	3.380560e+06	3.367800e+06	3.378520e+06	3.383000e+06	3.382260e+06	3.394480e+06	3.404520e+06	3.398940e+06	3.388280e+06	3.393700e+06	3.409160e+06	3.398640e+06	3.377680e+06	3.397960e+06	3.397520e+06	3.385100e+06	3.381280e+06	3.385780e+06	3.394680e+06	3.393900e+06	3.386740e+06	3.385320e+06	3.384280e+06	3.383880e+06	3.386640e+06	3.397380e+06	3.374860e+06	3.380160e+06	3.378360e+06	3.372460e+06	3.385480e+06	3.390220e+06	3.373740e+06	3.389840e+06	3.394460e+06	3.383520e+06	3.381300e+06	3.398740e+06
3.404820e+06	3.402820e+06	3.402640e+06	3.388260e+06	3.386000e+06	3.389700e+06	3.394260e+06	3.386580e+06	3.382680e+06	3.390380e+06	3.382080e+06	3.381220e+06	3.382260e+06	3.400320e+06	3.387860e+06	3.407720e+06	3.387380e+06	3.390060e+06	3.392380e+06	3.405120e+06	3.381160e+06	3.383980e+06	3.393440e+06	3.386100e+06	3.384680e+06	3.391200e+06	3.392500e+06	3.384040e+06	3.397480e+06	3.402100e+06	3.384200e+06	3.389520e+06	3.399980e+06	3.393460e+06	3.382580e+06	3.401180e+06	3.370720e+06	3.400260e+06	3.393400e+06	3.401480e+06	3.382040e+06	3.386340e+06	3.387500e+06	3.377040e+06	3.371340e+06	3.382660e+06	3.393100e+06	3.402720e+06	3.389160e+06	3.396740e+06	3.403000e+06	3.405060e+06	3.394120e+06	3.389960e+06	3.391560e+06	3.385420e+06	3.382280e+06	3.398120e+06	3.384940e+06	3.389520e+06	3.406680e+06	3.398360e+06	3.397260e+06	3.392500e+06	3.403760e+06	3.388480e+06	3.395440e+06	3.392020e+06	3.374120e+06	3.395180e+06	3.391080e+06	3.387980e+06	3.398720e+06	3.391880e+06	3.392520e+06	3.394240e+06
3.399280e+06	3.405500e+06	3.387860e+06	3.393060e+06	3.402720e+06	3.400000e+06	3.378520e+06	3.393880e+06	3.368640e+06	3.376760e+06	3.381740e+06	3.414660e+06	3.410040e+06	3.377860e+06	3.390540e+06	3.405460e+06	3.401200e+06	3.409720e+06	3.405060e+06	3.396720e+06	3.400100e+06	3.401200e+06	3.397480e+06	3.393180e+06	3.386440e+06	3.396780e+06	3.411060e+06	3.406420e+06	3.397120e+06	3.390920e+06	3.416780e+06	3.403080e+06	3.388540e+06	3.400660e+06	3.393180e+06	3.374220e+06	3.378080e+06	3.374500e+06	3.401980e+06	3.379120e+06	3.382900e+06	3.398300e+06	3.394620e+06	3.391200e+06	3.397680e+06	3.409740e+06	3.390180e+06	3.394260e+06	3.406760e+06	3.401500e+06	3.394340e+06	3.399340e+06	3.403220e+06	3.404000e+06	3.397280e+06	3.415640e+06	3.399900e+06	3.390440e+06	3.400620e+06	3.405040e+06	3.405020e+06	3.415340e+06	3.404880e+06	3.402060e+06	3.392660e+06	3.391500e+06	3.384760e+06	3.379740e+06	3.394820e+06	3.399700e+06	3.391880e+06	3.384620e+06	3.389220e+06	3.387020e+06	3.392860e+06	3.407860e+06
3.403240e+06	3.413300e+06	3.406500e+06	3.404820e+06	3.404440e+06	3.410200e+06	3.389260e+06	3.391540e+06	3.388720e+06	3.393800e+06	3.395740e+06	3.394780e+06	3.395360e+06	3.398480e+06	3.400600e+06	3.412640e+06	3.414240e+06	3.408080e+06	3.388900e+06	3.385780e+06	3.386620e+06	3.391220e+06	3.403040e+06	3.389020e+06	3.403300e+06	3.415240e+06	3.404260e+06	3.392820e+06	3.398440e+06	3.406160e+06	3.398900e+06	3.401780e+06	3.390920e+06	3.394820e+06	3.385940e+06	3.387360e+06	3.403840e+06	3.404940e+06	3.399420e+06	3.387320e+06	3.406280e+06	3.395360e+06	3.382560e+06	3.390500e+06	3.392440e+06	3.385880e+06	3.390260e+06	3.387060e+06	3.413700e+06	3.406220e+06	3.392660e+06	3.408200e+06	3.393980e+06	3.400440e+06	3.383180e+06	3.411180e+06	3.403040e+06	3.395040e+06	3.402020e+06	3.404080e+06	3.399380e+06	3.404780e+06	3.416960e+06	3.404040e+06	3.391000e+06	3.395680e+06	3.407820e+06	3.391860e+06	3.391420e+06	3.385280e+06	3.385820e+06	3.390500e+06	3.394980e+06	3.393300e+06	3.392460e+06	3.414140e+06
3.400920e+06	3.393140e+06	3.394900e+06	3.406560e+06	3.391680e+06	3.385020e+06	3.383740e+06	3.391620e+06	3.386680e+06	3.392560e+06	3.388500e+06	3.395360e+06	3.394340e+06	3.404340e+06	3.398240e+06	3.395360e+06	3.396960e+06	3.402160e+06	3.404100e+06	3.391760e+06	3.394040e+06	3.397940e+06	3.397860e+06	3.408660e+06	3.413540e+06	3.379780e+06	3.385320e+06	3.390100e+06	3.407860e+06	3.400340e+06	3.397900e+06	3.392400e+06	3.391700e+06	3.404800e+06	3.400360e+06	3.392720e+06	3.395840e+06	3.398020e+06	3.398680e+06	3.405180e+06	3.403220e+06	3.391780e+06	3.415100e+06	3.415580e+06	3.395780e+06	3.396400e+06	3.405320e+06	3.410300e+06	3.402140e+06	3.396720e+06	3.394460e+06	3.383060e+06	3.398400e+06	3.402820e+06	3.408880e+06	3.399520e+06	3.389180e+06	3.405260e+06	3.400360e+06	3.382900e+06	3.392940e+06	3.399000e+06	3.398100e+06	3.390980e+06	3.403060e+06	3.398560e+06	3.388500e+06	3.383140e+06	3.388740e+06	3.405480e+06	3.407960e+06	3.387240e+06	3.403560e+06	3.391680e+06	3.401000e+06	3.403180e+06
3.395560e+06	3.388060e+06	3.397400e+06	3.380040e+06	3.386460e+06	3.397180e+06	3.379780e+06	3.386620e+06	3.380920e+06	3.380680e+06	3.401640e+06	3.399300e+06	3.394320e+06	3.391660e+06	3.402240e+06	3.399500e+06	3.390340e+06	3.398680e+06	3.397420e+06	3.399720e+06	3.387560e+06	3.394600e+06	3.392840e+06	3.397120e+06	3.394500e+06	3.386920e+06	3.392640e+06	3.397740e+06	3.391920e+06	3.386920e+06	3.388260e+06	3.405620e+06	3.410340e+06	3.377600e+06	3.381360e+06	3.387700e+06	3.393340e+06	3.392020e+06	3.381160e+06	3.388440e+06	3.398440e+06	3.387100e+06	3.396040e+06	3.397440e+06	3.409260e+06	3.392960e+06	3.395660e+06	3.399580e+06	3.392280e+06	3.389280e+06	3.393840e+06	3.396940e+06	3.394440e+06	3.411940e+06	3.388620e+06	3.393720e+06	3.394220e+06	3.401960e+06	3.392560e+06	3.394680e+06	3.405980e+06	3.401700e+06	3.391220e+06	3.408620e+06	3.394180e+06	3.384160e+06	3.397500e+06	3.387260e+06	3.383020e+06	3.399600e+06	3.388860e+06	3.396600e+06	3.385460e+06	3.400300e+06	3.403880e+06	3.390880e+06
3.385000e+06	3.384380e+06	3.393780e+06	3.387980e+06	3.395200e+06	3.388880e+06	3.381520e+06	3.382400e+06	3.381760e+06	3.395280e+06	3.385160e+06	3.401300e+06	3.405080e+06	3.377660e+06	3.387720e+06	3.389480e+06	3.377380e+06	3.400000e+06	3.395080e+06	3.408480e+06	3.402360e+06	3.380260e+06	3.385480e+06	3.398120e+06	3.397900e+06	3.390360e+06	3.382000e+06	3.391000e+06	3.401280e+06	3.394340e+06	3.382880e+06	3.395080e+06	3.394800e+06	3.402020e+06	3.397980e+06	3.389780e+06	3.395820e+06	3.387920e+06	3.400820e+06	3.401240e+06	3.389960e+06	3.386920e+06	3.398560e+06	3.388480e+06	3.397920e+06	3.384660e+06	3.397100e+06	3.391720e+06	3.384500e+06	3.384680e+06	3.393660e+06	3.384600e+06	3.380060e+06	3.383740e+06	3.393920e+06	3.380760e+06	3.407180e+06	3.393700e+06	3.398420e+06	3.391480e+06	3.396940e+06	3.399960e+06	3.397260e+06	3.408800e+06	3.384380e+06	3.394180e+06	3.401600e+06	3.393860e+06	3.395240e+06	3.382460e+06	3.375660e+06	3.397420e+06	3.394520e+06	3.396220e+06	3.381540e+06	3.392300e+06
3.394440e+06	3.399760e+06	3.376940e+06	3.383660e+06	3.373760e+06	3.393820e+06	3.362080e+06	3.378780e+06	3.384940e+06	3.387520e+06	3.384680e+06	3.393260e+06	3.382920e+06	3.378180e+06	3.386640e+06	3.391580e+06	3.377400e+06	3.385540e+06	3.373020e+06	3.381840e+06	3.384800e+06	3.366200e+06	3.382540e+06	3.385540e+06	3.380260e+06	3.384780e+06	3.377080e+06	3.378800e+06	3.382620e+06	3.393620e+06	3.381400e+06	3.369080e+06	3.380540e+06	3.388900e+06	3.374920e+06	3.381420e+06	3.371820e+06	3.372740e+06	3.385720e+06	3.372720e+06	3.359480e+06	3.365140e+06	3.369420e+06	3.388920e+06	3.392780e+06	3.376900e+06	3.383000e+06	3.386460e+06	3.401080e+06	3.398480e+06	3.373720e+06	3.393620e+06	3.396100e+06	3.382900e+06	3.393660e+06	3.389780e+06	3.377720e+06	3.383800e+06	3.383540e+06	3.391660e+06	3.374580e+06	3.388760e+06	3.384540e+06	3.393940e+06	3.374220e+06	3.391740e+06	3.373000e+06	3.395300e+06	3.375440e+06	3.380700e+06	3.392300e+06	3.386800e+06	3.389580e+06	3.385640e+06	3.381700e+06	3.394260e+06
3.366220e+06	3.383720e+06	3.373860e+06	3.374300e+06	3.366260e+06	3.370120e+06	3.385640e+06	3.381060e+06	3.366700e+06	3.382680e+06	3.385440e+06	3.389140e+06	3.384920e+06	3.387260e+06	3.386540e+06	3.403320e+06	3.382420e+06	3.385780e+06	3.382320e+06	3.393380e+06	3.379760e+06	3.386740e+06	3.372960e+06	3.389960e+06	3.382380e+06	3.387000e+06	3.385040e+06	3.380820e+06	3.367020e+06	3.373460e+06	3.374480e+06	3.376960e+06	3.370040e+06	3.374260e+06	3.380780e+06	3.377460e+06	3.377880e+06	3.383620e+06	3.387340e+06	3.378080e+06	3.379860e+06	3.391500e+06	3.377780e+06	3.388600e+06	3.379780e+06	3.387400e+06	3.365100e+06	3.386340e+06	3.380260e+06	3.381640e+06	3.393560e+06	3.382320e+06	3.391820e+06	3.371680e+06	3.386440e+06	3.391240e+06	3.375760e+06	3.387600e+06	3.379760e+06	3.375380e+06	3.373780e+06	3.370740e+06	3.367960e+06	3.384280e+06	3.379960e+06	3.371740e+06	3.390980e+06	3.374060e+06	3.380000e+06	3.383900e+06	3.379140e+06	3.392020e+06	3.379980e+06	3.369380e+06	3.383520e+06	3.385840e+06
3.362240e+06	3.384380e+06	3.373420e+06	3.360020e+06	3.373440e+06	3.373680e+06	3.357280e+06	3.354660e+06	3.371540e+06	3.381600e+06	3.371380e+06	3.380820e+06	3.386160e+06	3.394160e+06	3.363800e+06	3.368700e+06	3.366840e+06	3.367940e+06	3.352860e+06	3.368520e+06	3.379600e+06	3.374840e+06	3.370600e+06	3.371560e+06	3.391120e+06	3.371760e+06	3.392220e+06	3.386280e+06	3.376280e+06	3.372280e+06	3.384840e+06	3.383860e+06	3.365800e+06	3.362820e+06	3.372880e+06	3.376840e+06	3.367400e+06	3.376840e+06	3.381520e+06	3.384140e+06	3.383400e+06	3.374540e+06	3.380400e+06	3.372320e+06	3.362640e+06	3.388620e+06	3.379060e+06	3.368980e+06	3.371560e+06	3.372680e+06	3.380680e+06	3.389260e+06	3.381960e+06	3.369820e+06	3.378380e+06	3.372340e+06	3.381000e+06	3.383200e+06	3.381100e+06	3.370880e+06	3.372560e+06	3.375760e+06	3.383140e+06	3.372080e+06	3.364840e+06	3.373840e+06	3.381940e+06	3.360860e+06	3.365040e+06	3.374560e+06	3.372160e+06	3.362820e+06	3.369580e+06	3.371440e+06	3.376860e+06	3.373160e+06
3.370000e+06	3.359420e+06	3.371040e+06	3.347780e+06	3.369820e+06	3.362320e+06	3.350300e+06	3.348100e+06	3.350480e+06	3.353340e+06	3.364560e+06	3.367340e+06	3.357320e+06	3.351640e+06	3.376280e+06	3.366600e+06	3.371980e+06	3.377800e+06	3.352440e+06	3.381080e+06	3.351980e+06	3.372960e+06	3.369460e+06	3.363320e+06	3.365820e+06	3.365640e+06	3.382980e+06	3.375640e+06	3.357060e+06	3.378420e+06	3.380640e+06	3.375160e+06	3.355820e+06	3.376380e+06	3.355680e+06	3.357640e+06	3.366540e+06	3.368560e+06	3.369320e+06	3.371900e+06	3.366900e+06	3.371900e+06	3.371380e+06	3.380100e+06	3.359300e+06	3.382940e+06	3.380600e+06	3.388860e+06	3.371900e+06	3.376640e+06	3.377380e+06	3.368940e+06	3.371840e+06	3.360140e+06	3.359900e+06	3.359280e+06	3.375780e+06	3.371260e+06	3.374400e+06	3.365320e+06	3.364940e+06	3.366900e+06	3.362120e+06	3.367560e+06	3.369020e+06	3.357140e+06	3.372080e+06	3.360100e+06	3.369680e+06	3.365400e+06	3.370620e+06	3.364940e+06	3.374620e+06	3.381600e+06	3.370660e+06	3.379660e+06
3.363940e+06	3.373440e+06	3.384820e+06	3.367560e+06	3.381880e+06	3.384020e+06	3.373800e+06	3.373680e+06	3.376180e+06	3.370200e+06	3.369260e+06	3.370340e+06	3.362820e+06	3.392880e+06	3.381320e+06	3.382920e+06	3.375040e+06	3.366780e+06	3.363680e+06	3.360480e+06	3.360460e+06	3.358560e+06	3.373860e+06	3.378000e+06	3.378320e+06	3.381980e+06	3.368560e+06	3.364300e+06	3.366240e+06	3.377560e+06	3.362420e+06	3.366120e+06	3.356360e+06	3.380860e+06	3.367840e+06	3.357200e+06	3.371920e+06	3.366480e+06	3.362520e+06	3.363820e+06	3.352780e+06	3.372420e+06	3.370180e+06	3.361140e+06	3.378420e+06	3.366660e+06	3.351180e+06	3.352780e+06	3.370460e+06	3.376580e+06	3.361320e+06	3.386120e+06	3.357080e+06	3.367480e+06	3.377960e+06	3.379260e+06	3.371560e+06	3.367180e+06	3.380760e+06	3.374560e+06	3.383600e+06	3.359940e+06	3.365580e+06	3.371120e+06	3.366580e+06	3.353900e+06	3.368620e+06	3.352800e+06	3.348640e+06	3.369720e+06	3.375740e+06	3.359760e+06	3.365280e+06	3.359600e+06	3.355080e+06	3.366080e+06
3.373960e+06	3.372560e+06	3.369200e+06	3.386380e+06	3.384480e+06	3.370460e+06	3.373220e+06	3.360440e+06	3.370960e+06	3.368300e+06	3.369400e+06	3.362920e+06	3.374180e+06	3.371360e+06	3.373980e+06	3.366260e+06	3.370780e+06	3.366380e+06	3.361340e+06	3.366660e+06	3.377960e+06	3.373660e+06	3.357040e+06	3.378900e+06	3.361500e+06	3.349820e+06	3.375360e+06	3.369140e+06	3.376340e+06	3.366800e+06	3.380660e+06	3.386020e+06	3.378060e+06	3.365800e+06	3.377700e+06	3.370920e+06	3.363240e+06	3.365420e+06	3.369700e+06	3.367180e+06	3.356480e+06	3.370140e+06	3.354440e+06	3.366620e+06	3.375920e+06	3.360200e+06	3.356380e+06	3.356220e+06	3.382420e+06	3.372280e+06	3.372140e+06	3.380420e+06	3.374160e+06	3.379000e+06	3.361880e+06	3.373640e+06	3.380860e+06	3.353660e+06	3.368700e+06	3.377740e+06	3.381600e+06	3.370360e+06	3.376260e+06	3.376480e+06	3.379160e+06	3.375260e+06	3.368900e+06	3.371120e+06	3.357800e+06	3.373700e+06	3.367740e+06	3.364380e+06	3.374980e+06	3.382060e+06	3.363840e+06	3.368900e+06
3.370040e+06	3.361000e+06	3.361960e+06	3.357140e+06	3.363160e+06	3.365060e+06	3.347020e+06	3.350860e+06	3.354500e+06	3.381320e+06	3.367880e+06	3.383360e+06	3.373420e+06	3.364760e+06	3.373700e+06	3.375640e+06	3.378520e+06	3.368940e+06	3.373460e+06	3.372260e+06	3.374100e+06	3.365640e+06	3.361840e+06	3.372780e+06	3.383520e+06	3.383020e+06	3.367620e+06	3.364420e+06	3.380380e+06	3.374900e+06	3.374540e+06	3.373300e+06	3.359200e+06	3.364480e+06	3.384300e+06	3.368220e+06	3.372960e+06	3.371600e+06	3.377680e+06	3.368680e+06	3.357840e+06	3.361940e+06	3.374360e+06	3.360800e+06	3.367520e+06	3.374880e+06	3.381540e+06	3.373460e+06	3.375160e+06	3.362880e+06	3.376980e+06	3.368280e+06	3.358780e+06	3.357480e+06	3.378000e+06	3.374460e+06	3.367820e+06	3.366300e+06	3.382160e+06	3.376460e+06	3.373440e+06	3.380180e+06	3.367980e+06	3.377900e+06	3.357240e+06	3.350900e+06	3.363000e+06	3.368380e+06	3.359660e+06	3.368800e+06	3.370900e+06	3.366300e+06	3.386180e+06	3.375720e+06	3.375840e+06	3.388020e+06
3.371820e+06	3.375720e+06	3.374840e+06	3.378400e+06	3.363900e+06	3.358220e+06	3.368520e+06	3.353880e+06	3.346020e+06	3.365180e+06	3.372420e+06	3.374280e+06	3.373420e+06	3.364800e+06	3.373560e+06	3.381080e+06	3.370080e+06	3.367920e+06	3.388860e+06	3.389940e+06	3.377380e+06	3.365600e+06	3.371680e+06	3.372940e+06	3.383860e+06	3.365560e+06	3.367160e+06	3.377240e+06	3.372360e+06	3.363140e+06	3.370720e+06	3.370480e+06	3.358700e+06	3.373240e+06	3.370080e+06	3.373760e+06	3.373700e+06	3.367980e+06	3.378720e+06	3.371240e+06	3.376220e+06	3.366320e+06	3.382800e+06	3.372400e+06	3.368380e+06	3.374040e+06	3.388880e+06	3.382360e+06	3.380160e+06	3.360420e+06	3.376120e+06	3.370980e+06	3.359980e+06	3.371620e+06	3.368860e+06	3.368700e+06	3.360040e+06	3.383360e+06	3.376100e+06	3.382580e+06	3.376940e+06	3.368420e+06	3.368900e+06	3.370720e+06	3.363460e+06	3.370720e+06	3.356420e+06	3.368960e+06	3.362020e+06	3.374200e+06	3.359400e+06	3.350900e+06	3.363320e+06	3.362720e+06	3.357000e+06	3.361580e+06
3.375140e+06	3.380380e+06	3.379140e+06	3.365800e+06	3.354420e+06	3.363360e+06	3.350520e+06	3.365540e+06	3.349260e+06	3.351460e+06	3.362440e+06	3.387620e+06	3.377540e+06	3.373860e+06	3.355960e+06	3.350360e+06	3.372360e+06	3.368900e+06	3.353120e+06	3.377440e+06	3.359000e+06	3.357860e+06	3.377360e+06	3.370080e+06	3.369780e+06	3.367760e+06	3.370420e+06	3.358180e+06	3.366260e+06	3.364940e+06	3.372000e+06	3.365540e+06	3.375860e+06	3.366300e+06	3.359960e+06	3.361100e+06	3.363840e+06	3.358580e+06	3.373200e+06	3.370440e+06	3.350960e+06	3.367340e+06	3.373620e+06	3.365700e+06	3.367680e+06	3.363620e+06	3.368820e+06	3.363640e+06	3.365760e+06	3.357260e+06	3.362420e+06	3.373100e+06	3.369260e+06	3.358740e+06	3.357780e+06	3.356020e+06	3.374360e+06	3.367020e+06	3.370740e+06	3.359880e+06	3.357860e+06	3.384780e+06	3.363760e+06	3.361800e+06	3.363620e+06	3.359440e+06	3.370720e+06	3.371660e+06	3.355240e+06	3.368940e+06	3.375880e+06	3.368240e+06	3.365220e+06	3.385560e+06	3.376500e+06	3.334220e+06
3.374980e+06	3.374600e+06	3.378080e+06	3.357640e+06	3.360520e+06	3.375360e+06	3.360000e+06	3.341640e+06	3.356060e+06	3.356200e+06	3.363200e+06	3.366260e+06	3.372080e+06	3.350760e+06	3.353520e+06	3.359040e+06	3.361240e+06	3.364600e+06	3.357320e+06	3.359800e+06	3.375340e+06	3.377860e+06	3.364060e+06	3.367640e+06	3.370600e+06	3.350940e+06	3.367280e+06	3.374500e+06	3.365640e+06	3.373500e+06	3.358420e+06	3.370740e+06	3.366820e+06	3.356060e+06	3.362540e+06	3.362440e+06	3.363320e+06	3.369300e+06	3.361120e+06	3.349400e+06	3.364880e+06	3.349800e+06	3.363300e+06	3.369580e+06	3.366880e+06	3.375140e+06	3.357300e+06	3.350900e+06	3.376780e+06	3.359240e+06	3.369040e+06	3.367080e+06	3.379580e+06	3.372700e+06	3.371220e+06	3.373580e+06	3.363460e+06	3.377760e+06	3.349660e+06	3.359820e+06	3.369960e+06	3.367180e+06	3.353460e+06	3.360560e+06	3.372420e+06	3.371500e+06	3.376480e+06	3.369560e+06	3.391720e+06	3.359160e+06	3.381240e+06	3.362620e+06	3.362040e+06	3.347260e+06	3.365620e+06	3.372960e+06
3.376780e+06	3.375700e+06	3.367800e+06	3.377640e+06	3.368100e+06	3.370000e+06	3.353360e+06	3.377840e+06	3.374420e+06	3.367640e+06	3.375220e+06	3.358520e+06	3.372020e+06	3.367380e+06	3.380040e+06	3.382360e+06	3.371600e+06	3.371040e+06	3.367820e+06	3.384420e+06	3.372680e+06	3.365460e+06	3.373460e+06	3.364660e+06	3.378240e+06	3.365720e+06	3.367980e+06	3.374680e+06	3.372120e+06	3.367340e+06	3.374020e+06	3.367380e+06	3.369460e+06	3.375700e+06	3.358760e+06	3.371460e+06	3.362840e+06	3.362920e+06	3.349140e+06	3.366840e+06	3.370540e+06	3.365100e+06	3.356340e+06	3.371360e+06	3.350680e+06	3.380520e+06	3.376160e+06	3.377820e+06	3.364340e+06	3.355800e+06	3.372900e+06	3.384940e+06	3.378760e+06	3.363900e+06	3.361780e+06	3.362860e+06	3.373060e+06	3.372720e+06	3.364480e+06	3.369860e+06	3.367560e+06	3.370100e+06	3.371520e+06	3.364400e+06	3.376480e+06	3.353160e+06	3.381200e+06	3.372480e+06	3.358840e+06	3.362520e+06	3.359200e+06	3.374380e+06	3.373940e+06	3.372000e+06	3.371000e+06	3.362940e+06
3.356440e+06	3.359260e+06	3.382120e+06	3.385520e+06	3.355780e+06	3.353540e+06	3.365780e+06	3.346220e+06	3.350720e+06	3.365740e+06	3.352940e+06	3.369300e+06	3.365700e+06	3.365420e+06	3.377320e+06	3.360980e+06	3.373960e+06	3.369200e+06	3.375160e+06	3.361020e+06	3.363600e+06	3.359560e+06	3.372440e+06	3.366220e+06	3.359620e+06	3.352300e+06	3.375180e+06	3.382160e+06	3.370260e+06	3.368260e+06	3.361780e+06	3.378560e+06	3.377440e+06	3.355300e+06	3.365620e+06	3.352040e+06	3.351700e+06	3.368640e+06	3.369380e+06	3.371600e+06	3.352200e+06	3.359920e+06	3.354720e+06	3.375700e+06	3.352060e+06	3.376800e+06	3.368460e+06	3.376340e+06	3.354500e+06	3.374200e+06	3.366680e+06	3.364920e+06	3.370400e+06	3.373860e+06	3.357040e+06	3.360560e+06	3.379280e+06	3.380660e+06	3.375180e+06	3.377160e+06	3.373740e+06	3.375560e+06	3.370820e+06	3.359400e+06	3.357500e+06	3.367620e+06	3.360600e+06	3.353460e+06	3.359780e+06	3.375280e+06	3.370200e+06	3.369040e+06	3.373220e+06	3.367200e+06	3.371480e+06	3.363980e+06
3.356080e+06	3.370480e+06	3.369680e+06	3.368920e+06	3.365720e+06	3.357860e+06	3.347780e+06	3.335140e+06	3.358060e+06	3.371960e+06	3.355740e+06	3.358400e+06	3.366640e+06	3.354360e+06	3.355480e+06	3.366320e+06	3.362580e+06	3.348760e+06	3.364620e+06	3.377180e+06	3.361740e+06	3.357480e+06	3.372480e+06	3.357800e+06	3.340880e+06	3.362400e+06	3.363420e+06	3.350060e+06	3.351840e+06	3.365480e+06	3.359280e+06	3.348040e+06	3.368000e+06	3.335220e+06	3.355540e+06	3.358580e+06	3.352760e+06	3.360240e+06	3.376300e+06	3.366760e+06	3.367260e+06	3.357360e+06	3.368000e+06	3.354660e+06	3.344420e+06	3.343380e+06	3.336000e+06	3.348720e+06	3.369100e+06	3.344360e+06	3.345680e+06	3.355760e+06	3.382120e+06	3.371960e+06	3.358400e+06	3.370620e+06	3.360020e+06	3.358760e+06	3.379660e+06	3.356520e+06	3.358040e+06	3.377220e+06	3.386360e+06	3.342240e+06	3.359340e+06	3.370140e+06	3.356240e+06	3.364840e+06	3.366420e+06	3.359720e+06	3.351940e+06	3.365540e+06	3.372360e+06	3.354440e+06	3.353180e+06	3.370240e+06
3.369820e+06	3.358240e+06	3.376900e+06	3.380680e+06	3.377900e+06	3.374920e+06	3.362620e+06	3.363100e+06	3.374040e+06	3.374900e+06	3.358620e+06	3.364160e+06	3.371200e+06	3.377720e+06	3.357240e+06	3.353700e+06	3.371700e+06	3.381840e+06	3.366640e+06	3.350160e+06	3.367660e+06	3.377020e+06	3.374760e+06	3.366320e+06	3.376460e+06	3.365040e+06	3.370180e+06	3.361940e+06	3.374000e+06	3.396740e+06	3.383480e+06	3.362520e+06	3.365420e+06	3.372020e+06	3.365740e+06	3.361160e+06	3.369980e+06	3.379380e+06	3.376520e+06	3.378420e+06	3.376240e+06	3.386680e+06	3.374200e+06	3.373780e+06	3.386160e+06	3.374760e+06	3.375700e+06	3.385520e+06	3.381800e+06	3.393900e+06	3.356500e+06	3.374980e+06	3.376960e+06	3.358880e+06	3.357140e+06	3.367140e+06	3.366820e+06	3.379560e+06	3.379080e+06	3.369740e+06	3.372040e+06	3.361780e+06	3.372920e+06	3.392520e+06	3.367040e+06	3.358220e+06	3.369420e+06	3.365620e+06	3.368360e+06	3.356320e+06	3.371220e+06	3.365920e+06	3.357260e+06	3.360920e+06	3.359920e+06	3.364000e+06
3.385300e+06	3.367340e+06	3.380720e+06	3.363580e+06	3.362700e+06	3.371120e+06	3.365660e+06	3.376340e+06	3.364860e+06	3.381660e+06	3.383640e+06	3.394520e+06	3.374540e+06	3.376380e+06	3.373420e+06	3.383160e+06	3.370000e+06	3.388180e+06	3.373240e+06	3.374320e+06	3.365460e+06	3.372100e+06	3.384780e+06	3.385180e+06	3.381240e+06	3.381900e+06	3.376480e+06	3.373580e+06	3.380660e+06	3.361360e+06	3.374800e+06	3.370700e+06	3.383760e+06	3.379680e+06	3.376960e+06	3.364680e+06	3.376100e+06	3.391120e+06	3.377580e+06	3.368960e+06	3.371920e+06	3.370540e+06	3.385460e+06	3.379500e+06	3.383240e+06	3.382420e+06	3.386440e+06	3.392400e+06	3.378600e+06	3.381440e+06	3.361600e+06	3.377860e+06	3.391640e+06	3.379600e+06	3.379960e+06	3.376080e+06	3.384060e+06	3.369120e+06	3.381620e+06	3.384640e+06	3.391300e+06	3.380780e+06	3.372340e+06	3.380100e+06	3.369380e+06	3.365440e+06	3.364600e+06	3.377000e+06	3.362500e+06	3.370800e+06	3.363900e+06	3.375940e+06	3.380400e+06	3.384060e+06	3.367280e+06	3.387600e+06
3.381400e+06	3.379240e+06	3.364400e+06	3.370700e+06	3.374320e+06	3.368900e+06	3.362020e+06	3.372060e+06	3.370680e+06	3.389140e+06	3.379100e+06	3.370140e+06	3.360500e+06	3.359700e+06	3.368940e+06	3.379180e+06	3.383760e+06	3.380360e+06	3.376900e+06	3.383640e+06	3.367720e+06	3.383800e+06	3.384680e+06	3.375400e+06	3.371900e+06	3.388320e+06	3.384800e+06	3.387100e+06	3.378980e+06	3.378420e+06	3.382320e+06	3.373180e+06	3.386300e+06	3.379200e+06	3.376300e+06	3.374440e+06	3.379060e+06	3.372280e+06	3.371000e+06	3.363620e+06	3.357500e+06	3.373740e+06	3.379460e+06	3.370740e+06	3.378840e+06	3.388420e+06	3.388760e+06	3.372900e+06	3.389360e+06	3.380900e+06	3.365820e+06	3.379780e+06	3.370260e+06	3.369500e+06	3.377460e+06	3.378620e+06	3.385040e+06	3.376680e+06	3.387240e+06	3.394280e+06	3.397000e+06	3.381260e+06	3.370840e+06	3.376520e+06	3.394300e+06	3.389680e+06	3.371080e+06	3.368040e+06	3.368000e+06	3.370200e+06	3.377080e+06	3.401780e+06	3.381200e+06	3.396440e+06	3.386520e+06	3.386940e+06
3.372260e+06	3.375140e+06	3.379200e+06	3.384100e+06	3.379140e+06	3.382120e+06	3.358760e+06	3.360140e+06	3.349680e+06	3.384360e+06	3.376280e+06	3.384400e+06	3.390960e+06	3.383540e+06	3.385180e+06	3.377120e+06	3.373800e+06	3.361540e+06	3.360020e+06	3.356100e+06	3.359480e+06	3.383080e+06	3.374360e+06	3.372020e+06	3.364020e+06	3.388080e+06	3.376560e+06	3.382880e+06	3.371140e+06	3.367580e+06	3.377820e+06	3.374100e+06	3.372140e+06	3.366540e+06	3.370940e+06	3.368340e+06	3.356160e+06	3.364700e+06	3.378260e+06	3.359280e+06	3.378840e+06	3.368300e+06	3.368580e+06	3.360220e+06	3.374360e+06	3.357000e+06	3.366520e+06	3.361360e+06	3.378540e+06	3.372620e+06	3.381980e+06	3.377660e+06	3.374660e+06	3.364240e+06	3.371760e+06	3.378820e+06	3.380580e+06	3.380840e+06	3.372680e+06	3.369480e+06	3.374820e+06	3.383540e+06	3.376040e+06	3.379600e+06	3.380720e+06	3.363300e+06	3.379800e+06	3.379380e+06	3.372860e+06	3.382840e+06	3.369440e+06	3.379140e+06	3.363340e+06	3.372220e+06	3.372240e+06	3.383620e+06
3.350500e+06	3.351900e+06	3.363380e+06	3.369520e+06	3.348740e+06	3.347620e+06	3.365000e+06	3.368720e+06	3.368540e+06	3.369200e+06	3.360780e+06	3.366660e+06	3.361160e+06	3.383680e+06	3.350540e+06	3.368560e+06	3.369680e+06	3.374260e+06	3.372300e+06	3.370920e+06	3.368780e+06	3.370120e+06	3.365460e+06	3.363920e+06	3.353760e+06	3.369140e+06	3.375020e+06	3.375580e+06	3.359900e+06	3.369760e+06	3.372140e+06	3.375220e+06	3.350660e+06	3.356380e+06	3.360660e+06	3.365960e+06	3.370180e+06	3.360820e+06	3.375560e+06	3.353780e+06	3.373260e+06	3.364640e+06	3.363680e+06	3.379060e+06	3.362620e+06	3.371640e+06	3.362660e+06	3.376900e+06	3.383920e+06	3.361120e+06	3.362100e+06	3.390100e+06	3.358260e+06	3.362780e+06	3.380380e+06	3.371140e+06	3.371300e+06	3.381180e+06	3.375260e+06	3.380600e+06	3.412260e+06	3.389100e+06	3.375680e+06	3.382820e+06	3.372820e+06	3.361500e+06	3.380220e+06	3.371740e+06	3.372520e+06	3.388340e+06	3.376500e+06	3.376260e+06	3.378600e+06	3.382060e+06	3.372700e+06	3.378700e+06
3.354580e+06	3.372880e+06	3.375120e+06	3.365820e+06	3.371520e+06	3.357440e+06	3.332940e+06	3.351620e+06	3.368840e+06	3.365160e+06	3.352200e+06	3.372580e+06	3.379200e+06	3.378040e+06	3.379840e+06	3.367260e+06	3.362540e+06	3.370520e+06	3.357460e+06	3.367440e+06	3.369160e+06	3.352300e+06	3.361440e+06	3.357180e+06	3.359400e+06	3.360880e+06	3.370320e+06	3.366540e+06	3.368900e+06	3.359060e+06	3.368100e+06	3.355280e+06	3.359680e+06	3.362320e+06	3.350560e+06	3.351140e+06	3.364280e+06	3.366120e+06	3.367260e+06	3.386620e+06	3.357220e+06	3.375620e+06	3.356560e+06	3.372060e+06	3.381980e+06	3.363180e+06	3.383740e+06	3.367820e+06	3.368860e+06	3.369460e+06	3.368440e+06	3.366360e+06	3.350840e+06	3.364460e+06	3.362300e+06	3.366500e+06	3.361680e+06	3.363700e+06	3.376680e+06	3.361740e+06	3.343000e+06	3.357600e+06	3.378780e+06	3.369100e+06	3.373440e+06	3.346800e+06	3.350520e+06	3.367980e+06	3.371520e+06	3.358440e+06	3.369820e+06	3.359960e+06	3.375320e+06	3.371320e+06	3.353620e+06	3.364280e+06
3.361980e+06	3.366040e+06	3.368440e+06	3.354380e+06	3.351780e+06	3.370120e+06	3.362220e+06	3.360960e+06	3.357620e+06	3.376860e+06	3.373540e+06	3.361060e+06	3.356720e+06	3.360060e+06	3.375700e+06	3.357820e+06	3.349660e+06	3.369220e+06	3.368020e+06	3.381900e+06	3.373740e+06	3.354980e+06	3.378940e+06	3.362760e+06	3.353860e+06	3.363760e+06	3.364100e+06	3.364800e+06	3.372520e+06	3.372860e+06	3.354560e+06	3.361820e+06	3.375860e+06	3.367460e+06	3.350400e+06	3.343000e+06	3.349660e+06	3.372120e+06	3.357220e+06	3.343700e+06	3.372540e+06	3.367520e+06	3.372440e+06	3.365580e+06	3.365140e+06	3.357700e+06	3.376420e+06	3.355180e+06	3.363300e+06	3.367340e+06	3.353580e+06	3.362640e+06	3.363900e+06	3.354500e+06	3.359400e+06	3.364600e+06	3.359660e+06	3.356080e+06	3.364660e+06	3.374020e+06	3.362820e+06	3.368960e+06	3.361680e+06	3.370240e+06	3.354580e+06	3.372300e+06	3.366660e+06	3.364200e+06	3.350160e+06	3.367360e+06	3.363380e+06	3.368240e+06	3.355840e+06	3.373420e+06	3.373700e+06	3.357960e+06
3.368080e+06	3.385120e+06	3.368500e+06	3.366680e+06	3.359020e+06	3.366100e+06	3.347120e+06	3.342980e+06	3.367460e+06	3.372720e+06	3.355280e+06	3.371080e+06	3.365540e+06	3.369380e+06	3.369220e+06	3.374500e+06	3.354880e+06	3.365320e+06	3.372080e+06	3.365820e+06	3.375660e+06	3.380240e+06	3.370600e+06	3.370380e+06	3.377780e+06	3.383320e+06	3.363580e+06	3.373100e+06	3.393580e+06	3.377620e+06	3.377940e+06	3.382280e+06	3.388580e+06	3.373020e+06	3.345080e+06	3.367720e+06	3.371840e+06	3.357860e+06	3.369760e+06	3.370940e+06	3.360320e+06	3.369140e+06	3.367680e+06	3.380800e+06	3.344180e+06	3.364600e+06	3.377900e+06	3.374400e+06	3.356500e+06	3.375020e+06	3.374740e+06	3.375600e+06	3.374580e+06	3.376460e+06	3.359240e+06	3.372480e+06	3.371420e+06	3.376580e+06	3.366960e+06	3.359440e+06	3.364720e+06	3.364740e+06	3.365000e+06	3.372820e+06	3.389440e+06	3.365720e+06	3.358060e+06	3.357620e+06	3.361800e+06	3.369720e+06	3.360400e+06	3.362520e+06	3.362480e+06	3.353020e+06	3.375120e+06	3.383360e+06
3.389560e+06	3.388020e+06	3.375400e+06	3.362320e+06	3.379380e+06	3.381680e+06	3.357440e+06	3.353180e+06	3.366060e+06	3.369500e+06	3.367080e+06	3.390600e+06	3.396320e+06	3.372740e+06	3.372140e+06	3.380520e+06	3.384860e+06	3.371700e+06	3.370460e+06	3.379440e+06	3.375860e+06	3.385720e+06	3.373360e+06	3.362880e+06	3.364500e+06	3.362840e+06	3.371300e+06	3.374240e+06	3.367340e+06	3.375400e+06	3.363100e+06	3.380700e+06	3.365560e+06	3.373680e+06	3.372500e+06	3.371400e+06	3.366040e+06	3.370760e+06	3.387440e+06	3.366980e+06	3.361140e+06	3.360220e+06	3.384120e+06	3.367200e+06	3.379700e+06	3.371480e+06	3.370240e+06	3.372520e+06	3.369600e+06	3.374160e+06	3.373040e+06	3.385160e+06	3.362600e+06	3.362920e+06	3.373800e+06	3.382540e+06	3.366460e+06	3.385800e+06	3.371660e+06	3.362640e+06	3.366320e+06	3.374720e+06	3.371960e+06	3.375440e+06	3.369820e+06	3.363880e+06	3.365960e+06	3.388480e+06	3.375120e+06	3.379220e+06	3.379940e+06	3.379840e+06	3.370820e+06	3.360260e+06	3.381620e+06	3.359740e+06
3.378340e+06	3.389420e+06	3.397680e+06	3.371800e+06	3.393820e+06	3.385740e+06	3.381200e+06	3.379700e+06	3.356760e+06	3.373860e+06	3.399200e+06	3.384580e+06	3.373780e+06	3.376980e+06	3.397520e+06	3.378680e+06	3.389080e+06	3.375220e+06	3.384920e+06	3.399640e+06	3.372920e+06	3.388220e+06	3.381740e+06	3.391740e+06	3.384080e+06	3.375760e+06	3.385680e+06	3.395120e+06	3.397840e+06	3.399160e+06	3.393380e+06	3.396160e+06	3.380980e+06	3.371220e+06	3.375800e+06	3.382900e+06	3.384020e+06	3.393900e+06	3.384680e+06	3.380880e+06	3.389780e+06	3.378480e+06	3.375200e+06	3.393960e+06	3.400280e+06	3.369300e+06	3.379760e+06	3.386260e+06	3.384660e+06	3.384280e+06	3.383440e+06	3.400640e+06	3.377640e+06	3.363700e+06	3.384760e+06	3.394360e+06	3.397400e+06	3.371080e+06	3.386720e+06	3.386740e+06	3.385560e+06	3.362080e+06	3.383880e+06	3.390700e+06	3.380980e+06	3.379920e+06	3.377480e+06	3.385400e+06	3.396840e+06	3.360120e+06	3.377340e+06	3.377100e+06	3.381220e+06	3.394640e+06	3.391880e+06	3.399800e+06
3.388180e+06	3.382600e+06	3.400260e+06	3.381340e+06	3.396020e+06	3.383240e+06	3.382500e+06	3.376120e+06	3.364940e+06	3.391000e+06	3.372100e+06	3.379920e+06	3.396640e+06	3.389520e+06	3.397520e+06	3.382020e+06	3.387360e+06	3.377800e+06	3.405800e+06	3.391640e+06	3.390060e+06	3.388460e+06	3.383360e+06	3.400620e+06	3.402420e+06	3.388420e+06	3.393420e+06	3.409360e+06	3.393800e+06	3.391620e+06	3.389420e+06	3.391500e+06	3.380580e+06	3.375120e+06	3.380320e+06	3.405160e+06	3.381140e+06	3.379560e+06	3.385880e+06	3.379120e+06	3.372740e+06	3.402400e+06	3.376200e+06	3.386400e+06	3.395940e+06	3.384020e+06	3.388900e+06	3.383460e+06	3.382600e+06	3.373880e+06	3.393220e+06	3.394340e+06	3.391460e+06	3.386100e+06	3.394620e+06	3.387900e+06	3.391820e+06	3.382240e+06	3.380900e+06	3.382620e+06	3.386580e+06	3.388980e+06	3.379580e+06	3.389300e+06	3.393560e+06	3.398340e+06	3.381520e+06	3.379280e+06	3.381140e+06	3.388100e+06	3.402560e+06	3.380700e+06	3.390820e+06	3.374200e+06	3.382940e+06	3.390560e+06
3.393000e+06	3.399420e+06	3.374340e+06	3.378620e+06	3.364380e+06	3.385460e+06	3.389620e+06	3.378140e+06	3.380760e+06	3.385340e+06	3.389160e+06	3.379400e+06	3.388800e+06	3.390840e+06	3.386360e+06	3.379140e+06	3.379920e+06	3.384720e+06	3.386820e+06	3.390320e+06	3.391400e+06	3.370420e+06	3.370640e+06	3.392680e+06	3.407620e+06	3.380640e+06	3.382240e+06	3.386320e+06	3.394880e+06	3.390060e+06	3.379560e+06	3.400040e+06	3.384720e+06	3.363260e+06	3.379620e+06	3.374100e+06	3.390140e+06	3.382880e+06	3.389160e+06	3.389960e+06	3.387880e+06	3.391040e+06	3.396440e+06	3.366880e+06	3.388880e+06	3.391460e+06	3.386720e+06	3.384920e+06	3.384740e+06	3.391940e+06	3.392840e+06	3.398520e+06	3.396840e+06	3.386900e+06	3.393040e+06	3.399640e+06	3.391080e+06	3.390220e+06	3.387300e+06	3.398460e+06	3.392160e+06	3.394940e+06	3.394020e+06	3.387600e+06	3.400020e+06	3.400140e+06	3.374840e+06	3.390580e+06	3.387560e+06	3.384680e+06	3.390760e+06	3.392220e+06	3.385700e+06	3.400600e+06	3.399740e+06	3.402460e+06
3.376300e+06	3.377980e+06	3.399180e+06	3.398480e+06	3.378840e+06	3.371660e+06	3.390440e+06	3.378380e+06	3.385380e+06	3.381960e+06	3.384720e+06	3.384660e+06	3.392700e+06	3.409720e+06	3.398460e+06	3.403640e+06	3.385300e+06	3.395560e+06	3.391680e+06	3.396360e+06	3.394920e+06	3.385880e+06	3.395900e+06	3.394300e+06	3.397040e+06	3.398000e+06	3.391400e+06	3.392760e+06	3.381800e+06	3.383920e+06	3.391840e+06	3.391920e+06	3.385580e+06	3.371220e+06	3.372620e+06	3.392020e+06	3.394160e+06	3.385720e+06	3.384060e+06	3.398420e+06	3.397960e+06	3.399800e+06	3.374140e+06	3.401300e+06	3.379460e+06	3.387840e+06	3.392480e+06	3.395660e+06	3.393340e+06	3.382680e+06	3.384420e+06	3.386720e+06	3.397820e+06	3.400360e+06	3.388160e+06	3.388280e+06	3.391980e+06	3.409240e+06	3.404080e+06	3.392140e+06	3.397540e+06	3.379300e+06	3.397380e+06	3.393660e+06	3.393580e+06	3.391040e+06	3.382720e+06	3.384540e+06	3.386080e+06	3.387180e+06	3.387280e+06	3.391240e+06	3.407300e+06	3.404460e+06	3.388180e+06	3.401200e+06
3.395500e+06	3.397780e+06	3.382180e+06	3.380240e+06	3.392440e+06	3.397380e+06	3.409080e+06	3.373020e+06	3.376960e+06	3.389900e+06	3.386420e+06	3.398240e+06	3.398600e+06	3.396920e+06	3.403140e+06	3.396140e+06	3.381380e+06	3.388720e+06	3.400380e+06	3.386100e+06	3.381800e+06	3.391120e+06	3.387920e+06	3.381820e+06	3.386800e+06	3.397600e+06	3.395520e+06	3.378280e+06	3.386680e+06	3.377480e+06	3.405280e+06	3.388160e+06	3.390660e+06	3.389740e+06	3.387120e+06	3.367400e+06	3.373240e+06	3.392060e+06	3.390680e+06	3.380360e+06	3.383920e+06	3.391660e+06	3.387780e+06	3.387540e+06	3.403060e+06	3.390960e+06	3.403600e+06	3.393500e+06	3.378020e+06	3.384000e+06	3.395840e+06	3.397120e+06	3.383620e+06	3.395760e+06	3.396260e+06	3.400120e+06	3.380080e+06	3.382740e+06	3.385100e+06	3.397220e+06	3.388940e+06	3.395540e+06	3.395740e+06	3.385840e+06	3.396780e+06	3.394920e+06	3.381220e+06	3.387420e+06	3.383520e+06	3.387600e+06	3.381200e+06	3.397700e+06	3.385300e+06	3.385780e+06	3.395040e+06	3.381300e+06
3.378100e+06	3.387500e+06	3.378900e+06	3.386980e+06	3.382380e+06	3.373960e+06	3.384640e+06	3.381120e+06	3.382260e+06	3.389540e+06	3.395180e+06	3.375240e+06	3.384400e+06	3.397900e+06	3.394860e+06	3.392320e+06	3.385340e+06	3.373900e+06	3.392700e+06	3.394500e+06	3.388200e+06	3.383040e+06	3.388640e+06	3.370520e+06	3.385200e+06	3.370680e+06	3.400940e+06	3.393720e+06	3.390620e+06	3.389800e+06	3.388300e+06	3.386340e+06	3.384260e+06	3.373420e+06	3.376320e+06	3.371880e+06	3.380040e+06	3.387280e+06	3.392600e+06	3.384560e+06	3.384720e+06	3.372120e+06	3.388480e+06	3.387720e+06	3.389260e+06	3.379660e+06	3.396940e+06	3.396180e+06	3.400940e+06	3.389260e+06	3.392800e+06	3.391720e+06	3.385880e+06	3.400860e+06	3.390980e+06	3.391120e+06	3.390200e+06	3.399320e+06	3.384480e+06	3.373280e+06	3.378180e+06	3.398480e+06	3.399860e+06	3.390080e+06	3.394400e+06	3.377220e+06	3.384820e+06	3.379580e+06	3.377600e+06	3.378860e+06	3.393080e+06	3.392200e+06	3.381500e+06	3.386880e+06	3.385440e+06	3.376240e+06
3.397740e+06	3.396820e+06	3.378040e+06	3.403320e+06	3.394320e+06	3.384320e+06	3.383900e+06	3.389180e+06	3.376420e+06	3.394080e+06	3.396480e+06	3.391660e+06	3.385780e+06	3.402080e+06	3.385940e+06	3.390560e+06	3.392540e+06	3.381600e+06	3.405220e+06	3.384340e+06	3.386100e+06	3.368420e+06	3.375400e+06	3.407580e+06	3.398640e+06	3.393380e+06	3.372580e+06	3.384440e+06	3.385600e+06	3.388760e+06	3.391700e+06	3.371820e+06	3.388260e+06	3.389480e+06	3.379780e+06	3.384480e+06	3.381120e+06	3.396680e+06	3.398560e+06	3.382120e+06	3.381140e+06	3.381820e+06	3.409380e+06	3.391480e+06	3.385180e+06	3.386220e+06	3.408260e+06	3.387780e+06	3.399220e+06	3.395500e+06	3.398500e+06	3.404400e+06	3.401260e+06	3.382240e+06	3.392860e+06	3.397540e+06	3.382820e+06	3.391980e+06	3.409560e+06	3.394660e+06	3.386340e+06	3.385300e+06	3.380160e+06	3.379400e+06	3.387560e+06	3.385700e+06	3.360360e+06	3.378220e+06	3.387220e+06	3.387760e+06	3.390340e+06	3.391700e+06	3.388320e+06	3.388560e+06	3.396540e+06	3.396580e+06
3.381720e+06	3.385520e+06	3.389240e+06	3.381780e+06	3.382820e+06	3.398900e+06	3.396460e+06	3.361380e+06	3.365740e+06	3.388020e+06	3.380420e+06	3.368080e+06	3.383440e+06	3.380300e+06	3.389300e+06	3.399440e+06	3.398260e+06	3.385940e+06	3.393120e+06	3.386560e+06	3.394720e+06	3.391280e+06	3.388800e+06	3.386580e+06	3.392040e+06	3.396700e+06	3.398060e+06	3.397200e+06	3.395940e+06	3.393980e+06	3.400700e+06	3.388520e+06	3.400520e+06	3.406960e+06	3.377440e+06	3.384380e+06	3.393940e+06	3.405280e+06	3.398220e+06	3.385120e+06	3.394260e+06	3.383060e+06	3.390580e+06	3.399080e+06	3.393160e+06	3.390520e+06	3.393120e+06	3.391300e+06	3.391120e+06	3.388400e+06	3.394680e+06	3.387580e+06	3.374480e+06	3.394580e+06	3.393440e+06	3.376320e+06	3.383380e+06	3.391200e+06	3.390600e+06	3.396240e+06	3.377420e+06	3.385840e+06	3.388060e+06	3.386100e+06	3.382820e+06	3.378260e+06	3.370360e+06	3.373000e+06	3.375820e+06	3.379200e+06	3.380720e+06	3.374120e+06	3.381240e+06	3.394300e+06	3.393140e+06	3.393380e+06
3.386180e+06	3.388140e+06	3.389560e+06	3.387140e+06	3.394160e+06	3.388460e+06	3.376920e+06	3.377020e+06	3.379360e+06	3.372940e+06	3.391340e+06	3.390100e+06	3.380380e+06	3.399260e+06	3.390200e+06	3.388000e+06	3.383040e+06	3.402540e+06	3.395140e+06	3.375500e+06	3.377360e+06	3.379000e+06	3.380440e+06	3.383420e+06	3.393220e+06	3.389220e+06	3.384580e+06	3.388640e+06	3.395020e+06	3.379620e+06	3.386860e+06	3.386600e+06	3.375380e+06	3.365940e+06	3.368600e+06	3.366440e+06	3.375780e+06	3.394240e+06	3.389620e+06	3.386920e+06	3.391040e+06	3.383840e+06	3.388040e+06	3.381560e+06	3.403320e+06	3.375980e+06	3.378080e+06	3.384240e+06	3.396380e+06	3.366620e+06	3.392420e+06	3.389080e+06	3.373700e+06	3.375720e+06	3.387200e+06	3.386800e+06	3.390100e+06	3.394440e+06	3.398300e+06	3.380000e+06	3.394600e+06	3.384360e+06	3.379560e+06	3.382420e+06	3.384120e+06	3.374780e+06	3.374740e+06	3.394100e+06	3.375700e+06	3.377400e+06	3.391780e+06	3.395960e+06	3.383500e+06	3.388820e+06	3.401880e+06	3.384000e+06
3.390160e+06	3.389900e+06	3.383580e+06	3.377580e+06	3.404700e+06	3.377280e+06	3.381280e+06	3.385060e+06	3.375640e+06	3.388620e+06	3.390880e+06	3.388800e+06	3.388980e+06	3.384840e+06	3.389220e+06	3.394980e+06	3.381640e+06	3.390960e+06	3.379740e+06	3.386620e+06	3.385080e+06	3.387240e+06	3.398880e+06	3.374300e+06	3.395180e+06	3.400280e+06	3.384420e+06	3.378460e+06	3.390060e+06	3.394560e+06	3.378680e+06	3.383560e+06	3.373720e+06	3.384260e+06	3.377060e+06	3.380460e+06	3.380480e+06	3.393540e+06	3.380960e+06	3.374500e+06	3.383760e+06	3.376560e+06	3.379560e+06	3.383980e+06	3.389220e+06	3.409580e+06	3.392540e+06	3.392400e+06	3.393840e+06	3.399540e+06	3.377760e+06	3.381340e+06	3.379860e+06	3.386260e+06	3.391600e+06	3.377520e+06	3.386080e+06	3.385580e+06	3.374780e+06	3.377920e+06	3.390800e+06	3.391120e+06	3.379100e+06	3.371120e+06	3.388940e+06	3.401000e+06	3.384440e+06	3.369420e+06	3.393640e+06	3.380400e+06	3.381860e+06	3.387700e+06	3.382920e+06	3.388480e+06	3.394760e+06	3.390060e+06
3.384860e+06	3.385720e+06	3.390420e+06	3.390180e+06	3.390360e+06	3.387120e+06	3.380520e+06	3.375340e+06	3.382740e+06	3.399640e+06	3.395000e+06	3.384880e+06	3.378440e+06	3.395720e+06	3.395860e+06	3.409740e+06	3.394860e+06	3.389500e+06	3.374100e+06	3.385720e+06	3.403300e+06	3.381300e+06	3.379460e+06	3.400140e+06	3.397460e+06	3.386720e+06	3.386620e+06	3.373800e+06	3.378700e+06	3.364640e+06	3.386840e+06	3.381200e+06	3.390340e+06	3.387440e+06	3.366820e+06	3.364320e+06	3.376080e+06	3.385060e+06	3.384800e+06	3.378020e+06	3.376760e+06	3.382680e+06	3.393420e+06	3.382680e+06	3.393220e+06	3.389460e+06	3.390380e+06	3.384740e+06	3.388380e+06	3.383140e+06	3.375780e+06	3.384400e+06	3.373680e+06	3.387780e+06	3.391880e+06	3.384200e+06	3.388820e+06	3.392160e+06	3.375680e+06	3.390300e+06	3.388680e+06	3.373760e+06	3.367760e+06	3.374960e+06	3.380960e+06	3.379380e+06	3.365480e+06	3.356980e+06	3.376580e+06	3.397800e+06	3.392360e+06	3.369980e+06	3.379740e+06	3.388640e+06	3.386320e+06	3.381160e+06
3.389180e+06	3.406040e+06	3.391600e+06	3.400960e+06	3.383600e+06	3.397560e+06	3.377820e+06	3.397440e+06	3.385380e+06	3.397080e+06	3.387800e+06	3.379980e+06	3.389660e+06	3.382360e+06	3.393540e+06	3.389060e+06	3.405200e+06	3.407320e+06	3.409140e+06	3.412200e+06	3.406280e+06	3.397280e+06	3.393360e+06	3.399720e+06	3.400980e+06	3.399240e+06	3.396140e+06	3.388600e+06	3.403820e+06	3.409260e+06	3.408700e+06	3.410040e+06	3.397220e+06	3.399800e+06	3.395720e+06	3.377400e+06	3.394440e+06	3.407600e+06	3.388240e+06	3.386660e+06	3.389760e+06	3.374380e+06	3.407920e+06	3.400440e+06	3.391400e+06	3.404680e+06	3.388780e+06	3.396700e+06	3.387780e+06	3.400680e+06	3.404740e+06	3.396300e+06	3.400140e+06	3.400320e+06	3.387980e+06	3.406460e+06	3.400040e+06	3.395860e+06	3.403900e+06	3.403400e+06	3.420420e+06	3.407900e+06	3.401800e+06	3.398720e+06	3.391540e+06	3.402020e+06	3.383320e+06	3.394840e+06	3.387360e+06	3.392320e+06	3.392060e+06	3.405100e+06	3.410200e+06	3.401320e+06	3.380840e+06	3.390940e+06
3.402220e+06	3.390320e+06	3.397800e+06	3.405440e+06	3.379820e+06	3.393800e+06	3.403240e+06	3.386060e+06	3.390480e+06	3.407900e+06	3.397820e+06	3.391520e+06	3.388260e+06	3.389720e+06	3.396840e+06	3.395360e+06	3.407360e+06	3.386480e+06	3.399320e+06	3.389840e+06	3.386920e+06	3.395780e+06	3.392340e+06	3.384080e+06	3.396740e+06	3.402880e+06	3.397880e+06	3.407300e+06	3.387100e+06	3.397380e+06	3.408520e+06	3.405760e+06	3.380240e+06	3.398720e+06	3.390800e+06	3.396680e+06	3.394060e+06	3.416380e+06	3.385320e+06	3.386780e+06	3.390940e+06	3.397260e+06	3.389140e+06	3.392060e+06	3.391120e+06	3.396320e+06	3.402360e+06	3.402360e+06	3.410940e+06	3.405800e+06	3.391280e+06	3.385840e+06	3.387620e+06	3.401580e+06	3.386140e+06	3.394900e+06	3.387840e+06	3.401760e+06	3.394580e+06	3.390440e+06	3.385280e+06	3.397220e+06	3.414080e+06	3.415460e+06	3.396380e+06	3.387940e+06	3.400840e+06	3.396580e+06	3.392060e+06	3.406280e+06	3.401080e+06	3.398880e+06	3.404100e+06	3.406000e+06	3.387720e+06	3.409920e+06
3.406600e+06	3.409960e+06	3.394300e+06	3.393100e+06	3.393120e+06	3.396420e+06	3.392100e+06	3.386240e+06	3.391420e+06	3.402800e+06	3.391620e+06	3.411040e+06	3.399200e+06	3.418420e+06	3.392700e+06	3.401340e+06	3.408260e+06	3.410620e+06	3.413840e+06	3.389540e+06	3.409440e+06	3.399300e+06	3.413360e+06	3.388960e+06	3.382220e+06	3.409600e+06	3.410760e+06	3.397000e+06	3.405620e+06	3.407600e+06	3.418320e+06	3.403400e+06	3.391120e+06	3.382780e+06	3.389180e+06	3.381180e+06	3.394900e+06	3.386960e+06	3.386400e+06	3.413220e+06	3.400160e+06	3.401080e+06	3.383200e+06	3.399020e+06	3.396760e+06	3.391720e+06	3.374080e+06	3.387480e+06	3.391760e+06	3.390080e+06	3.394220e+06	3.391140e+06	3.408960e+06	3.406920e+06	3.411740e+06	3.397240e+06	3.392760e+06	3.393600e+06	3.400100e+06	3.393600e+06	3.392700e+06	3.390760e+06	3.388020e+06	3.393620e+06	3.401140e+06	3.391740e+06	3.395820e+06	3.391760e+06	3.401400e+06	3.403280e+06	3.413940e+06	3.395460e+06	3.388520e+06	3.410400e+06	3.411560e+06	3.416380e+06
3.403320e+06	3.421400e+06	3.398300e+06	3.405160e+06	3.413760e+06	3.427480e+06	3.398300e+06	3.399060e+06	3.395800e+06	3.403400e+06	3.427640e+06	3.400980e+06	3.420460e+06	3.419260e+06	3.417880e+06	3.417420e+06	3.409480e+06	3.412700e+06	3.403500e+06	3.399560e+06	3.402400e+06	3.408480e+06	3.418600e+06	3.417740e+06	3.414400e+06	3.409760e+06	3.398080e+06	3.411880e+06	3.398000e+06	3.405140e+06	3.414100e+06	3.418520e+06	3.405240e+06	3.410680e+06	3.413520e+06	3.412580e+06	3.406360e+06	3.401980e+06	3.398960e+06	3.395520e+06	3.390740e+06	3.414100e+06	3.418580e+06	3.414740e+06	3.408800e+06	3.397160e+06	3.407400e+06	3.411260e+06	3.408560e+06	3.414240e+06	3.397240e+06	3.412280e+06	3.416760e+06	3.402400e+06	3.417040e+06	3.399000e+06	3.411760e+06	3.421260e+06	3.421840e+06	3.403520e+06	3.409680e+06	3.410720e+06	3.409220e+06	3.413080e+06	3.402420e+06	3.408640e+06	3.404200e+06	3.385820e+06	3.398060e+06	3.421180e+06	3.406980e+06	3.406760e+06	3.402660e+06	3.415180e+06	3.396280e+06	3.410620e+06
3.403220e+06	3.391860e+06	3.402700e+06	3.412200e+06	3.408400e+06	3.416840e+06	3.414580e+06	3.389460e+06	3.382820e+06	3.403240e+06	3.405460e+06	3.414000e+06	3.404140e+06	3.403660e+06	3.410460e+06	3.420680e+06	3.393740e+06	3.411820e+06	3.406480e+06	3.391140e+06	3.402560e+06	3.405660e+06	3.421100e+06	3.406440e+06	3.405120e+06	3.402280e+06	3.420780e+06	3.414500e+06	3.396580e+06	3.396560e+06	3.406800e+06	3.409280e+06	3.409000e+06	3.414720e+06	3.406780e+06	3.405840e+06	3.402200e+06	3.405500e+06	3.397520e+06	3.406580e+06	3.413660e+06	3.397100e+06	3.399660e+06	3.423180e+06	3.422360e+06	3.394360e+06	3.397320e+06	3.393560e+06	3.405300e+06	3.411020e+06	3.421880e+06	3.384740e+06	3.399040e+06	3.409200e+06	3.425760e+06	3.412660e+06	3.392900e+06	3.409300e+06	3.409120e+06	3.425180e+06	3.417860e+06	3.423900e+06	3.416860e+06	3.400780e+06	3.426240e+06	3.408400e+06	3.403200e+06	3.404260e+06	3.399240e+06	3.403920e+06	3.402420e+06	3.415080e+06	3.400880e+06	3.405640e+06	3.412660e+06	3.406340e+06
3.394240e+06	3.403620e+06	3.403040e+06	3.394540e+06	3.390880e+06	3.397700e+06	3.407440e+06	3.389580e+06	3.409220e+06	3.399720e+06	3.413680e+06	3.396340e+06	3.396780e+06	3.387100e+06	3.398460e+06	3.396420e+06	3.383140e+06	3.391020e+06	3.403620e+06	3.396200e+06	3.406360e+06	3.413940e+06	3.395120e+06	3.401840e+06	3.414400e+06	3.420900e+06	3.401620e+06	3.400260e+06	3.403460e+06	3.406560e+06	3.410440e+06	3.404820e+06	3.370700e+06	3.386580e+06	3.411740e+06	3.399540e+06	3.380840e+06	3.395600e+06	3.414780e+06	3.411860e+06	3.400020e+06	3.396480e+06	3.403800e+06	3.396400e+06	3.407400e+06	3.413140e+06	3.387180e+06	3.399940e+06	3.412520e+06	3.401440e+06	3.395560e+06	3.387560e+06	3.400080e+06	3.397920e+06	3.404560e+06	3.414600e+06	3.419500e+06	3.401680e+06	3.408980e+06	3.415180e+06	3.393840e+06	3.409700e+06	3.399480e+06	3.400440e+06	3.395200e+06	3.401140e+06	3.403440e+06	3.390600e+06	3.384240e+06	3.401980e+06	3.412640e+06	3.390880e+06	3.387700e+06	3.403020e+06	3.401420e+06	3.393300e+06
3.390600e+06	3.396160e+06	3.407820e+06	3.396820e+06	3.403400e+06	3.388520e+06	3.397620e+06	3.397620e+06	3.390340e+06	3.411340e+06	3.388320e+06	3.395780e+06	3.401480e+06	3.382620e+06	3.400560e+06	3.391300e+06	3.386540e+06	3.395360e+06	3.400480e+06	3.391900e+06	3.395820e+06	3.401100e+06	3.387480e+06	3.390540e+06	3.405460e+06	3.405180e+06	3.386220e+06	3.402220e+06	3.411200e+06	3.390220e+06	3.396580e+06	3.393320e+06	3.408320e+06	3.387100e+06	3.382780e+06	3.398280e+06	3.379720e+06	3.388660e+06	3.399820e+06	3.385680e+06	3.389660e+06	3.396660e+06	3.387200e+06	3.389120e+06	3.392860e+06	3.406600e+06	3.385580e+06	3.398960e+06	3.427400e+06	3.408080e+06	3.400780e+06	3.392440e+06	3.406180e+06	3.389240e+06	3.384460e+06	3.396340e+06	3.406580e+06	3.400120e+06	3.389660e+06	3.400220e+06	3.390120e+06	3.416860e+06	3.394320e+06	3.391080e+06	3.390160e+06	3.390140e+06	3.392460e+06	3.384160e+06	3.397140e+06	3.388260e+06	3.395980e+06	3.391360e+06	3.398900e+06	3.397380e+06	3.417300e+06	3.395320e+06
3.389960e+06	3.392440e+06	3.384500e+06	3.383080e+06	3.411240e+06	3.403200e+06	3.391240e+06	3.379760e+06	3.380320e+06	3.395820e+06	3.399120e+06	3.388960e+06	3.401140e+06	3.414660e+06	3.421300e+06	3.405960e+06	3.398680e+06	3.401860e+06	3.409680e+06	3.407460e+06	3.399200e+06	3.396740e+06	3.406200e+06	3.414160e+06	3.387880e+06	3.413320e+06	3.423480e+06	3.406140e+06	3.404960e+06	3.415740e+06	3.392280e+06	3.390300e+06	3.394660e+06	3.405660e+06	3.405640e+06	3.385680e+06	3.388160e+06	3.404080e+06	3.402740e+06	3.406100e+06	3.401200e+06	3.410140e+06	3.390080e+06	3.393560e+06	3.394700e+06	3.411180e+06	3.410940e+06	3.425420e+06	3.403320e+06	3.385760e+06	3.402660e+06	3.414720e+06	3.407960e+06	3.399980e+06	3.410060e+06	3.424620e+06	3.406420e+06	3.399860e+06	3.399520e+06	3.408380e+06	3.394320e+06	3.392840e+06	3.387720e+06	3.410340e+06	3.399340e+06	3.410320e+06	3.386960e+06	3.392340e+06	3.394740e+06	3.400660e+06	3.407040e+06	3.400280e+06	3.402780e+06	3.400600e+06	3.392000e+06	3.385880e+06
3.401900e+06	3.400540e+06	3.401500e+06	3.394020e+06	3.401960e+06	3.394140e+06	3.380380e+06	3.389560e+06	3.389800e+06	3.397940e+06	3.405240e+06	3.392780e+06	3.383280e+06	3.393820e+06	3.395820e+06	3.397280e+06	3.398400e+06	3.410760e+06	3.406280e+06	3.402080e+06	3.392420e+06	3.383180e+06	3.404240e+06	3.387720e+06	3.388480e+06	3.391380e+06	3.391280e+06	3.402160e+06	3.402040e+06	3.403240e+06	3.403460e+06	3.397160e+06	3.405040e+06	3.389120e+06	3.403980e+06	3.389820e+06	3.390740e+06	3.396100e+06	3.398800e+06	3.401320e+06	3.387760e+06	3.393560e+06	3.397620e+06	3.399540e+06	3.392180e+06	3.408560e+06	3.396600e+06	3.395820e+06	3.397480e+06	3.397760e+06	3.392440e+06	3.405760e+06	3.406400e+06	3.397420e+06	3.399820e+06	3.397720e+06	3.383740e+06	3.383680e+06	3.393000e+06	3.401200e+06	3.393260e+06	3.403360e+06	3.401720e+06	3.407480e+06	3.391420e+06	3.378800e+06	3.381220e+06	3.399420e+06	3.393640e+06	3.378780e+06	3.401260e+06	3.391740e+06	3.410420e+06	3.406120e+06	3.414320e+06	3.383460e+06
3.411960e+06	3.391740e+06	3.390480e+06	3.405980e+06	3.398100e+06	3.415680e+06	3.401720e+06	3.391100e+06	3.389820e+06	3.401120e+06	3.400940e+06	3.416620e+06	3.408660e+06	3.387500e+06	3.395080e+06	3.411580e+06	3.412340e+06	3.402780e+06	3.402460e+06	3.389480e+06	3.379840e+06	3.396560e+06	3.382560e+06	3.379480e+06	3.397680e+06	3.401100e+06	3.391800e+06	3.409300e+06	3.396560e+06	3.399560e+06	3.398760e+06	3.402000e+06	3.394900e+06	3.393860e+06	3.403520e+06	3.394180e+06	3.399520e+06	3.392860e+06	3.398260e+06	3.404900e+06	3.397500e+06	3.397520e+06	3.415980e+06	3.410060e+06	3.403740e+06	3.398020e+06	3.397980e+06	3.400580e+06	3.398580e+06	3.394940e+06	3.404540e+06	3.392060e+06	3.395620e+06	3.417700e+06	3.403040e+06	3.394240e+06	3.388880e+06	3.397880e+06	3.400600e+06	3.407520e+06	3.390400e+06	3.411440e+06	3.402460e+06	3.395860e+06	3.394920e+06	3.393100e+06	3.392820e+06	3.393960e+06	3.396880e+06	3.403740e+06	3.400040e+06	3.408420e+06	3.386780e+06	3.394020e+06	3.402560e+06	3.394600e+06
3.405880e+06	3.403040e+06	3.408900e+06	3.410820e+06	3.396320e+06	3.400860e+06	3.408020e+06	3.397480e+06	3.403960e+06	3.403440e+06	3.401120e+06	3.419100e+06	3.395460e+06	3.410420e+06	3.396960e+06	3.417300e+06	3.402920e+06	3.403380e+06	3.409100e+06	3.407380e+06	3.405740e+06	3.401980e+06	3.397300e+06	3.383460e+06	3.404260e+06	3.413660e+06	3.399980e+06	3.403180e+06	3.398780e+06	3.389600e+06	3.412700e+06	3.407320e+06	3.401800e+06	3.399360e+06	3.389340e+06	3.388160e+06	3.407260e+06	3.405060e+06	3.397000e+06	3.386940e+06	3.405460e+06	3.406360e+06	3.418880e+06	3.396580e+06	3.410620e+06	3.415020e+06	3.405220e+06	3.414740e+06	3.395460e+06	3.390100e+06	3.411760e+06	3.398820e+06	3.402140e+06	3.393120e+06	3.397220e+06	3.415700e+06	3.402420e+06	3.398060e+06	3.398820e+06	3.406660e+06	3.411760e+06	3.401440e+06	3.386220e+06	3.402320e+06	3.403720e+06	3.411200e+06	3.400060e+06	3.403800e+06	3.382720e+06	3.398120e+06	3.405540e+06	3.399640e+06	3.405200e+06	3.408160e+06	3.410760e+06	3.410260e+06
3.415580e+06	3.411240e+06	3.413880e+06	3.406160e+06	3.401220e+06	3.426560e+06	3.390980e+06	3.388340e+06	3.385460e+06	3.405140e+06	3.409320e+06	3.395220e+06	3.396780e+06	3.404680e+06	3.415780e+06	3.411960e+06	3.401200e+06	3.407020e+06	3.412340e+06	3.398820e+06	3.413160e+06	3.394400e+06	3.410780e+06	3.407400e+06	3.394860e+06	3.389980e+06	3.401360e+06	3.419100e+06	3.410800e+06	3.416620e+06	3.404800e+06	3.392720e+06	3.404420e+06	3.418640e+06	3.402480e+06	3.399660e+06	3.401440e+06	3.402860e+06	3.403220e+06	3.405060e+06	3.396640e+06	3.391780e+06	3.413340e+06	3.387860e+06	3.412240e+06	3.406080e+06	3.408080e+06	3.402840e+06	3.418560e+06	3.413400e+06	3.407200e+06	3.408540e+06	3.408740e+06	3.421300e+06	3.414380e+06	3.403120e+06	3.388860e+06	3.408320e+06	3.408260e+06	3.417340e+06	3.410560e+06	3.390260e+06	3.397060e+06	3.399940e+06	3.415400e+06	3.407340e+06	3.398540e+06	3.393980e+06	3.408460e+06	3.411260e+06	3.410320e+06	3.410340e+06	3.405040e+06	3.418260e+06	3.405500e+06	3.407000e+06
3.405260e+06	3.398700e+06	3.390760e+06	3.392120e+06	3.404020e+06	3.401000e+06	3.405400e+06	3.403260e+06	3.392200e+06	3.421260e+06	3.411420e+06	3.405040e+06	3.419360e+06	3.409580e+06	3.392680e+06	3.395620e+06	3.412720e+06	3.403540e+06	3.403840e+06	3.397000e+06	3.402060e+06	3.394200e+06	3.401260e+06	3.407560e+06	3.402400e+06	3.406240e+06	3.402580e+06	3.401640e+06	3.407340e+06	3.402460e+06	3.399980e+06	3.391520e+06	3.399220e+06	3.410180e+06	3.398060e+06	3.386740e+06	3.392520e+06	3.399640e+06	3.410600e+06	3.411560e+06	3.387940e+06	3.401640e+06	3.401080e+06	3.421960e+06	3.411260e+06	3.404640e+06	3.398660e+06	3.405740e+06	3.401600e+06	3.412720e+06	3.413920e+06	3.397040e+06	3.392260e+06	3.391120e+06	3.402920e+06	3.394920e+06	3.386360e+06	3.391120e+06	3.397480e+06	3.397100e+06	3.404600e+06	3.397440e+06	3.406740e+06	3.421460e+06	3.409220e+06	3.396520e+06	3.383160e+06	3.401420e+06	3.396420e+06	3.401740e+06	3.409260e+06	3.410700e+06	3.412540e+06	3.411840e+06	3.391660e+06	3.398160e+06
3.401420e+06	3.404100e+06	3.400240e+06	3.415620e+06	3.409400e+06	3.418880e+06	3.399680e+06	3.399420e+06	3.408400e+06	3.396100e+06	3.404040e+06	3.406800e+06	3.412300e+06	3.394380e+06	3.399520e+06	3.397160e+06	3.396480e+06	3.394620e+06	3.398100e+06	3.407860e+06	3.395520e+06	3.410920e+06	3.406740e+06	3.416580e+06	3.402180e+06	3.397240e+06	3.389360e+06	3.415520e+06	3.397080e+06	3.399200e+06	3.408780e+06	3.417340e+06	3.413380e+06	3.402200e+06	3.412180e+06	3.389180e+06	3.399760e+06	3.392680e+06	3.401660e+06	3.406360e+06	3.417500e+06	3.407040e+06	3.390060e+06	3.391600e+06	3.406040e+06	3.403960e+06	3.397360e+06	3.393800e+06	3.396120e+06	3.414580e+06	3.408500e+06	3.382560e+06	3.395500e+06	3.411700e+06	3.399720e+06	3.399620e+06	3.405780e+06	3.408260e+06	3.404040e+06	3.411300e+06	3.405300e+06	3.390900e+06	3.392540e+06	3.397880e+06	3.401320e+06	3.408760e+06	3.416200e+06	3.394500e+06	3.401820e+06	3.388920e+06	3.397580e+06	3.391360e+06	3.391280e+06	3.401060e+06	3.404940e+06	3.408160e+06
3.393100e+06	3.406380e+06	3.401000e+06	3.399100e+06	3.406440e+06	3.413920e+06	3.404580e+06	3.410640e+06	3.395060e+06	3.410580e+06	3.403760e+06	3.412420e+06	3.399160e+06	3.386060e+06	3.406540e+06	3.423200e+06	3.413580e+06	3.395180e+06	3.402340e+06	3.409900e+06	3.411060e+06	3.411720e+06	3.421660e+06	3.425880e+06	3.420440e+06	3.414100e+06	3.422740e+06	3.398120e+06	3.411660e+06	3.424400e+06	3.405020e+06	3.410100e+06	3.414480e+06	3.391200e+06	3.411840e+06	3.393160e+06	3.417240e+06	3.416100e+06	3.416680e+06	3.400600e+06	3.408640e+06	3.405160e+06	3.413920e+06	3.398940e+06	3.398000e+06	3.413820e+06	3.417180e+06	3.405400e+06	3.424660e+06	3.410580e+06	3.406300e+06	3.404060e+06	3.418280e+06	3.399760e+06	3.404640e+06	3.400080e+06	3.393960e+06	3.405700e+06	3.418540e+06	3.403700e+06	3.394080e+06	3.407480e+06	3.424060e+06	3.420500e+06	3.424040e+06	3.397980e+06	3.402440e+06	3.405200e+06	3.395960e+06	3.403140e+06	3.400100e+06	3.420380e+06	3.430220e+06	3.388280e+06	3.392520e+06	3.408200e+06
3.412040e+06	3.427120e+06	3.425620e+06	3.422780e+06	3.422180e+06	3.425080e+06	3.416240e+06	3.405300e+06	3.410260e+06	3.436060e+06	3.433160e+06	3.429700e+06	3.428820e+06	3.435300e+06	3.419780e+06	3.426580e+06	3.409840e+06	3.430180e+06	3.405560e+06	3.413300e+06	3.417460e+06	3.408640e+06	3.418080e+06	3.413380e+06	3.414740e+06	3.417800e+06	3.402380e+06	3.418840e+06	3.408140e+06	3.399960e+06	3.414700e+06	3.414760e+06	3.415080e+06	3.407040e+06	3.399660e+06	3.420660e+06	3.419060e+06	3.408100e+06	3.405680e+06	3.417000e+06	3.406900e+06	3.408060e+06	3.414220e+06	3.433320e+06	3.421940e+06	3.423340e+06	3.414900e+06	3.417840e+06	3.443140e+06	3.407740e+06	3.409260e+06	3.424940e+06	3.431780e+06	3.400100e+06	3.414480e+06	3.415460e+06	3.401700e+06	3.421620e+06	3.402940e+06	3.400420e+06	3.415160e+06	3.435240e+06	3.415040e+06	3.401320e+06	3.420840e+06	3.421700e+06	3.408360e+06	3.399140e+06	3.405560e+06	3.393880e+06	3.402300e+06	3.425140e+06	3.422400e+06	3.393480e+06	3.396760e+06	3.401720e+06
3.441480e+06	3.437740e+06	3.416600e+06	3.426580e+06	3.427900e+06	3.432520e+06	3.420000e+06	3.418580e+06	3.431520e+06	3.444280e+06	3.433720e+06	3.436280e+06	3.430580e+06	3.423180e+06	3.445960e+06	3.433060e+06	3.432260e+06	3.433160e+06	3.433040e+06	3.431020e+06	3.431060e+06	3.439540e+06	3.432080e+06	3.431480e+06	3.443900e+06	3.430940e+06	3.425880e+06	3.428380e+06	3.430600e+06	3.423480e+06	3.426400e+06	3.429480e+06	3.429080e+06	3.425300e+06	3.420560e+06	3.418480e+06	3.421140e+06	3.415940e+06	3.435060e+06	3.433420e+06	3.422880e+06	3.422420e+06	3.424580e+06	3.429540e+06	3.432100e+06	3.429980e+06	3.427440e+06	3.419780e+06	3.424780e+06	3.411660e+06	3.429720e+06	3.411660e+06	3.423140e+06	3.418180e+06	3.428760e+06	3.431880e+06	3.433980e+06	3.431180e+06	3.410940e+06	3.417780e+06	3.431240e+06	3.433860e+06	3.423700e+06	3.422800e+06	3.422600e+06	3.435060e+06	3.421480e+06	3.421400e+06	3.420480e+06	3.422460e+06	3.406780e+06	3.423360e+06	3.429300e+06	3.425360e+06	3.422100e+06	3.395780e+06
3.443760e+06	3.448680e+06	3.444660e+06	3.451620e+06	3.451720e+06	3.453860e+06	3.439400e+06	3.424760e+06	3.423740e+06	3.443620e+06	3.437920e+06	3.431200e+06	3.434380e+06	3.422080e+06	3.451100e+06	3.467040e+06	3.464300e+06	3.442860e+06	3.445500e+06	3.432740e+06	3.433420e+06	3.437600e+06	3.426420e+06	3.435980e+06	3.437040e+06	3.428080e+06	3.436820e+06	3.438180e+06	3.440580e+06	3.442600e+06	3.433200e+06	3.415200e+06	3.441480e+06	3.422280e+06	3.427540e+06	3.411700e+06	3.416720e+06	3.429000e+06	3.451780e+06	3.435320e+06	3.423960e+06	3.428540e+06	3.424200e+06	3.442560e+06	3.441540e+06	3.433300e+06	3.434660e+06	3.432660e+06	3.437900e+06	3.438760e+06	3.433340e+06	3.438340e+06	3.439200e+06	3.436220e+06	3.436300e+06	3.438440e+06	3.437580e+06	3.436880e+06	3.435600e+06	3.451980e+06	3.420480e+06	3.436820e+06	3.435740e+06	3.446340e+06	3.443980e+06	3.440900e+06	3.430940e+06	3.420000e+06	3.446420e+06	3.418340e+06	3.438800e+06	3.457460e+06	3.441980e+06	3.428340e+06	3.447560e+06	3.429420e+06
