#Saved Data from the class odmr_logic on 23.06.2022 at 18h56m17s.
#
#Parameters:
#===========
#
#Microwave CW Power (dBm): -1.0000000000000000e+01
#Microwave Sweep Power (dBm): 0.0000000000000000e+00
#Run Time (s): 1.8000000000000000e+02
#Number of frequency sweeps (#): 12
#Start Frequencies (Hz): [2800000000.0]
#Stop Frequencies (Hz): [2950000000.0]
#Step sizes (Hz): [500000.0]
#Clock Frequencies (Hz): 20
#Channel: 0: /Dev1/Ctr3
#
#Data:
#=====
#count data (counts/s)
2.050160e+06	2.039840e+06	2.046420e+06	2.054860e+06	2.052700e+06	2.061880e+06	2.055060e+06	2.065420e+06	2.051340e+06	2.046540e+06	2.047440e+06	2.061640e+06	2.057120e+06	2.061180e+06	2.042820e+06	2.050120e+06	2.059780e+06	2.051580e+06	2.050100e+06	2.052020e+06	2.050380e+06	2.050660e+06	2.056240e+06	2.054740e+06	2.049060e+06	2.054360e+06	2.058760e+06	2.062620e+06	2.055860e+06	2.059400e+06	2.056780e+06	2.056080e+06	2.060100e+06	2.053200e+06	2.049000e+06	2.047980e+06	2.058620e+06	2.047260e+06	2.049240e+06	2.048180e+06	2.051320e+06	2.061060e+06	2.052780e+06	2.058980e+06	2.063460e+06	2.052420e+06	2.041620e+06	2.062440e+06	2.045000e+06	2.046360e+06	2.064380e+06	2.046220e+06	2.033400e+06	2.053060e+06	2.057560e+06	2.044220e+06	2.049840e+06	2.049380e+06	2.051760e+06	2.039840e+06	2.049580e+06	2.045140e+06	2.047700e+06	2.046460e+06	2.047580e+06	2.048940e+06	2.043780e+06	2.052900e+06	2.041820e+06	2.046260e+06	2.051160e+06	2.049560e+06	2.047920e+06	2.047240e+06	2.061720e+06	2.052140e+06	2.060120e+06	2.054480e+06	2.043980e+06	2.058920e+06	2.053980e+06	2.058660e+06	2.045440e+06	2.051500e+06	2.063300e+06	2.045460e+06	2.054000e+06	2.052600e+06	2.043200e+06	2.042680e+06	2.050620e+06	2.031200e+06	2.047040e+06	2.037460e+06	2.039700e+06	2.037520e+06	2.041580e+06	2.041140e+06	2.041040e+06	2.052660e+06	2.059380e+06	2.061240e+06	2.052860e+06	2.052000e+06	2.060380e+06	2.041300e+06	2.050380e+06	2.053860e+06	2.053220e+06	2.048020e+06	2.059440e+06	2.046200e+06	2.045860e+06	2.041200e+06	2.045680e+06	2.042300e+06	2.049380e+06	2.038280e+06	2.048880e+06	2.042000e+06	2.048080e+06	2.053880e+06	2.058140e+06	2.044440e+06	2.043520e+06	2.047820e+06	2.050540e+06	2.049220e+06	2.050400e+06	2.059080e+06	2.056680e+06	2.043400e+06	2.042840e+06	2.050380e+06	2.051440e+06	2.052360e+06	2.055880e+06	2.049620e+06	2.053820e+06	2.057760e+06	2.057920e+06	2.055060e+06	2.054560e+06	2.059220e+06	2.051640e+06	2.042660e+06	2.051060e+06	2.047580e+06	2.042920e+06	2.054960e+06	2.054300e+06	2.047800e+06	2.039960e+06	2.055140e+06	2.066320e+06	2.054080e+06	2.058220e+06	2.047160e+06	2.045200e+06	2.051420e+06	2.041240e+06	2.064420e+06	2.055440e+06	2.041800e+06	2.037860e+06	2.049540e+06	2.063940e+06	2.044380e+06	2.057140e+06	2.048960e+06	2.046460e+06	2.047840e+06	2.055140e+06	2.044960e+06	2.047860e+06	2.050480e+06	2.056780e+06	2.051280e+06	2.046980e+06	2.041420e+06	2.045760e+06	2.046240e+06	2.043580e+06	2.030720e+06	2.042760e+06	2.052720e+06	2.051080e+06	2.049300e+06	2.051720e+06	2.053440e+06	2.055540e+06	2.047620e+06	2.048820e+06	2.046580e+06	2.044900e+06	2.045800e+06	2.037120e+06	2.039540e+06	2.043500e+06	2.044720e+06	2.042800e+06	2.050820e+06	2.050120e+06	2.042200e+06	2.039620e+06	2.053820e+06	2.040840e+06	2.041760e+06	2.052540e+06	2.056180e+06	2.035740e+06	2.043640e+06	2.047760e+06	2.053520e+06	2.053220e+06	2.049960e+06	2.042320e+06	2.060220e+06	2.052420e+06	2.041840e+06	2.046620e+06	2.052960e+06	2.052460e+06	2.042060e+06	2.052620e+06	2.053400e+06	2.044440e+06	2.043460e+06	2.049120e+06	2.044300e+06	2.045000e+06	2.044660e+06	2.044500e+06	2.039800e+06	2.044840e+06	2.045980e+06	2.044980e+06	2.055040e+06	2.055140e+06	2.059780e+06	2.048500e+06	2.053800e+06	2.052580e+06	2.050120e+06	2.043820e+06	2.060940e+06	2.045460e+06	2.049120e+06	2.052900e+06	2.051440e+06	2.048080e+06	2.057140e+06	2.045540e+06	2.049520e+06	2.054680e+06	2.050860e+06	2.040800e+06	2.032440e+06	2.055260e+06	2.054800e+06	2.044480e+06	2.055260e+06	2.040340e+06	2.046880e+06	2.046660e+06	2.054160e+06	2.048000e+06	2.047720e+06	2.050620e+06	2.047380e+06	2.057000e+06	2.048240e+06	2.052680e+06	2.044520e+06	2.057720e+06	2.057000e+06	2.054100e+06	2.062820e+06	2.046660e+06	2.044760e+06	2.050520e+06	2.050960e+06	2.051140e+06	2.056920e+06	2.065460e+06	2.055980e+06	2.051680e+06	2.051920e+06	2.051980e+06	2.046340e+06	2.061480e+06	2.057640e+06	2.050100e+06	2.048040e+06	2.045620e+06	2.044400e+06	2.056320e+06	2.048200e+06	2.050940e+06	2.056140e+06	2.058240e+06
2.051340e+06	2.047140e+06	2.057400e+06	2.050240e+06	2.058820e+06	2.045800e+06	2.046720e+06	2.057880e+06	2.052960e+06	2.048200e+06	2.053800e+06	2.043440e+06	2.049820e+06	2.043420e+06	2.066380e+06	2.048000e+06	2.043980e+06	2.059960e+06	2.054940e+06	2.065060e+06	2.062360e+06	2.056420e+06	2.048980e+06	2.045880e+06	2.052440e+06	2.056260e+06	2.049320e+06	2.045100e+06	2.064260e+06	2.055760e+06	2.053020e+06	2.050360e+06	2.045640e+06	2.053520e+06	2.045740e+06	2.053080e+06	2.046180e+06	2.054240e+06	2.052740e+06	2.051180e+06	2.053820e+06	2.045680e+06	2.047600e+06	2.046340e+06	2.050860e+06	2.054840e+06	2.054620e+06	2.055140e+06	2.045800e+06	2.044340e+06	2.054240e+06	2.055540e+06	2.054880e+06	2.048340e+06	2.054280e+06	2.037720e+06	2.044960e+06	2.064080e+06	2.044860e+06	2.049780e+06	2.035440e+06	2.055040e+06	2.050900e+06	2.042060e+06	2.041200e+06	2.056260e+06	2.055440e+06	2.042640e+06	2.047860e+06	2.040800e+06	2.058800e+06	2.053240e+06	2.050760e+06	2.055680e+06	2.046300e+06	2.053020e+06	2.050540e+06	2.058160e+06	2.045680e+06	2.049560e+06	2.051400e+06	2.050160e+06	2.062540e+06	2.046340e+06	2.054520e+06	2.046100e+06	2.043700e+06	2.053640e+06	2.038340e+06	2.042640e+06	2.057160e+06	2.047560e+06	2.051640e+06	2.047620e+06	2.040460e+06	2.053400e+06	2.056040e+06	2.048040e+06	2.053080e+06	2.050420e+06	2.055520e+06	2.057060e+06	2.041600e+06	2.047540e+06	2.046540e+06	2.049120e+06	2.047940e+06	2.049380e+06	2.053540e+06	2.050880e+06	2.040000e+06	2.039040e+06	2.029880e+06	2.049920e+06	2.042920e+06	2.043780e+06	2.046540e+06	2.049720e+06	2.050840e+06	2.049040e+06	2.043240e+06	2.054360e+06	2.041920e+06	2.034720e+06	2.040000e+06	2.042320e+06	2.044080e+06	2.039400e+06	2.047660e+06	2.033520e+06	2.051420e+06	2.055960e+06	2.052460e+06	2.055660e+06	2.052320e+06	2.048380e+06	2.046600e+06	2.053080e+06	2.058240e+06	2.051200e+06	2.051420e+06	2.051380e+06	2.055140e+06	2.055100e+06	2.042240e+06	2.052880e+06	2.050200e+06	2.055980e+06	2.056500e+06	2.054800e+06	2.044120e+06	2.053060e+06	2.060320e+06	2.042800e+06	2.052520e+06	2.047400e+06	2.034860e+06	2.051900e+06	2.058660e+06	2.049820e+06	2.043720e+06	2.060440e+06	2.054260e+06	2.043400e+06	2.058520e+06	2.043720e+06	2.049960e+06	2.054860e+06	2.049700e+06	2.048620e+06	2.051560e+06	2.049760e+06	2.044960e+06	2.046580e+06	2.031420e+06	2.027800e+06	2.041220e+06	2.056420e+06	2.042880e+06	2.041400e+06	2.053840e+06	2.048520e+06	2.051140e+06	2.045140e+06	2.042920e+06	2.051600e+06	2.044340e+06	2.046520e+06	2.054000e+06	2.047600e+06	2.041740e+06	2.043100e+06	2.053560e+06	2.043840e+06	2.057240e+06	2.051700e+06	2.055360e+06	2.060560e+06	2.052360e+06	2.055480e+06	2.036280e+06	2.044760e+06	2.048840e+06	2.044680e+06	2.046120e+06	2.051440e+06	2.048000e+06	2.046660e+06	2.040860e+06	2.042400e+06	2.042380e+06	2.043240e+06	2.050380e+06	2.054940e+06	2.047800e+06	2.058920e+06	2.040980e+06	2.056280e+06	2.054880e+06	2.036540e+06	2.050680e+06	2.048340e+06	2.053880e+06	2.040860e+06	2.052580e+06	2.043420e+06	2.051120e+06	2.043720e+06	2.042680e+06	2.046440e+06	2.041860e+06	2.036160e+06	2.044520e+06	2.048980e+06	2.041740e+06	2.046760e+06	2.062020e+06	2.048740e+06	2.042980e+06	2.052320e+06	2.054140e+06	2.044060e+06	2.061420e+06	2.040740e+06	2.052260e+06	2.055920e+06	2.049060e+06	2.056180e+06	2.052840e+06	2.057700e+06	2.043240e+06	2.044560e+06	2.047940e+06	2.051840e+06	2.054420e+06	2.049800e+06	2.050280e+06	2.048420e+06	2.059720e+06	2.052160e+06	2.054440e+06	2.054920e+06	2.048020e+06	2.049740e+06	2.045420e+06	2.051860e+06	2.058980e+06	2.048880e+06	2.057040e+06	2.057480e+06	2.055500e+06	2.042280e+06	2.044060e+06	2.050080e+06	2.042580e+06	2.047840e+06	2.050420e+06	2.048180e+06	2.048500e+06	2.044560e+06	2.054760e+06	2.048000e+06	2.033960e+06	2.059260e+06	2.061340e+06	2.050160e+06	2.050460e+06	2.052100e+06	2.048140e+06	2.054580e+06	2.050180e+06	2.051760e+06	2.052200e+06	2.046240e+06	2.053700e+06	2.053720e+06	2.052120e+06	2.050680e+06	2.058240e+06	2.066680e+06	2.047520e+06
2.047240e+06	2.053040e+06	2.044220e+06	2.050240e+06	2.049200e+06	2.043760e+06	2.045560e+06	2.051660e+06	2.035300e+06	2.043280e+06	2.058660e+06	2.052480e+06	2.045180e+06	2.046020e+06	2.052300e+06	2.045260e+06	2.050520e+06	2.047440e+06	2.039660e+06	2.058040e+06	2.057900e+06	2.051140e+06	2.051000e+06	2.041800e+06	2.049620e+06	2.048000e+06	2.053140e+06	2.058380e+06	2.043340e+06	2.044880e+06	2.051800e+06	2.050640e+06	2.048680e+06	2.053660e+06	2.052880e+06	2.045980e+06	2.054780e+06	2.055340e+06	2.043420e+06	2.044500e+06	2.053120e+06	2.052620e+06	2.067360e+06	2.047540e+06	2.054380e+06	2.050000e+06	2.039340e+06	2.053640e+06	2.048600e+06	2.039640e+06	2.047820e+06	2.054640e+06	2.039480e+06	2.055100e+06	2.043180e+06	2.042260e+06	2.042940e+06	2.038400e+06	2.048060e+06	2.038080e+06	2.043340e+06	2.039600e+06	2.045180e+06	2.038760e+06	2.051720e+06	2.045420e+06	2.037440e+06	2.037000e+06	2.044880e+06	2.037780e+06	2.047580e+06	2.057020e+06	2.050900e+06	2.053760e+06	2.048220e+06	2.051040e+06	2.041080e+06	2.046440e+06	2.057760e+06	2.046220e+06	2.034480e+06	2.055580e+06	2.053960e+06	2.043240e+06	2.052320e+06	2.045000e+06	2.047940e+06	2.049940e+06	2.034180e+06	2.044040e+06	2.032960e+06	2.045700e+06	2.049160e+06	2.046560e+06	2.046620e+06	2.042720e+06	2.043680e+06	2.055220e+06	2.046120e+06	2.056400e+06	2.068180e+06	2.049940e+06	2.064060e+06	2.051860e+06	2.048740e+06	2.045760e+06	2.055940e+06	2.046980e+06	2.049920e+06	2.047780e+06	2.054180e+06	2.055720e+06	2.050180e+06	2.051260e+06	2.047760e+06	2.045320e+06	2.052420e+06	2.042960e+06	2.040840e+06	2.042780e+06	2.047280e+06	2.041300e+06	2.047400e+06	2.039420e+06	2.048340e+06	2.052640e+06	2.051120e+06	2.049160e+06	2.052940e+06	2.051700e+06	2.057520e+06	2.054600e+06	2.053020e+06	2.057400e+06	2.055840e+06	2.055040e+06	2.051620e+06	2.049700e+06	2.056800e+06	2.055480e+06	2.060940e+06	2.046720e+06	2.051700e+06	2.052020e+06	2.047940e+06	2.046760e+06	2.059700e+06	2.041180e+06	2.061100e+06	2.048540e+06	2.048600e+06	2.046580e+06	2.048240e+06	2.045400e+06	2.054720e+06	2.054540e+06	2.045060e+06	2.039980e+06	2.053600e+06	2.055900e+06	2.049880e+06	2.057520e+06	2.046880e+06	2.047600e+06	2.042480e+06	2.046940e+06	2.041700e+06	2.051460e+06	2.045320e+06	2.059760e+06	2.050720e+06	2.049080e+06	2.062420e+06	2.054040e+06	2.040440e+06	2.053100e+06	2.046760e+06	2.045260e+06	2.038520e+06	2.061780e+06	2.036960e+06	2.038680e+06	2.050840e+06	2.042140e+06	2.051400e+06	2.052480e+06	2.050760e+06	2.045920e+06	2.046700e+06	2.052440e+06	2.052060e+06	2.058400e+06	2.055720e+06	2.050260e+06	2.060780e+06	2.046660e+06	2.052360e+06	2.054900e+06	2.044400e+06	2.043240e+06	2.044100e+06	2.047920e+06	2.037660e+06	2.058860e+06	2.042080e+06	2.042780e+06	2.044860e+06	2.040500e+06	2.054480e+06	2.048600e+06	2.059760e+06	2.046580e+06	2.056280e+06	2.050500e+06	2.053960e+06	2.042460e+06	2.050960e+06	2.049740e+06	2.053340e+06	2.061120e+06	2.033000e+06	2.045020e+06	2.050480e+06	2.048600e+06	2.035820e+06	2.047600e+06	2.036020e+06	2.050560e+06	2.045480e+06	2.049180e+06	2.050800e+06	2.048340e+06	2.044860e+06	2.050260e+06	2.040500e+06	2.044940e+06	2.048220e+06	2.051920e+06	2.047360e+06	2.053400e+06	2.041480e+06	2.048060e+06	2.040880e+06	2.064260e+06	2.041980e+06	2.043680e+06	2.047900e+06	2.050340e+06	2.052920e+06	2.057380e+06	2.050040e+06	2.046460e+06	2.045000e+06	2.060220e+06	2.051980e+06	2.059620e+06	2.041580e+06	2.050620e+06	2.058960e+06	2.050640e+06	2.046380e+06	2.054580e+06	2.062160e+06	2.046700e+06	2.046460e+06	2.045620e+06	2.052000e+06	2.041980e+06	2.052320e+06	2.040640e+06	2.053340e+06	2.047860e+06	2.058680e+06	2.051160e+06	2.047820e+06	2.052300e+06	2.058080e+06	2.053700e+06	2.050120e+06	2.052900e+06	2.063360e+06	2.053420e+06	2.056660e+06	2.056200e+06	2.050800e+06	2.047160e+06	2.050420e+06	2.050940e+06	2.048300e+06	2.046100e+06	2.054560e+06	2.049800e+06	2.052860e+06	2.043680e+06	2.053000e+06	2.053800e+06	2.044660e+06	2.052720e+06	2.055920e+06	2.054360e+06	2.046040e+06
2.033440e+06	2.046640e+06	2.052640e+06	2.042280e+06	2.065700e+06	2.061740e+06	2.056720e+06	2.042160e+06	2.052540e+06	2.049120e+06	2.051040e+06	2.041760e+06	2.042380e+06	2.059520e+06	2.053640e+06	2.048560e+06	2.046040e+06	2.050100e+06	2.055820e+06	2.053900e+06	2.056200e+06	2.046060e+06	2.045160e+06	2.051860e+06	2.053640e+06	2.046940e+06	2.052320e+06	2.050740e+06	2.043460e+06	2.052260e+06	2.054840e+06	2.056740e+06	2.043760e+06	2.039500e+06	2.063920e+06	2.046480e+06	2.059960e+06	2.051620e+06	2.049140e+06	2.052140e+06	2.050700e+06	2.050320e+06	2.044680e+06	2.054480e+06	2.056440e+06	2.049620e+06	2.055740e+06	2.041000e+06	2.048820e+06	2.050480e+06	2.060480e+06	2.056380e+06	2.056140e+06	2.041720e+06	2.050800e+06	2.063500e+06	2.041800e+06	2.040440e+06	2.045960e+06	2.033600e+06	2.039240e+06	2.037020e+06	2.037440e+06	2.039000e+06	2.040480e+06	2.050380e+06	2.044160e+06	2.037740e+06	2.038380e+06	2.041660e+06	2.056680e+06	2.047340e+06	2.046780e+06	2.045500e+06	2.052060e+06	2.056120e+06	2.034180e+06	2.057480e+06	2.050040e+06	2.041200e+06	2.054140e+06	2.047280e+06	2.038680e+06	2.059460e+06	2.063460e+06	2.051800e+06	2.052240e+06	2.041440e+06	2.042460e+06	2.048400e+06	2.056120e+06	2.048060e+06	2.036600e+06	2.041240e+06	2.049020e+06	2.052540e+06	2.046880e+06	2.045120e+06	2.046100e+06	2.043140e+06	2.053000e+06	2.051600e+06	2.045220e+06	2.058900e+06	2.050620e+06	2.057020e+06	2.052520e+06	2.038520e+06	2.047960e+06	2.051020e+06	2.055160e+06	2.046680e+06	2.056640e+06	2.042300e+06	2.038380e+06	2.036520e+06	2.035400e+06	2.040160e+06	2.045240e+06	2.040020e+06	2.044780e+06	2.059140e+06	2.044060e+06	2.043300e+06	2.042080e+06	2.047320e+06	2.043040e+06	2.051220e+06	2.057380e+06	2.063600e+06	2.052840e+06	2.051140e+06	2.055300e+06	2.054900e+06	2.047380e+06	2.049620e+06	2.054220e+06	2.047060e+06	2.054800e+06	2.043600e+06	2.045660e+06	2.052860e+06	2.046200e+06	2.061900e+06	2.049620e+06	2.052180e+06	2.049320e+06	2.047400e+06	2.046580e+06	2.047200e+06	2.054460e+06	2.059280e+06	2.050460e+06	2.048860e+06	2.045740e+06	2.051100e+06	2.046020e+06	2.053280e+06	2.045640e+06	2.042840e+06	2.047840e+06	2.047980e+06	2.046440e+06	2.065160e+06	2.054580e+06	2.056160e+06	2.043440e+06	2.053760e+06	2.052500e+06	2.048120e+06	2.045180e+06	2.054620e+06	2.041320e+06	2.044680e+06	2.039660e+06	2.045760e+06	2.045000e+06	2.044880e+06	2.041820e+06	2.044080e+06	2.047420e+06	2.045220e+06	2.042420e+06	2.039260e+06	2.028980e+06	2.047320e+06	2.042980e+06	2.045860e+06	2.046600e+06	2.041240e+06	2.050380e+06	2.046560e+06	2.046000e+06	2.051760e+06	2.046240e+06	2.043860e+06	2.048620e+06	2.056720e+06	2.034300e+06	2.055120e+06	2.056100e+06	2.041740e+06	2.047660e+06	2.044360e+06	2.043720e+06	2.037820e+06	2.044620e+06	2.052420e+06	2.030660e+06	2.046420e+06	2.039420e+06	2.046620e+06	2.038880e+06	2.041980e+06	2.044460e+06	2.047720e+06	2.047420e+06	2.040520e+06	2.051000e+06	2.039560e+06	2.051480e+06	2.047760e+06	2.051640e+06	2.033780e+06	2.046520e+06	2.041860e+06	2.037220e+06	2.035500e+06	2.056820e+06	2.043780e+06	2.046060e+06	2.038900e+06	2.050480e+06	2.043080e+06	2.037560e+06	2.033640e+06	2.049680e+06	2.048080e+06	2.051240e+06	2.053200e+06	2.040780e+06	2.042060e+06	2.047120e+06	2.051960e+06	2.054080e+06	2.060400e+06	2.046240e+06	2.053700e+06	2.051300e+06	2.041780e+06	2.045580e+06	2.046060e+06	2.053920e+06	2.051740e+06	2.044440e+06	2.049080e+06	2.050180e+06	2.038120e+06	2.043340e+06	2.032900e+06	2.041160e+06	2.057200e+06	2.047420e+06	2.038360e+06	2.049640e+06	2.049760e+06	2.041800e+06	2.052380e+06	2.048380e+06	2.058900e+06	2.052660e+06	2.039700e+06	2.046840e+06	2.044640e+06	2.047380e+06	2.042760e+06	2.043440e+06	2.050380e+06	2.056660e+06	2.043340e+06	2.053260e+06	2.059180e+06	2.055040e+06	2.062080e+06	2.061700e+06	2.046340e+06	2.051340e+06	2.056400e+06	2.054220e+06	2.044300e+06	2.049040e+06	2.047100e+06	2.049980e+06	2.051480e+06	2.057600e+06	2.055800e+06	2.056920e+06	2.051020e+06	2.051680e+06	2.044660e+06	2.046560e+06
2.058980e+06	2.059480e+06	2.058100e+06	2.051140e+06	2.056120e+06	2.057540e+06	2.046460e+06	2.053220e+06	2.050960e+06	2.051420e+06	2.059360e+06	2.057240e+06	2.050960e+06	2.049900e+06	2.061020e+06	2.059280e+06	2.044340e+06	2.040140e+06	2.058260e+06	2.055160e+06	2.056600e+06	2.055320e+06	2.041440e+06	2.057060e+06	2.050760e+06	2.061480e+06	2.038660e+06	2.053140e+06	2.065540e+06	2.056380e+06	2.053340e+06	2.050900e+06	2.062580e+06	2.053480e+06	2.051320e+06	2.061420e+06	2.048900e+06	2.052960e+06	2.054940e+06	2.056900e+06	2.057660e+06	2.049860e+06	2.049440e+06	2.049600e+06	2.062880e+06	2.047560e+06	2.041960e+06	2.057360e+06	2.059520e+06	2.044220e+06	2.041200e+06	2.056160e+06	2.043240e+06	2.049440e+06	2.045960e+06	2.060040e+06	2.045540e+06	2.049040e+06	2.048200e+06	2.050160e+06	2.041040e+06	2.041040e+06	2.046300e+06	2.040000e+06	2.042020e+06	2.052800e+06	2.049120e+06	2.049180e+06	2.053320e+06	2.046360e+06	2.047880e+06	2.053220e+06	2.051520e+06	2.053440e+06	2.048020e+06	2.049220e+06	2.058160e+06	2.054900e+06	2.055480e+06	2.043840e+06	2.053700e+06	2.046500e+06	2.053320e+06	2.051240e+06	2.055700e+06	2.049640e+06	2.041740e+06	2.043600e+06	2.047400e+06	2.052980e+06	2.051220e+06	2.041560e+06	2.055480e+06	2.052420e+06	2.050640e+06	2.048980e+06	2.052680e+06	2.040680e+06	2.053760e+06	2.047880e+06	2.054860e+06	2.062860e+06	2.059820e+06	2.053260e+06	2.052360e+06	2.046620e+06	2.061800e+06	2.052220e+06	2.053600e+06	2.059660e+06	2.050300e+06	2.069260e+06	2.055600e+06	2.041420e+06	2.040360e+06	2.041440e+06	2.056660e+06	2.051960e+06	2.040800e+06	2.054560e+06	2.052800e+06	2.063340e+06	2.043560e+06	2.036980e+06	2.054540e+06	2.052040e+06	2.053240e+06	2.053420e+06	2.043580e+06	2.055760e+06	2.058240e+06	2.059760e+06	2.062260e+06	2.053860e+06	2.051820e+06	2.043100e+06	2.053420e+06	2.044980e+06	2.044900e+06	2.051680e+06	2.057720e+06	2.045940e+06	2.057880e+06	2.053760e+06	2.039460e+06	2.056060e+06	2.055560e+06	2.055860e+06	2.080280e+06	2.056640e+06	2.052780e+06	2.051300e+06	2.056460e+06	2.054040e+06	2.050140e+06	2.050600e+06	2.052140e+06	2.053440e+06	2.046060e+06	2.047760e+06	2.044520e+06	2.061740e+06	2.059580e+06	2.050320e+06	2.050980e+06	2.051820e+06	2.052220e+06	2.051600e+06	2.054600e+06	2.042800e+06	2.056700e+06	2.043660e+06	2.040560e+06	2.046000e+06	2.054100e+06	2.052880e+06	2.052520e+06	2.044880e+06	2.049440e+06	2.038480e+06	2.048480e+06	2.050640e+06	2.035240e+06	2.041120e+06	2.048780e+06	2.043400e+06	2.041260e+06	2.048360e+06	2.051760e+06	2.054980e+06	2.049620e+06	2.045320e+06	2.051220e+06	2.042560e+06	2.058520e+06	2.046640e+06	2.039460e+06	2.047620e+06	2.052400e+06	2.055840e+06	2.051340e+06	2.058640e+06	2.041460e+06	2.047940e+06	2.048740e+06	2.047360e+06	2.048620e+06	2.046460e+06	2.037580e+06	2.037520e+06	2.054020e+06	2.045580e+06	2.043140e+06	2.048180e+06	2.063500e+06	2.057420e+06	2.043060e+06	2.043600e+06	2.049320e+06	2.051700e+06	2.040920e+06	2.060220e+06	2.049540e+06	2.051040e+06	2.053380e+06	2.049960e+06	2.041840e+06	2.039720e+06	2.053240e+06	2.045780e+06	2.047440e+06	2.045520e+06	2.039520e+06	2.043600e+06	2.059620e+06	2.037280e+06	2.054940e+06	2.050460e+06	2.054520e+06	2.050320e+06	2.054360e+06	2.048140e+06	2.042280e+06	2.049480e+06	2.051740e+06	2.057800e+06	2.054860e+06	2.041700e+06	2.053500e+06	2.045840e+06	2.053240e+06	2.041060e+06	2.051000e+06	2.060620e+06	2.054720e+06	2.053940e+06	2.051780e+06	2.047160e+06	2.056240e+06	2.047400e+06	2.040140e+06	2.062280e+06	2.052300e+06	2.039280e+06	2.053920e+06	2.048300e+06	2.048960e+06	2.051260e+06	2.053320e+06	2.039520e+06	2.041760e+06	2.055340e+06	2.053720e+06	2.050220e+06	2.048540e+06	2.050400e+06	2.047320e+06	2.048540e+06	2.050460e+06	2.052580e+06	2.050960e+06	2.049220e+06	2.062840e+06	2.050540e+06	2.055300e+06	2.048000e+06	2.050800e+06	2.054320e+06	2.053020e+06	2.064160e+06	2.058120e+06	2.048840e+06	2.050160e+06	2.055760e+06	2.053780e+06	2.044000e+06	2.055540e+06	2.050400e+06	2.041920e+06	2.063680e+06	2.046900e+06
2.055280e+06	2.044140e+06	2.047100e+06	2.051980e+06	2.050220e+06	2.039580e+06	2.060500e+06	2.059760e+06	2.048460e+06	2.052320e+06	2.049160e+06	2.059780e+06	2.045200e+06	2.044780e+06	2.049360e+06	2.061920e+06	2.064960e+06	2.064920e+06	2.048100e+06	2.060460e+06	2.055840e+06	2.054060e+06	2.051500e+06	2.052160e+06	2.060220e+06	2.053740e+06	2.047480e+06	2.048060e+06	2.059040e+06	2.064060e+06	2.046700e+06	2.051880e+06	2.035380e+06	2.049360e+06	2.059960e+06	2.056400e+06	2.052620e+06	2.056160e+06	2.050040e+06	2.048660e+06	2.055480e+06	2.045020e+06	2.048540e+06	2.048860e+06	2.056700e+06	2.050420e+06	2.053020e+06	2.051520e+06	2.056120e+06	2.059200e+06	2.062400e+06	2.044280e+06	2.062540e+06	2.061160e+06	2.045120e+06	2.051260e+06	2.036200e+06	2.044760e+06	2.042100e+06	2.048380e+06	2.039200e+06	2.044540e+06	2.056940e+06	2.043020e+06	2.061920e+06	2.044340e+06	2.055680e+06	2.060840e+06	2.053420e+06	2.044200e+06	2.058800e+06	2.052140e+06	2.046920e+06	2.045400e+06	2.038820e+06	2.057800e+06	2.053620e+06	2.043560e+06	2.057220e+06	2.042040e+06	2.055580e+06	2.059440e+06	2.045020e+06	2.049560e+06	2.043680e+06	2.059820e+06	2.035480e+06	2.049580e+06	2.056940e+06	2.044980e+06	2.049200e+06	2.040680e+06	2.064200e+06	2.042440e+06	2.044080e+06	2.049820e+06	2.045340e+06	2.054060e+06	2.061960e+06	2.055740e+06	2.047720e+06	2.054260e+06	2.060920e+06	2.063320e+06	2.062520e+06	2.041920e+06	2.054700e+06	2.049100e+06	2.050700e+06	2.052020e+06	2.057980e+06	2.051700e+06	2.056060e+06	2.042700e+06	2.041400e+06	2.040320e+06	2.057900e+06	2.046460e+06	2.039220e+06	2.049960e+06	2.052920e+06	2.051000e+06	2.048120e+06	2.055920e+06	2.054440e+06	2.046460e+06	2.053320e+06	2.064600e+06	2.054320e+06	2.041000e+06	2.046540e+06	2.052040e+06	2.045460e+06	2.056300e+06	2.048820e+06	2.056520e+06	2.047280e+06	2.052760e+06	2.050700e+06	2.057400e+06	2.048520e+06	2.048160e+06	2.044880e+06	2.049660e+06	2.042440e+06	2.056140e+06	2.050460e+06	2.051400e+06	2.061880e+06	2.052000e+06	2.057020e+06	2.057280e+06	2.057340e+06	2.035460e+06	2.060020e+06	2.056320e+06	2.050100e+06	2.045460e+06	2.052980e+06	2.047320e+06	2.049160e+06	2.050020e+06	2.050040e+06	2.055900e+06	2.047640e+06	2.047660e+06	2.056460e+06	2.054840e+06	2.048180e+06	2.058200e+06	2.054960e+06	2.050500e+06	2.060300e+06	2.053740e+06	2.047320e+06	2.059220e+06	2.040940e+06	2.054500e+06	2.062400e+06	2.046220e+06	2.048120e+06	2.055140e+06	2.047300e+06	2.050880e+06	2.050980e+06	2.048080e+06	2.049560e+06	2.055680e+06	2.054340e+06	2.049120e+06	2.051820e+06	2.063300e+06	2.066100e+06	2.045220e+06	2.046280e+06	2.048320e+06	2.052600e+06	2.054800e+06	2.056020e+06	2.046920e+06	2.053300e+06	2.042600e+06	2.055020e+06	2.057420e+06	2.048280e+06	2.058140e+06	2.053660e+06	2.040440e+06	2.050300e+06	2.061220e+06	2.053440e+06	2.053920e+06	2.054700e+06	2.052820e+06	2.056480e+06	2.057140e+06	2.054380e+06	2.049860e+06	2.046560e+06	2.036180e+06	2.054260e+06	2.045440e+06	2.043680e+06	2.051120e+06	2.052860e+06	2.048580e+06	2.053400e+06	2.050020e+06	2.055900e+06	2.051660e+06	2.049240e+06	2.044240e+06	2.057100e+06	2.049680e+06	2.049400e+06	2.050800e+06	2.053140e+06	2.048780e+06	2.046680e+06	2.048060e+06	2.047660e+06	2.057620e+06	2.048340e+06	2.048400e+06	2.057580e+06	2.052060e+06	2.059080e+06	2.060660e+06	2.052260e+06	2.057300e+06	2.065980e+06	2.048540e+06	2.054740e+06	2.061200e+06	2.059140e+06	2.056640e+06	2.052080e+06	2.053320e+06	2.061040e+06	2.061080e+06	2.058980e+06	2.057400e+06	2.056260e+06	2.042840e+06	2.054740e+06	2.047860e+06	2.052180e+06	2.051240e+06	2.049320e+06	2.039740e+06	2.049540e+06	2.056060e+06	2.060320e+06	2.045000e+06	2.053060e+06	2.057540e+06	2.054120e+06	2.050840e+06	2.049900e+06	2.050640e+06	2.046920e+06	2.062780e+06	2.062340e+06	2.045860e+06	2.051680e+06	2.050520e+06	2.055920e+06	2.048860e+06	2.054380e+06	2.046140e+06	2.052540e+06	2.053560e+06	2.062260e+06	2.057300e+06	2.042140e+06	2.056820e+06	2.059300e+06	2.055000e+06	2.061860e+06	2.052940e+06	2.044860e+06
2.058120e+06	2.056540e+06	2.053640e+06	2.057940e+06	2.053120e+06	2.062440e+06	2.051780e+06	2.062520e+06	2.058420e+06	2.057320e+06	2.059220e+06	2.056080e+06	2.051240e+06	2.062260e+06	2.054440e+06	2.050280e+06	2.061440e+06	2.060600e+06	2.066420e+06	2.043820e+06	2.051240e+06	2.047760e+06	2.056940e+06	2.058340e+06	2.053460e+06	2.049620e+06	2.056360e+06	2.055760e+06	2.050380e+06	2.047540e+06	2.045820e+06	2.057940e+06	2.043740e+06	2.049360e+06	2.046280e+06	2.049560e+06	2.061780e+06	2.073140e+06	2.050460e+06	2.058600e+06	2.044500e+06	2.042740e+06	2.050760e+06	2.047200e+06	2.053220e+06	2.051180e+06	2.052600e+06	2.054900e+06	2.052300e+06	2.044440e+06	2.052120e+06	2.056460e+06	2.048860e+06	2.051980e+06	2.059180e+06	2.049260e+06	2.049420e+06	2.042380e+06	2.045980e+06	2.052000e+06	2.049580e+06	2.051340e+06	2.041500e+06	2.048520e+06	2.046440e+06	2.034680e+06	2.043360e+06	2.036740e+06	2.048800e+06	2.041900e+06	2.040560e+06	2.047020e+06	2.057920e+06	2.049200e+06	2.061420e+06	2.050720e+06	2.043720e+06	2.062120e+06	2.052280e+06	2.045740e+06	2.052220e+06	2.037400e+06	2.057620e+06	2.054800e+06	2.053740e+06	2.047960e+06	2.052000e+06	2.040680e+06	2.047740e+06	2.049220e+06	2.041440e+06	2.039820e+06	2.048880e+06	2.051160e+06	2.053240e+06	2.041660e+06	2.039740e+06	2.042800e+06	2.056360e+06	2.041320e+06	2.046120e+06	2.039020e+06	2.042700e+06	2.046400e+06	2.046860e+06	2.047840e+06	2.050000e+06	2.056860e+06	2.049000e+06	2.040040e+06	2.042180e+06	2.055180e+06	2.046860e+06	2.054580e+06	2.044000e+06	2.046380e+06	2.045180e+06	2.067780e+06	2.045460e+06	2.041280e+06	2.043300e+06	2.049220e+06	2.042340e+06	2.052620e+06	2.047680e+06	2.051380e+06	2.053380e+06	2.062860e+06	2.047740e+06	2.052860e+06	2.050760e+06	2.056500e+06	2.050760e+06	2.054440e+06	2.071020e+06	2.047920e+06	2.041460e+06	2.056000e+06	2.048900e+06	2.057180e+06	2.062620e+06	2.053700e+06	2.053200e+06	2.059260e+06	2.050280e+06	2.046580e+06	2.048720e+06	2.048760e+06	2.050200e+06	2.053180e+06	2.052980e+06	2.059820e+06	2.056800e+06	2.058260e+06	2.057820e+06	2.052460e+06	2.054460e+06	2.051020e+06	2.063500e+06	2.056840e+06	2.047160e+06	2.049940e+06	2.058380e+06	2.053220e+06	2.050660e+06	2.044720e+06	2.058420e+06	2.065160e+06	2.044680e+06	2.050380e+06	2.053860e+06	2.058680e+06	2.049800e+06	2.049900e+06	2.049340e+06	2.042600e+06	2.047000e+06	2.043600e+06	2.043860e+06	2.048680e+06	2.055940e+06	2.051440e+06	2.036460e+06	2.044500e+06	2.053280e+06	2.047560e+06	2.052580e+06	2.045780e+06	2.049260e+06	2.041160e+06	2.053140e+06	2.050100e+06	2.047200e+06	2.048500e+06	2.046120e+06	2.047460e+06	2.048580e+06	2.055760e+06	2.052040e+06	2.056920e+06	2.047240e+06	2.043000e+06	2.051300e+06	2.046440e+06	2.031940e+06	2.039200e+06	2.048460e+06	2.047760e+06	2.041620e+06	2.047320e+06	2.043680e+06	2.055200e+06	2.033080e+06	2.047580e+06	2.046580e+06	2.045400e+06	2.043580e+06	2.049040e+06	2.046740e+06	2.044620e+06	2.044320e+06	2.046860e+06	2.044840e+06	2.043540e+06	2.058980e+06	2.038700e+06	2.047840e+06	2.053720e+06	2.040340e+06	2.042280e+06	2.046880e+06	2.049800e+06	2.055240e+06	2.053680e+06	2.049400e+06	2.044200e+06	2.051980e+06	2.060500e+06	2.057220e+06	2.047480e+06	2.049880e+06	2.052360e+06	2.054060e+06	2.043620e+06	2.063360e+06	2.043000e+06	2.043020e+06	2.046180e+06	2.053380e+06	2.058060e+06	2.051580e+06	2.052420e+06	2.053380e+06	2.055040e+06	2.053900e+06	2.049300e+06	2.047680e+06	2.044140e+06	2.059340e+06	2.059160e+06	2.048040e+06	2.053180e+06	2.044160e+06	2.056080e+06	2.049120e+06	2.048060e+06	2.049020e+06	2.045240e+06	2.058480e+06	2.051280e+06	2.047360e+06	2.057200e+06	2.055440e+06	2.038280e+06	2.048120e+06	2.057120e+06	2.052640e+06	2.068000e+06	2.052680e+06	2.047300e+06	2.056560e+06	2.044220e+06	2.050640e+06	2.060300e+06	2.064040e+06	2.047200e+06	2.057720e+06	2.066440e+06	2.051300e+06	2.049240e+06	2.054860e+06	2.053380e+06	2.044820e+06	2.049080e+06	2.060800e+06	2.051000e+06	2.051160e+06	2.055280e+06	2.051380e+06	2.050780e+06	2.055760e+06
2.052600e+06	2.048580e+06	2.054540e+06	2.060000e+06	2.045660e+06	2.052060e+06	2.055000e+06	2.064540e+06	2.057760e+06	2.051440e+06	2.054800e+06	2.054760e+06	2.060340e+06	2.059240e+06	2.052680e+06	2.050380e+06	2.065780e+06	2.062900e+06	2.053800e+06	2.058020e+06	2.079960e+06	2.063960e+06	2.066640e+06	2.050600e+06	2.052740e+06	2.053340e+06	2.044100e+06	2.046260e+06	2.059200e+06	2.058980e+06	2.057240e+06	2.050580e+06	2.047120e+06	2.053100e+06	2.061700e+06	2.053560e+06	2.063300e+06	2.053700e+06	2.053240e+06	2.054820e+06	2.043280e+06	2.058300e+06	2.050620e+06	2.043860e+06	2.056580e+06	2.052940e+06	2.048680e+06	2.049100e+06	2.059300e+06	2.052120e+06	2.048020e+06	2.041700e+06	2.045060e+06	2.061420e+06	2.062500e+06	2.061760e+06	2.054960e+06	2.043740e+06	2.051340e+06	2.040140e+06	2.051560e+06	2.051340e+06	2.042300e+06	2.049260e+06	2.034660e+06	2.050980e+06	2.051300e+06	2.054120e+06	2.037520e+06	2.038780e+06	2.043420e+06	2.057420e+06	2.053280e+06	2.043000e+06	2.049120e+06	2.054860e+06	2.062160e+06	2.053560e+06	2.050520e+06	2.040700e+06	2.055680e+06	2.056320e+06	2.047580e+06	2.052100e+06	2.051700e+06	2.062060e+06	2.044440e+06	2.042020e+06	2.045140e+06	2.050920e+06	2.054780e+06	2.038820e+06	2.036680e+06	2.040720e+06	2.048560e+06	2.044980e+06	2.047980e+06	2.051300e+06	2.059400e+06	2.049480e+06	2.066040e+06	2.062080e+06	2.073020e+06	2.052640e+06	2.048760e+06	2.053780e+06	2.054100e+06	2.054240e+06	2.053100e+06	2.051060e+06	2.054540e+06	2.056440e+06	2.043120e+06	2.061900e+06	2.041700e+06	2.044220e+06	2.055940e+06	2.046840e+06	2.042920e+06	2.060600e+06	2.048620e+06	2.047580e+06	2.045480e+06	2.047780e+06	2.040880e+06	2.040040e+06	2.045840e+06	2.046360e+06	2.058200e+06	2.054860e+06	2.049540e+06	2.056920e+06	2.052960e+06	2.055700e+06	2.061560e+06	2.050160e+06	2.052760e+06	2.053480e+06	2.061400e+06	2.064080e+06	2.046080e+06	2.048940e+06	2.058800e+06	2.053360e+06	2.054220e+06	2.046960e+06	2.045980e+06	2.056460e+06	2.051120e+06	2.045120e+06	2.056360e+06	2.057340e+06	2.047140e+06	2.052040e+06	2.056640e+06	2.058620e+06	2.049640e+06	2.055260e+06	2.060440e+06	2.061980e+06	2.054920e+06	2.046320e+06	2.053420e+06	2.057280e+06	2.054320e+06	2.067300e+06	2.065580e+06	2.058600e+06	2.044100e+06	2.053520e+06	2.055520e+06	2.055520e+06	2.045720e+06	2.049340e+06	2.048640e+06	2.049900e+06	2.058060e+06	2.048900e+06	2.053460e+06	2.047640e+06	2.047380e+06	2.056860e+06	2.066700e+06	2.048840e+06	2.046080e+06	2.038640e+06	2.051260e+06	2.058660e+06	2.059300e+06	2.049380e+06	2.060880e+06	2.049860e+06	2.053500e+06	2.055860e+06	2.055680e+06	2.059560e+06	2.059640e+06	2.037540e+06	2.042700e+06	2.055840e+06	2.043400e+06	2.038360e+06	2.052980e+06	2.050980e+06	2.051620e+06	2.055900e+06	2.048760e+06	2.052600e+06	2.042620e+06	2.049640e+06	2.039540e+06	2.057740e+06	2.053400e+06	2.049200e+06	2.056720e+06	2.060520e+06	2.047060e+06	2.055780e+06	2.052920e+06	2.051520e+06	2.051440e+06	2.059820e+06	2.052100e+06	2.052940e+06	2.046140e+06	2.037520e+06	2.052820e+06	2.054000e+06	2.047700e+06	2.048680e+06	2.048620e+06	2.045240e+06	2.039880e+06	2.043380e+06	2.050040e+06	2.057800e+06	2.045560e+06	2.045140e+06	2.047920e+06	2.047100e+06	2.047520e+06	2.052400e+06	2.054460e+06	2.053300e+06	2.051160e+06	2.047300e+06	2.051080e+06	2.045140e+06	2.052340e+06	2.045560e+06	2.054760e+06	2.051100e+06	2.051600e+06	2.048360e+06	2.052100e+06	2.067960e+06	2.057940e+06	2.054440e+06	2.055640e+06	2.051940e+06	2.052800e+06	2.058900e+06	2.060240e+06	2.047420e+06	2.042040e+06	2.055320e+06	2.062680e+06	2.059700e+06	2.046360e+06	2.042380e+06	2.051280e+06	2.054660e+06	2.056260e+06	2.058440e+06	2.050200e+06	2.055460e+06	2.058780e+06	2.066180e+06	2.047280e+06	2.054660e+06	2.059740e+06	2.058020e+06	2.047580e+06	2.060480e+06	2.057920e+06	2.053140e+06	2.049500e+06	2.063020e+06	2.044080e+06	2.049340e+06	2.048500e+06	2.051820e+06	2.051140e+06	2.046000e+06	2.042720e+06	2.055100e+06	2.048060e+06	2.052360e+06	2.060700e+06	2.042020e+06	2.055240e+06
2.063080e+06	2.048860e+06	2.062640e+06	2.058260e+06	2.058160e+06	2.061440e+06	2.073660e+06	2.057420e+06	2.051360e+06	2.049640e+06	2.051260e+06	2.055080e+06	2.048120e+06	2.059120e+06	2.060120e+06	2.049220e+06	2.049020e+06	2.048420e+06	2.052440e+06	2.051880e+06	2.045580e+06	2.059460e+06	2.061780e+06	2.061220e+06	2.054460e+06	2.055680e+06	2.060700e+06	2.055200e+06	2.045560e+06	2.062060e+06	2.054040e+06	2.046020e+06	2.045640e+06	2.055080e+06	2.050900e+06	2.045580e+06	2.055760e+06	2.053160e+06	2.056980e+06	2.058580e+06	2.049520e+06	2.056840e+06	2.053400e+06	2.056180e+06	2.052580e+06	2.041680e+06	2.052920e+06	2.049860e+06	2.051560e+06	2.052240e+06	2.054100e+06	2.047700e+06	2.045560e+06	2.045340e+06	2.047840e+06	2.043020e+06	2.050800e+06	2.054460e+06	2.041400e+06	2.045500e+06	2.047360e+06	2.039860e+06	2.055740e+06	2.054840e+06	2.047600e+06	2.033780e+06	2.047100e+06	2.044640e+06	2.047340e+06	2.042360e+06	2.052580e+06	2.053340e+06	2.045500e+06	2.059580e+06	2.051660e+06	2.056080e+06	2.056840e+06	2.059540e+06	2.068020e+06	2.058420e+06	2.052640e+06	2.051680e+06	2.048400e+06	2.052700e+06	2.042220e+06	2.055580e+06	2.067340e+06	2.052100e+06	2.045240e+06	2.044020e+06	2.050660e+06	2.039420e+06	2.047340e+06	2.060380e+06	2.048100e+06	2.041480e+06	2.052340e+06	2.052380e+06	2.053540e+06	2.039900e+06	2.062360e+06	2.063460e+06	2.051520e+06	2.060940e+06	2.049740e+06	2.050480e+06	2.057940e+06	2.037760e+06	2.054080e+06	2.047060e+06	2.048200e+06	2.048020e+06	2.044040e+06	2.042760e+06	2.042540e+06	2.047960e+06	2.052080e+06	2.044680e+06	2.049900e+06	2.044320e+06	2.047960e+06	2.047880e+06	2.042160e+06	2.046960e+06	2.044340e+06	2.040320e+06	2.051280e+06	2.049520e+06	2.054500e+06	2.049800e+06	2.050000e+06	2.041180e+06	2.062380e+06	2.062580e+06	2.052080e+06	2.048960e+06	2.052840e+06	2.040060e+06	2.060940e+06	2.052940e+06	2.054560e+06	2.054440e+06	2.052200e+06	2.054940e+06	2.060320e+06	2.052520e+06	2.058740e+06	2.061360e+06	2.050420e+06	2.050360e+06	2.052200e+06	2.054340e+06	2.060320e+06	2.052260e+06	2.052260e+06	2.046260e+06	2.049860e+06	2.052680e+06	2.057500e+06	2.055300e+06	2.050900e+06	2.043660e+06	2.046800e+06	2.043340e+06	2.046080e+06	2.047380e+06	2.079220e+06	2.059220e+06	2.039580e+06	2.052800e+06	2.065760e+06	2.046980e+06	2.046760e+06	2.049160e+06	2.053700e+06	2.051720e+06	2.052800e+06	2.056020e+06	2.042620e+06	2.039680e+06	2.053340e+06	2.049320e+06	2.058120e+06	2.041860e+06	2.048040e+06	2.052280e+06	2.048640e+06	2.060000e+06	2.048380e+06	2.046880e+06	2.044520e+06	2.047360e+06	2.040720e+06	2.048740e+06	2.036740e+06	2.039940e+06	2.045000e+06	2.057440e+06	2.056840e+06	2.058400e+06	2.056700e+06	2.046340e+06	2.051520e+06	2.053420e+06	2.049040e+06	2.048260e+06	2.049160e+06	2.050340e+06	2.049560e+06	2.051380e+06	2.046680e+06	2.053420e+06	2.041620e+06	2.051240e+06	2.055860e+06	2.059500e+06	2.049640e+06	2.053220e+06	2.054980e+06	2.048720e+06	2.053140e+06	2.057620e+06	2.059440e+06	2.045120e+06	2.045840e+06	2.051980e+06	2.040460e+06	2.046480e+06	2.051100e+06	2.040500e+06	2.050700e+06	2.053660e+06	2.057780e+06	2.053180e+06	2.045640e+06	2.051780e+06	2.049840e+06	2.052840e+06	2.062020e+06	2.048380e+06	2.052440e+06	2.055060e+06	2.049700e+06	2.056600e+06	2.055000e+06	2.057320e+06	2.066060e+06	2.057700e+06	2.056280e+06	2.052160e+06	2.051140e+06	2.050300e+06	2.054180e+06	2.043960e+06	2.054220e+06	2.057780e+06	2.052180e+06	2.055720e+06	2.050700e+06	2.058280e+06	2.050200e+06	2.052320e+06	2.057300e+06	2.067640e+06	2.059140e+06	2.060380e+06	2.041540e+06	2.050700e+06	2.058440e+06	2.048100e+06	2.048680e+06	2.052340e+06	2.061100e+06	2.053900e+06	2.055020e+06	2.057820e+06	2.042320e+06	2.056560e+06	2.056360e+06	2.058260e+06	2.054580e+06	2.050940e+06	2.049200e+06	2.061520e+06	2.054000e+06	2.058580e+06	2.054040e+06	2.046380e+06	2.047340e+06	2.050180e+06	2.055560e+06	2.050300e+06	2.049860e+06	2.052260e+06	2.048480e+06	2.057380e+06	2.046100e+06	2.058720e+06	2.062820e+06	2.063060e+06	2.057040e+06
2.051380e+06	2.046740e+06	2.053080e+06	2.049140e+06	2.063600e+06	2.052460e+06	2.051820e+06	2.049560e+06	2.057240e+06	2.060160e+06	2.039980e+06	2.058140e+06	2.058860e+06	2.044300e+06	2.047940e+06	2.031420e+06	2.048040e+06	2.055040e+06	2.056500e+06	2.052160e+06	2.058260e+06	2.043180e+06	2.054000e+06	2.052780e+06	2.051920e+06	2.060440e+06	2.052800e+06	2.054660e+06	2.046060e+06	2.043180e+06	2.040260e+06	2.035800e+06	2.053620e+06	2.039460e+06	2.047300e+06	2.049560e+06	2.053040e+06	2.051560e+06	2.041380e+06	2.036420e+06	2.051760e+06	2.042120e+06	2.049840e+06	2.032720e+06	2.044620e+06	2.048520e+06	2.039440e+06	2.054520e+06	2.037260e+06	2.039480e+06	2.046600e+06	2.054220e+06	2.047780e+06	2.048320e+06	2.044420e+06	2.048100e+06	2.043280e+06	2.044920e+06	2.046460e+06	2.039160e+06	2.053460e+06	2.046800e+06	2.038280e+06	2.048200e+06	2.046340e+06	2.039000e+06	2.032560e+06	2.042860e+06	2.047020e+06	2.041380e+06	2.066380e+06	2.056420e+06	2.048980e+06	2.049280e+06	2.054600e+06	2.051180e+06	2.059160e+06	2.052240e+06	2.054900e+06	2.044320e+06	2.055380e+06	2.047860e+06	2.040900e+06	2.047980e+06	2.052140e+06	2.028680e+06	2.042560e+06	2.046360e+06	2.038340e+06	2.043700e+06	2.045780e+06	2.040900e+06	2.050220e+06	2.043460e+06	2.031880e+06	2.049060e+06	2.041680e+06	2.044360e+06	2.045200e+06	2.046640e+06	2.044400e+06	2.055320e+06	2.045460e+06	2.046760e+06	2.041460e+06	2.036560e+06	2.037580e+06	2.052360e+06	2.046880e+06	2.049500e+06	2.054660e+06	2.040120e+06	2.047660e+06	2.043060e+06	2.040400e+06	2.050980e+06	2.039180e+06	2.040540e+06	2.050520e+06	2.042880e+06	2.044700e+06	2.047800e+06	2.034920e+06	2.050580e+06	2.035280e+06	2.038680e+06	2.048760e+06	2.041060e+06	2.044880e+06	2.044440e+06	2.045440e+06	2.049880e+06	2.047160e+06	2.048000e+06	2.044320e+06	2.056380e+06	2.056000e+06	2.052900e+06	2.037980e+06	2.046160e+06	2.045900e+06	2.050320e+06	2.037500e+06	2.055900e+06	2.042180e+06	2.046560e+06	2.042620e+06	2.048660e+06	2.049940e+06	2.033320e+06	2.058980e+06	2.059420e+06	2.050460e+06	2.049820e+06	2.038900e+06	2.059740e+06	2.048880e+06	2.057620e+06	2.042520e+06	2.039780e+06	2.059420e+06	2.047880e+06	2.056040e+06	2.037380e+06	2.052020e+06	2.052880e+06	2.051960e+06	2.057060e+06	2.044300e+06	2.040220e+06	2.046180e+06	2.046060e+06	2.043860e+06	2.042080e+06	2.042420e+06	2.047700e+06	2.048080e+06	2.041200e+06	2.041160e+06	2.041020e+06	2.036840e+06	2.039120e+06	2.037160e+06	2.035600e+06	2.045220e+06	2.046900e+06	2.045200e+06	2.046720e+06	2.042980e+06	2.040720e+06	2.043180e+06	2.047660e+06	2.045620e+06	2.039080e+06	2.041000e+06	2.050320e+06	2.051220e+06	2.047580e+06	2.044460e+06	2.051700e+06	2.043440e+06	2.041060e+06	2.047320e+06	2.055740e+06	2.046840e+06	2.053780e+06	2.060520e+06	2.042440e+06	2.051140e+06	2.048620e+06	2.046440e+06	2.054880e+06	2.049000e+06	2.056060e+06	2.051820e+06	2.051220e+06	2.050340e+06	2.046560e+06	2.048040e+06	2.053220e+06	2.059240e+06	2.041200e+06	2.048300e+06	2.050040e+06	2.053200e+06	2.046060e+06	2.047440e+06	2.059960e+06	2.056620e+06	2.045660e+06	2.050840e+06	2.049800e+06	2.040820e+06	2.051360e+06	2.044120e+06	2.051820e+06	2.052280e+06	2.049220e+06	2.055720e+06	2.048920e+06	2.045920e+06	2.037140e+06	2.062640e+06	2.060480e+06	2.059440e+06	2.061300e+06	2.051100e+06	2.060980e+06	2.044740e+06	2.058100e+06	2.054520e+06	2.054920e+06	2.050640e+06	2.044960e+06	2.051480e+06	2.052360e+06	2.049520e+06	2.055300e+06	2.049340e+06	2.048280e+06	2.053260e+06	2.053420e+06	2.060740e+06	2.047000e+06	2.051080e+06	2.055500e+06	2.045200e+06	2.050600e+06	2.060160e+06	2.053980e+06	2.050480e+06	2.051560e+06	2.053660e+06	2.049840e+06	2.057360e+06	2.049140e+06	2.049400e+06	2.050240e+06	2.057580e+06	2.054780e+06	2.053720e+06	2.059120e+06	2.045280e+06	2.061860e+06	2.052240e+06	2.048980e+06	2.054360e+06	2.046540e+06	2.063140e+06	2.053740e+06	2.050020e+06	2.054940e+06	2.037800e+06	2.053540e+06	2.057840e+06	2.046220e+06	2.055140e+06	2.053880e+06	2.047860e+06	2.057100e+06	2.056300e+06
2.050220e+06	2.040960e+06	2.057980e+06	2.060800e+06	2.062760e+06	2.057560e+06	2.043400e+06	2.048980e+06	2.051100e+06	2.052480e+06	2.049700e+06	2.060080e+06	2.058360e+06	2.053100e+06	2.060360e+06	2.052360e+06	2.059280e+06	2.042480e+06	2.051180e+06	2.049720e+06	2.041480e+06	2.051880e+06	2.057140e+06	2.053740e+06	2.052520e+06	2.058160e+06	2.048640e+06	2.068440e+06	2.045520e+06	2.061800e+06	2.064340e+06	2.056100e+06	2.050220e+06	2.054520e+06	2.054600e+06	2.058580e+06	2.045920e+06	2.059520e+06	2.055040e+06	2.062460e+06	2.061060e+06	2.043740e+06	2.058320e+06	2.052960e+06	2.056560e+06	2.051280e+06	2.055280e+06	2.038860e+06	2.033160e+06	2.038520e+06	2.041680e+06	2.038520e+06	2.032560e+06	2.051040e+06	2.043000e+06	2.057520e+06	2.054600e+06	2.055660e+06	2.048880e+06	2.038320e+06	2.044420e+06	2.050580e+06	2.039660e+06	2.039420e+06	2.034600e+06	2.037160e+06	2.046300e+06	2.050820e+06	2.048000e+06	2.035780e+06	2.034840e+06	2.036480e+06	2.037400e+06	2.041040e+06	2.047440e+06	2.047640e+06	2.046660e+06	2.040240e+06	2.055480e+06	2.048520e+06	2.044280e+06	2.045020e+06	2.056140e+06	2.048780e+06	2.050360e+06	2.043540e+06	2.048340e+06	2.038840e+06	2.045280e+06	2.041740e+06	2.039500e+06	2.049680e+06	2.031720e+06	2.040160e+06	2.042220e+06	2.049120e+06	2.050340e+06	2.048120e+06	2.051440e+06	2.041560e+06	2.045080e+06	2.052320e+06	2.039140e+06	2.047820e+06	2.050700e+06	2.051220e+06	2.046640e+06	2.040700e+06	2.046560e+06	2.043880e+06	2.054040e+06	2.045340e+06	2.047200e+06	2.038540e+06	2.039420e+06	2.035800e+06	2.038040e+06	2.054700e+06	2.044040e+06	2.049360e+06	2.038760e+06	2.041800e+06	2.043420e+06	2.036000e+06	2.037740e+06	2.049700e+06	2.045920e+06	2.037700e+06	2.064240e+06	2.048400e+06	2.038540e+06	2.042960e+06	2.053540e+06	2.045860e+06	2.043980e+06	2.062880e+06	2.070720e+06	2.051400e+06	2.058840e+06	2.044060e+06	2.055380e+06	2.056020e+06	2.044660e+06	2.038160e+06	2.051440e+06	2.041240e+06	2.055340e+06	2.044020e+06	2.049640e+06	2.054980e+06	2.045260e+06	2.052040e+06	2.052600e+06	2.049660e+06	2.044380e+06	2.051580e+06	2.046700e+06	2.054300e+06	2.056300e+06	2.040480e+06	2.053000e+06	2.048440e+06	2.045160e+06	2.055920e+06	2.045560e+06	2.043380e+06	2.045980e+06	2.044880e+06	2.061420e+06	2.054500e+06	2.049820e+06	2.052300e+06	2.045540e+06	2.032720e+06	2.038520e+06	2.040360e+06	2.046460e+06	2.038800e+06	2.038180e+06	2.040980e+06	2.045260e+06	2.050060e+06	2.035660e+06	2.042900e+06	2.044660e+06	2.051700e+06	2.047900e+06	2.049800e+06	2.045740e+06	2.055720e+06	2.051240e+06	2.048860e+06	2.040780e+06	2.047960e+06	2.057420e+06	2.047820e+06	2.039140e+06	2.042360e+06	2.046460e+06	2.043440e+06	2.045380e+06	2.036800e+06	2.044880e+06	2.036720e+06	2.042660e+06	2.040260e+06	2.047420e+06	2.046560e+06	2.032760e+06	2.041020e+06	2.042140e+06	2.051940e+06	2.040220e+06	2.050740e+06	2.036860e+06	2.046280e+06	2.066020e+06	2.056940e+06	2.039240e+06	2.038800e+06	2.046200e+06	2.046400e+06	2.053040e+06	2.054360e+06	2.051720e+06	2.049860e+06	2.039680e+06	2.039320e+06	2.056700e+06	2.037780e+06	2.037520e+06	2.039160e+06	2.047780e+06	2.054840e+06	2.039200e+06	2.034940e+06	2.046360e+06	2.044600e+06	2.046280e+06	2.046560e+06	2.044860e+06	2.058700e+06	2.049900e+06	2.048440e+06	2.040760e+06	2.056400e+06	2.047140e+06	2.055020e+06	2.046700e+06	2.050360e+06	2.049040e+06	2.049300e+06	2.050600e+06	2.047880e+06	2.057000e+06	2.049700e+06	2.054180e+06	2.057220e+06	2.046780e+06	2.054000e+06	2.053580e+06	2.054980e+06	2.052180e+06	2.050920e+06	2.058460e+06	2.047560e+06	2.049740e+06	2.046040e+06	2.047400e+06	2.045040e+06	2.049140e+06	2.050820e+06	2.057860e+06	2.059100e+06	2.042620e+06	2.060400e+06	2.043820e+06	2.045340e+06	2.044600e+06	2.048660e+06	2.044880e+06	2.047640e+06	2.047080e+06	2.046040e+06	2.049040e+06	2.048780e+06	2.044460e+06	2.042740e+06	2.045440e+06	2.047760e+06	2.053780e+06	2.051680e+06	2.040560e+06	2.055440e+06	2.043780e+06	2.059660e+06	2.065600e+06	2.045860e+06	2.046800e+06	2.051160e+06	2.042200e+06
2.049660e+06	2.056860e+06	2.053680e+06	2.052340e+06	2.054780e+06	2.057780e+06	2.067760e+06	2.053520e+06	2.059540e+06	2.067600e+06	2.059680e+06	2.050160e+06	2.053580e+06	2.058480e+06	2.060260e+06	2.055520e+06	2.059140e+06	2.062540e+06	2.046880e+06	2.060980e+06	2.063920e+06	2.043440e+06	2.067560e+06	2.053500e+06	2.058900e+06	2.059040e+06	2.044160e+06	2.057480e+06	2.062780e+06	2.061720e+06	2.050860e+06	2.057360e+06	2.057580e+06	2.055980e+06	2.059180e+06	2.056040e+06	2.060580e+06	2.054300e+06	2.067460e+06	2.059920e+06	2.058920e+06	2.054940e+06	2.052140e+06	2.060840e+06	2.048940e+06	2.053360e+06	2.064000e+06	2.058320e+06	2.057460e+06	2.066640e+06	2.070040e+06	2.055500e+06	2.056640e+06	2.050480e+06	2.044820e+06	2.043900e+06	2.054200e+06	2.047520e+06	2.049340e+06	2.054060e+06	2.057920e+06	2.049620e+06	2.055100e+06	2.050520e+06	2.064460e+06	2.052600e+06	2.052940e+06	2.054900e+06	2.049960e+06	2.055240e+06	2.064400e+06	2.050880e+06	2.046760e+06	2.063380e+06	2.052060e+06	2.051660e+06	2.049380e+06	2.057400e+06	2.050020e+06	2.054420e+06	2.052500e+06	2.070160e+06	2.053380e+06	2.050580e+06	2.049800e+06	2.061760e+06	2.055980e+06	2.047880e+06	2.043280e+06	2.058060e+06	2.053560e+06	2.053520e+06	2.052780e+06	2.054780e+06	2.047880e+06	2.055840e+06	2.059320e+06	2.052680e+06	2.060220e+06	2.050120e+06	2.054940e+06	2.056020e+06	2.058880e+06	2.064840e+06	2.047420e+06	2.049300e+06	2.051520e+06	2.056840e+06	2.051120e+06	2.058180e+06	2.051640e+06	2.055700e+06	2.064520e+06	2.051220e+06	2.054380e+06	2.053720e+06	2.051380e+06	2.054000e+06	2.041380e+06	2.056140e+06	2.054980e+06	2.059440e+06	2.053980e+06	2.046680e+06	2.054500e+06	2.048660e+06	2.053980e+06	2.063120e+06	2.074060e+06	2.060000e+06	2.054580e+06	2.050760e+06	2.046720e+06	2.052880e+06	2.059980e+06	2.053760e+06	2.044740e+06	2.061920e+06	2.058060e+06	2.052040e+06	2.053020e+06	2.055760e+06	2.054380e+06	2.061840e+06	2.063660e+06	2.060000e+06	2.050320e+06	2.055980e+06	2.048420e+06	2.062920e+06	2.055600e+06	2.048320e+06	2.060240e+06	2.062660e+06	2.050720e+06	2.055740e+06	2.059040e+06	2.050760e+06	2.057560e+06	2.054960e+06	2.055980e+06	2.051800e+06	2.050960e+06	2.053080e+06	2.047060e+06	2.048500e+06	2.051220e+06	2.052380e+06	2.055500e+06	2.050940e+06	2.059760e+06	2.050460e+06	2.060600e+06	2.057020e+06	2.049120e+06	2.058660e+06	2.036320e+06	2.057900e+06	2.048720e+06	2.052300e+06	2.058160e+06	2.045740e+06	2.050560e+06	2.053620e+06	2.056420e+06	2.047080e+06	2.056520e+06	2.054500e+06	2.056380e+06	2.042600e+06	2.059640e+06	2.057840e+06	2.052600e+06	2.048940e+06	2.048400e+06	2.053640e+06	2.050860e+06	2.065240e+06	2.058160e+06	2.060420e+06	2.058300e+06	2.060900e+06	2.062300e+06	2.050100e+06	2.050540e+06	2.048980e+06	2.047260e+06	2.052640e+06	2.048380e+06	2.054780e+06	2.052520e+06	2.059440e+06	2.044020e+06	2.047700e+06	2.045660e+06	2.052680e+06	2.047420e+06	2.051500e+06	2.053500e+06	2.046480e+06	2.057620e+06	2.056880e+06	2.048680e+06	2.053320e+06	2.058200e+06	2.047320e+06	2.048280e+06	2.051300e+06	2.046100e+06	2.050540e+06	2.039360e+06	2.045740e+06	2.053540e+06	2.062860e+06	2.050940e+06	2.058480e+06	2.059420e+06	2.071840e+06	2.057380e+06	2.053060e+06	2.048760e+06	2.047760e+06	2.067080e+06	2.062200e+06	2.060400e+06	2.055600e+06	2.049660e+06	2.053540e+06	2.058340e+06	2.061880e+06	2.055720e+06	2.047220e+06	2.066360e+06	2.060600e+06	2.050780e+06	2.058940e+06	2.056160e+06	2.057240e+06	2.051380e+06	2.056160e+06	2.049700e+06	2.049320e+06	2.047520e+06	2.050560e+06	2.044500e+06	2.054700e+06	2.058360e+06	2.062920e+06	2.054780e+06	2.065160e+06	2.052900e+06	2.045620e+06	2.050320e+06	2.057920e+06	2.055620e+06	2.068000e+06	2.046040e+06	2.050140e+06	2.057180e+06	2.059700e+06	2.070380e+06	2.061220e+06	2.056520e+06	2.057160e+06	2.053780e+06	2.054640e+06	2.061880e+06	2.048960e+06	2.062200e+06	2.054520e+06	2.060220e+06	2.046660e+06	2.054740e+06	2.051140e+06	2.055200e+06	2.059140e+06	2.068020e+06	2.058380e+06	2.057120e+06	2.067700e+06	2.056100e+06
