#Saved Data from the class odmr_logic on 15.07.2022 at 15h03m54s.
#
#Parameters:
#===========
#
#Microwave CW Power (dBm): -1.0000000000000000e+01
#Microwave Sweep Power (dBm): 0.0000000000000000e+00
#Run Time (s): 3.0000000000000000e+02
#Number of frequency sweeps (#): 48
#Start Frequencies (Hz): [2750000000.0]
#Stop Frequencies (Hz): [2990000000.0]
#Step sizes (Hz): [2000000.0]
#Clock Frequencies (Hz): 20
#Channel: 0: /Dev1/Ctr3
#
#Data:
#=====
#count data (counts/s)
2.530000e+06	2.522660e+06	2.532420e+06	2.518800e+06	2.511800e+06	2.523240e+06	2.517440e+06	2.530180e+06	2.524120e+06	2.537000e+06	2.533980e+06	2.519520e+06	2.524840e+06	2.526520e+06	2.528580e+06	2.524140e+06	2.527820e+06	2.512300e+06	2.520820e+06	2.517620e+06	2.514320e+06	2.507380e+06	2.535460e+06	2.525360e+06	2.523120e+06	2.524420e+06	2.530540e+06	2.534100e+06	2.526280e+06	2.524100e+06	2.530320e+06	2.516300e+06	2.512460e+06	2.526680e+06	2.511120e+06	2.513460e+06	2.510280e+06	2.520300e+06	2.512060e+06	2.531700e+06	2.522300e+06	2.516580e+06	2.520020e+06	2.535060e+06	2.534960e+06	2.531520e+06	2.533220e+06	2.529980e+06	2.521920e+06	2.528620e+06	2.521400e+06	2.530820e+06	2.513140e+06	2.526100e+06	2.528540e+06	2.514700e+06	2.529120e+06	2.526200e+06	2.525920e+06	2.529820e+06	2.521000e+06	2.532240e+06	2.534780e+06	2.532080e+06	2.519660e+06	2.533280e+06	2.526200e+06	2.532340e+06	2.533320e+06	2.518660e+06	2.523620e+06	2.519660e+06	2.518340e+06	2.526900e+06	2.515980e+06	2.523400e+06	2.520760e+06	2.529580e+06	2.526140e+06	2.522880e+06	2.526160e+06	2.532620e+06	2.541140e+06	2.530040e+06	2.529060e+06	2.523700e+06	2.515660e+06	2.508000e+06	2.508360e+06	2.515340e+06	2.507680e+06	2.523840e+06	2.519180e+06	2.529440e+06	2.534140e+06	2.534160e+06	2.527980e+06	2.521900e+06	2.536360e+06	2.535760e+06	2.537120e+06	2.522980e+06	2.519740e+06	2.527020e+06	2.523260e+06	2.518580e+06	2.526420e+06	2.527940e+06	2.526520e+06	2.521520e+06	2.533780e+06	2.528060e+06	2.512460e+06	2.512940e+06	2.520620e+06	2.527580e+06	2.531180e+06	2.534220e+06	2.531820e+06	2.524780e+06	2.519580e+06
2.514520e+06	2.518900e+06	2.524480e+06	2.527620e+06	2.526760e+06	2.516160e+06	2.512580e+06	2.533900e+06	2.520260e+06	2.522840e+06	2.512340e+06	2.519900e+06	2.530660e+06	2.508760e+06	2.512420e+06	2.514780e+06	2.524280e+06	2.523180e+06	2.506840e+06	2.514720e+06	2.512160e+06	2.514780e+06	2.523260e+06	2.520940e+06	2.523380e+06	2.518200e+06	2.519360e+06	2.516720e+06	2.522100e+06	2.527540e+06	2.523120e+06	2.515980e+06	2.529360e+06	2.508060e+06	2.513540e+06	2.512420e+06	2.510120e+06	2.512720e+06	2.507200e+06	2.530380e+06	2.511040e+06	2.513100e+06	2.525160e+06	2.526100e+06	2.520100e+06	2.525920e+06	2.524020e+06	2.528680e+06	2.517660e+06	2.526080e+06	2.533940e+06	2.526620e+06	2.520400e+06	2.523460e+06	2.515440e+06	2.518400e+06	2.526240e+06	2.517120e+06	2.526740e+06	2.527440e+06	2.520980e+06	2.520820e+06	2.522980e+06	2.517120e+06	2.513520e+06	2.525740e+06	2.533260e+06	2.533300e+06	2.511740e+06	2.529280e+06	2.514320e+06	2.502640e+06	2.514740e+06	2.499180e+06	2.524820e+06	2.511360e+06	2.522400e+06	2.514640e+06	2.515060e+06	2.521880e+06	2.522380e+06	2.530600e+06	2.525080e+06	2.516240e+06	2.523700e+06	2.515560e+06	2.515600e+06	2.506760e+06	2.506800e+06	2.512560e+06	2.521140e+06	2.518720e+06	2.501660e+06	2.519320e+06	2.515200e+06	2.531940e+06	2.516920e+06	2.520320e+06	2.513720e+06	2.515340e+06	2.517960e+06	2.517900e+06	2.498380e+06	2.511440e+06	2.497240e+06	2.518300e+06	2.518020e+06	2.512760e+06	2.524760e+06	2.527600e+06	2.523080e+06	2.509540e+06	2.528500e+06	2.520780e+06	2.520440e+06	2.514700e+06	2.524420e+06	2.526220e+06	2.521700e+06	2.514020e+06	2.520600e+06
2.544700e+06	2.547280e+06	2.546580e+06	2.545280e+06	2.542340e+06	2.554080e+06	2.544220e+06	2.542960e+06	2.529640e+06	2.542340e+06	2.545660e+06	2.561580e+06	2.542100e+06	2.538580e+06	2.533500e+06	2.546180e+06	2.532880e+06	2.541260e+06	2.537140e+06	2.525000e+06	2.534360e+06	2.545800e+06	2.532240e+06	2.553100e+06	2.548600e+06	2.550460e+06	2.533920e+06	2.536240e+06	2.534040e+06	2.541220e+06	2.531260e+06	2.532960e+06	2.542420e+06	2.530860e+06	2.540260e+06	2.533400e+06	2.524160e+06	2.520680e+06	2.533880e+06	2.538420e+06	2.525560e+06	2.538960e+06	2.544620e+06	2.534060e+06	2.538040e+06	2.542180e+06	2.527800e+06	2.531280e+06	2.533400e+06	2.553740e+06	2.531120e+06	2.530380e+06	2.534360e+06	2.530780e+06	2.525100e+06	2.543240e+06	2.524900e+06	2.532080e+06	2.531640e+06	2.520420e+06	2.532360e+06	2.525300e+06	2.551220e+06	2.534760e+06	2.527580e+06	2.529500e+06	2.530720e+06	2.532960e+06	2.523640e+06	2.538120e+06	2.529360e+06	2.519320e+06	2.532200e+06	2.530140e+06	2.529120e+06	2.523000e+06	2.530100e+06	2.534220e+06	2.529160e+06	2.518820e+06	2.532420e+06	2.537500e+06	2.530280e+06	2.525420e+06	2.521860e+06	2.528680e+06	2.523140e+06	2.512040e+06	2.523940e+06	2.507860e+06	2.529180e+06	2.519800e+06	2.519800e+06	2.521080e+06	2.532480e+06	2.519700e+06	2.534500e+06	2.527860e+06	2.528100e+06	2.524660e+06	2.520020e+06	2.531280e+06	2.520480e+06	2.517160e+06	2.519300e+06	2.521300e+06	2.519040e+06	2.516780e+06	2.527020e+06	2.525680e+06	2.526900e+06	2.525100e+06	2.525120e+06	2.514920e+06	2.524480e+06	2.529480e+06	2.515000e+06	2.523160e+06	2.516220e+06	2.512260e+06	2.534800e+06
2.531780e+06	2.534140e+06	2.524660e+06	2.523920e+06	2.531960e+06	2.527700e+06	2.508620e+06	2.526080e+06	2.529440e+06	2.515720e+06	2.529040e+06	2.514780e+06	2.530600e+06	2.519920e+06	2.532320e+06	2.542220e+06	2.501200e+06	2.514340e+06	2.511420e+06	2.511760e+06	2.507600e+06	2.506320e+06	2.518240e+06	2.512220e+06	2.517800e+06	2.533660e+06	2.524800e+06	2.521720e+06	2.517820e+06	2.525720e+06	2.522600e+06	2.516100e+06	2.519300e+06	2.508500e+06	2.521880e+06	2.512200e+06	2.507000e+06	2.502220e+06	2.511180e+06	2.508380e+06	2.522600e+06	2.512760e+06	2.517400e+06	2.517640e+06	2.529760e+06	2.521760e+06	2.527280e+06	2.517100e+06	2.513080e+06	2.524940e+06	2.529800e+06	2.529920e+06	2.519140e+06	2.518640e+06	2.526400e+06	2.514940e+06	2.532580e+06	2.527120e+06	2.533120e+06	2.531620e+06	2.531480e+06	2.522180e+06	2.524340e+06	2.525660e+06	2.526420e+06	2.526540e+06	2.524520e+06	2.549260e+06	2.523780e+06	2.525160e+06	2.524720e+06	2.518840e+06	2.518640e+06	2.524580e+06	2.519440e+06	2.522440e+06	2.529940e+06	2.542780e+06	2.531160e+06	2.526540e+06	2.534580e+06	2.529000e+06	2.526800e+06	2.540000e+06	2.534040e+06	2.530780e+06	2.525740e+06	2.531580e+06	2.525760e+06	2.536620e+06	2.547500e+06	2.544300e+06	2.531480e+06	2.529900e+06	2.541020e+06	2.534960e+06	2.533620e+06	2.532260e+06	2.542740e+06	2.528720e+06	2.539320e+06	2.524900e+06	2.531260e+06	2.525100e+06	2.518340e+06	2.528960e+06	2.535440e+06	2.543840e+06	2.544640e+06	2.544600e+06	2.536740e+06	2.545500e+06	2.553300e+06	2.542740e+06	2.552600e+06	2.552520e+06	2.544380e+06	2.551420e+06	2.536140e+06	2.562140e+06	2.549000e+06
2.543000e+06	2.547160e+06	2.542120e+06	2.532780e+06	2.537940e+06	2.537720e+06	2.529540e+06	2.538320e+06	2.537240e+06	2.544360e+06	2.544280e+06	2.545760e+06	2.539960e+06	2.539780e+06	2.542120e+06	2.537020e+06	2.535160e+06	2.536520e+06	2.522140e+06	2.534820e+06	2.523780e+06	2.540800e+06	2.538760e+06	2.534260e+06	2.536840e+06	2.529080e+06	2.533300e+06	2.529620e+06	2.535360e+06	2.526480e+06	2.538860e+06	2.538420e+06	2.530780e+06	2.540960e+06	2.530920e+06	2.521980e+06	2.504780e+06	2.515060e+06	2.518500e+06	2.528540e+06	2.524120e+06	2.546800e+06	2.545320e+06	2.523940e+06	2.530600e+06	2.530520e+06	2.528000e+06	2.537900e+06	2.541860e+06	2.539240e+06	2.529980e+06	2.538840e+06	2.525300e+06	2.532120e+06	2.529600e+06	2.540300e+06	2.533860e+06	2.530740e+06	2.552540e+06	2.535300e+06	2.524560e+06	2.536600e+06	2.535700e+06	2.537060e+06	2.536400e+06	2.538220e+06	2.529780e+06	2.547020e+06	2.541440e+06	2.531180e+06	2.527900e+06	2.530360e+06	2.538860e+06	2.519400e+06	2.525860e+06	2.533600e+06	2.536700e+06	2.547260e+06	2.538000e+06	2.525220e+06	2.531860e+06	2.524400e+06	2.529540e+06	2.531620e+06	2.539280e+06	2.512980e+06	2.528140e+06	2.502000e+06	2.525280e+06	2.520840e+06	2.525900e+06	2.523180e+06	2.539120e+06	2.537900e+06	2.533420e+06	2.529560e+06	2.532840e+06	2.527760e+06	2.540700e+06	2.534400e+06	2.529380e+06	2.519180e+06	2.518580e+06	2.530120e+06	2.523820e+06	2.528780e+06	2.521380e+06	2.525160e+06	2.528720e+06	2.535780e+06	2.527340e+06	2.543600e+06	2.532780e+06	2.527100e+06	2.537880e+06	2.528980e+06	2.538260e+06	2.516700e+06	2.524880e+06	2.526060e+06	2.537420e+06
2.529120e+06	2.522080e+06	2.525580e+06	2.541420e+06	2.537400e+06	2.524160e+06	2.531820e+06	2.528520e+06	2.538400e+06	2.532320e+06	2.528240e+06	2.536280e+06	2.531940e+06	2.531560e+06	2.534600e+06	2.524000e+06	2.524660e+06	2.523660e+06	2.528320e+06	2.507960e+06	2.516480e+06	2.534620e+06	2.518400e+06	2.532400e+06	2.527440e+06	2.520440e+06	2.529740e+06	2.525940e+06	2.530800e+06	2.529480e+06	2.533800e+06	2.527740e+06	2.511380e+06	2.514800e+06	2.521860e+06	2.534880e+06	2.520040e+06	2.530280e+06	2.519400e+06	2.526520e+06	2.536560e+06	2.531700e+06	2.548120e+06	2.530320e+06	2.529400e+06	2.535520e+06	2.533040e+06	2.534080e+06	2.533300e+06	2.527060e+06	2.537600e+06	2.536200e+06	2.521300e+06	2.534620e+06	2.523100e+06	2.527260e+06	2.530280e+06	2.545080e+06	2.529440e+06	2.537880e+06	2.530640e+06	2.533860e+06	2.523780e+06	2.547020e+06	2.542640e+06	2.544820e+06	2.536660e+06	2.532340e+06	2.530240e+06	2.526060e+06	2.527840e+06	2.537520e+06	2.524360e+06	2.529840e+06	2.536560e+06	2.535300e+06	2.530800e+06	2.531960e+06	2.539240e+06	2.534700e+06	2.532520e+06	2.543760e+06	2.539780e+06	2.543020e+06	2.524720e+06	2.516120e+06	2.538580e+06	2.530640e+06	2.533040e+06	2.537440e+06	2.530000e+06	2.533200e+06	2.537980e+06	2.544700e+06	2.519640e+06	2.547860e+06	2.530160e+06	2.535540e+06	2.538520e+06	2.546380e+06	2.528740e+06	2.526840e+06	2.528260e+06	2.534360e+06	2.533420e+06	2.543140e+06	2.535600e+06	2.537620e+06	2.536440e+06	2.526980e+06	2.549560e+06	2.545760e+06	2.536560e+06	2.527060e+06	2.531980e+06	2.550060e+06	2.539440e+06	2.545380e+06	2.536060e+06	2.536800e+06	2.545300e+06
2.535460e+06	2.544940e+06	2.528140e+06	2.532740e+06	2.517860e+06	2.528320e+06	2.520260e+06	2.533600e+06	2.520400e+06	2.533340e+06	2.539200e+06	2.514540e+06	2.517300e+06	2.525760e+06	2.543180e+06	2.522260e+06	2.525460e+06	2.530700e+06	2.516580e+06	2.524740e+06	2.525260e+06	2.526860e+06	2.520880e+06	2.530600e+06	2.528640e+06	2.528620e+06	2.527420e+06	2.520840e+06	2.529320e+06	2.536240e+06	2.529620e+06	2.522800e+06	2.523780e+06	2.524140e+06	2.522620e+06	2.513220e+06	2.510860e+06	2.518100e+06	2.516680e+06	2.524720e+06	2.502320e+06	2.532080e+06	2.526700e+06	2.526440e+06	2.529480e+06	2.529880e+06	2.536100e+06	2.535880e+06	2.523860e+06	2.528960e+06	2.516240e+06	2.526020e+06	2.528500e+06	2.517940e+06	2.518180e+06	2.531380e+06	2.535940e+06	2.546600e+06	2.538780e+06	2.538240e+06	2.534560e+06	2.537540e+06	2.544040e+06	2.538340e+06	2.532640e+06	2.541860e+06	2.533220e+06	2.549900e+06	2.537340e+06	2.541060e+06	2.537480e+06	2.535120e+06	2.540180e+06	2.540700e+06	2.530100e+06	2.532200e+06	2.536140e+06	2.553960e+06	2.541860e+06	2.534500e+06	2.541400e+06	2.534320e+06	2.550060e+06	2.529080e+06	2.541980e+06	2.539680e+06	2.515860e+06	2.525840e+06	2.532580e+06	2.536080e+06	2.544380e+06	2.536860e+06	2.550480e+06	2.530100e+06	2.544180e+06	2.528960e+06	2.539620e+06	2.527780e+06	2.536500e+06	2.532420e+06	2.531340e+06	2.530900e+06	2.528540e+06	2.519080e+06	2.528400e+06	2.519200e+06	2.533140e+06	2.534120e+06	2.534820e+06	2.521400e+06	2.533320e+06	2.526980e+06	2.535500e+06	2.533520e+06	2.520800e+06	2.539720e+06	2.520340e+06	2.547580e+06	2.527520e+06	2.526880e+06	2.536780e+06
2.542760e+06	2.530760e+06	2.531020e+06	2.532520e+06	2.544220e+06	2.532720e+06	2.528400e+06	2.526940e+06	2.532900e+06	2.523640e+06	2.531340e+06	2.539180e+06	2.535180e+06	2.530720e+06	2.534720e+06	2.525660e+06	2.531040e+06	2.534680e+06	2.528360e+06	2.514600e+06	2.520440e+06	2.523940e+06	2.524760e+06	2.532780e+06	2.536020e+06	2.544880e+06	2.542840e+06	2.536640e+06	2.523860e+06	2.534240e+06	2.546360e+06	2.541360e+06	2.540240e+06	2.536740e+06	2.532880e+06	2.527880e+06	2.520120e+06	2.517680e+06	2.525920e+06	2.531840e+06	2.530020e+06	2.547420e+06	2.542360e+06	2.540480e+06	2.550420e+06	2.528080e+06	2.545280e+06	2.545740e+06	2.534240e+06	2.538320e+06	2.544700e+06	2.518380e+06	2.523480e+06	2.523400e+06	2.530660e+06	2.522440e+06	2.525120e+06	2.527640e+06	2.528520e+06	2.541920e+06	2.533060e+06	2.532400e+06	2.532280e+06	2.525300e+06	2.532360e+06	2.539220e+06	2.532740e+06	2.530160e+06	2.534340e+06	2.525060e+06	2.513440e+06	2.527800e+06	2.521340e+06	2.525880e+06	2.524720e+06	2.533580e+06	2.524580e+06	2.536040e+06	2.523900e+06	2.524520e+06	2.524940e+06	2.529720e+06	2.521480e+06	2.529660e+06	2.526820e+06	2.514840e+06	2.515500e+06	2.514940e+06	2.518420e+06	2.522840e+06	2.536640e+06	2.531060e+06	2.528580e+06	2.527140e+06	2.534740e+06	2.529280e+06	2.527440e+06	2.525680e+06	2.532120e+06	2.525960e+06	2.528220e+06	2.517080e+06	2.507940e+06	2.535240e+06	2.521740e+06	2.513700e+06	2.533300e+06	2.524740e+06	2.525300e+06	2.537060e+06	2.528520e+06	2.516420e+06	2.520840e+06	2.528560e+06	2.530240e+06	2.519660e+06	2.532300e+06	2.522480e+06	2.530160e+06	2.519520e+06	2.519560e+06
2.537260e+06	2.532780e+06	2.533940e+06	2.539100e+06	2.544900e+06	2.550440e+06	2.540060e+06	2.539580e+06	2.535480e+06	2.521800e+06	2.541800e+06	2.540400e+06	2.534880e+06	2.545240e+06	2.532000e+06	2.524300e+06	2.527600e+06	2.530220e+06	2.534600e+06	2.524400e+06	2.529080e+06	2.517400e+06	2.524100e+06	2.535740e+06	2.527420e+06	2.541160e+06	2.533500e+06	2.535520e+06	2.538560e+06	2.541160e+06	2.540500e+06	2.551160e+06	2.535960e+06	2.539480e+06	2.530020e+06	2.524320e+06	2.538680e+06	2.517800e+06	2.525360e+06	2.536820e+06	2.543820e+06	2.531760e+06	2.541380e+06	2.533360e+06	2.536940e+06	2.536100e+06	2.538340e+06	2.535800e+06	2.531560e+06	2.539780e+06	2.542580e+06	2.544660e+06	2.539460e+06	2.536020e+06	2.537080e+06	2.548080e+06	2.555120e+06	2.544140e+06	2.541300e+06	2.544700e+06	2.536620e+06	2.542240e+06	2.529580e+06	2.534240e+06	2.535900e+06	2.535200e+06	2.534720e+06	2.543000e+06	2.541160e+06	2.538660e+06	2.536880e+06	2.525960e+06	2.537900e+06	2.534200e+06	2.538000e+06	2.544260e+06	2.533140e+06	2.537020e+06	2.537600e+06	2.540740e+06	2.537600e+06	2.545200e+06	2.529380e+06	2.536740e+06	2.544000e+06	2.529260e+06	2.519780e+06	2.531840e+06	2.533500e+06	2.529260e+06	2.542080e+06	2.527580e+06	2.530300e+06	2.539580e+06	2.541680e+06	2.549960e+06	2.540280e+06	2.538080e+06	2.534220e+06	2.525880e+06	2.535580e+06	2.528900e+06	2.519520e+06	2.525080e+06	2.514680e+06	2.540480e+06	2.535440e+06	2.536440e+06	2.546160e+06	2.535940e+06	2.538580e+06	2.531720e+06	2.527060e+06	2.535360e+06	2.526280e+06	2.544480e+06	2.545860e+06	2.533900e+06	2.537560e+06	2.539020e+06	2.538920e+06
2.531540e+06	2.530840e+06	2.525480e+06	2.530820e+06	2.538600e+06	2.530340e+06	2.534300e+06	2.532960e+06	2.525200e+06	2.528980e+06	2.530120e+06	2.522680e+06	2.531140e+06	2.523580e+06	2.526440e+06	2.535020e+06	2.531380e+06	2.524740e+06	2.529400e+06	2.519600e+06	2.523320e+06	2.527120e+06	2.524840e+06	2.523000e+06	2.525420e+06	2.534980e+06	2.526140e+06	2.534900e+06	2.533000e+06	2.516580e+06	2.540100e+06	2.531380e+06	2.536000e+06	2.537540e+06	2.525000e+06	2.519860e+06	2.512420e+06	2.499820e+06	2.516400e+06	2.527540e+06	2.515460e+06	2.541100e+06	2.538920e+06	2.536300e+06	2.527260e+06	2.526520e+06	2.533920e+06	2.533700e+06	2.541040e+06	2.539100e+06	2.532900e+06	2.532820e+06	2.532060e+06	2.533340e+06	2.527160e+06	2.533740e+06	2.529260e+06	2.530580e+06	2.531940e+06	2.541360e+06	2.526840e+06	2.536360e+06	2.528320e+06	2.523280e+06	2.538280e+06	2.530360e+06	2.532600e+06	2.538000e+06	2.539300e+06	2.535180e+06	2.536740e+06	2.526700e+06	2.539680e+06	2.534960e+06	2.524200e+06	2.526060e+06	2.538840e+06	2.533040e+06	2.539100e+06	2.537600e+06	2.543300e+06	2.537120e+06	2.539280e+06	2.515440e+06	2.537280e+06	2.538500e+06	2.525480e+06	2.520200e+06	2.537560e+06	2.521520e+06	2.530400e+06	2.531280e+06	2.528240e+06	2.543380e+06	2.541960e+06	2.535140e+06	2.527320e+06	2.526220e+06	2.541080e+06	2.533320e+06	2.534000e+06	2.531480e+06	2.521540e+06	2.532260e+06	2.530620e+06	2.529800e+06	2.529640e+06	2.523520e+06	2.542200e+06	2.545660e+06	2.537060e+06	2.535220e+06	2.527480e+06	2.525620e+06	2.545780e+06	2.534160e+06	2.535600e+06	2.534220e+06	2.535460e+06	2.540340e+06	2.538980e+06
2.521460e+06	2.520660e+06	2.528300e+06	2.528740e+06	2.531200e+06	2.532480e+06	2.526760e+06	2.536940e+06	2.536600e+06	2.527020e+06	2.533380e+06	2.545860e+06	2.525820e+06	2.526960e+06	2.536380e+06	2.530880e+06	2.518440e+06	2.518400e+06	2.522160e+06	2.526220e+06	2.513460e+06	2.525700e+06	2.527080e+06	2.528980e+06	2.539900e+06	2.529740e+06	2.524840e+06	2.529500e+06	2.534640e+06	2.535300e+06	2.529580e+06	2.522560e+06	2.519640e+06	2.516100e+06	2.526120e+06	2.527960e+06	2.508700e+06	2.524880e+06	2.514880e+06	2.534800e+06	2.521720e+06	2.534720e+06	2.520500e+06	2.528820e+06	2.524540e+06	2.534060e+06	2.542220e+06	2.542180e+06	2.543880e+06	2.536980e+06	2.523820e+06	2.536580e+06	2.536480e+06	2.531560e+06	2.526800e+06	2.531120e+06	2.519120e+06	2.528320e+06	2.540380e+06	2.526460e+06	2.526040e+06	2.534420e+06	2.542340e+06	2.525000e+06	2.535600e+06	2.536340e+06	2.539420e+06	2.517780e+06	2.535180e+06	2.533540e+06	2.527620e+06	2.535400e+06	2.526900e+06	2.524620e+06	2.541860e+06	2.529780e+06	2.521360e+06	2.527600e+06	2.540140e+06	2.531480e+06	2.515720e+06	2.525700e+06	2.530460e+06	2.528540e+06	2.528100e+06	2.529220e+06	2.522500e+06	2.518520e+06	2.520720e+06	2.528820e+06	2.532180e+06	2.542420e+06	2.533100e+06	2.537380e+06	2.528720e+06	2.526520e+06	2.528640e+06	2.530980e+06	2.536220e+06	2.540600e+06	2.526260e+06	2.526120e+06	2.530120e+06	2.509100e+06	2.520740e+06	2.524960e+06	2.525100e+06	2.522000e+06	2.535260e+06	2.526080e+06	2.514040e+06	2.530860e+06	2.544000e+06	2.535660e+06	2.533540e+06	2.533260e+06	2.542140e+06	2.531480e+06	2.533360e+06	2.532540e+06	2.521580e+06
2.527580e+06	2.524680e+06	2.530280e+06	2.535380e+06	2.525940e+06	2.535220e+06	2.523180e+06	2.532800e+06	2.537340e+06	2.529660e+06	2.527000e+06	2.534100e+06	2.519200e+06	2.519820e+06	2.546160e+06	2.531960e+06	2.536200e+06	2.519080e+06	2.526040e+06	2.526040e+06	2.524920e+06	2.531040e+06	2.538440e+06	2.535540e+06	2.523920e+06	2.521860e+06	2.529920e+06	2.522940e+06	2.527060e+06	2.527880e+06	2.520720e+06	2.516100e+06	2.522960e+06	2.525380e+06	2.526900e+06	2.507940e+06	2.514360e+06	2.510860e+06	2.503260e+06	2.521020e+06	2.522160e+06	2.532300e+06	2.526380e+06	2.522340e+06	2.533740e+06	2.525660e+06	2.530660e+06	2.528380e+06	2.516600e+06	2.530140e+06	2.531420e+06	2.517960e+06	2.515560e+06	2.514320e+06	2.520740e+06	2.514560e+06	2.532320e+06	2.523640e+06	2.523440e+06	2.525700e+06	2.518940e+06	2.531180e+06	2.519020e+06	2.523120e+06	2.523120e+06	2.531440e+06	2.529660e+06	2.532880e+06	2.517700e+06	2.520760e+06	2.521700e+06	2.501140e+06	2.522340e+06	2.534220e+06	2.523960e+06	2.549180e+06	2.538640e+06	2.533660e+06	2.535040e+06	2.526020e+06	2.534420e+06	2.536840e+06	2.538160e+06	2.520480e+06	2.533720e+06	2.521440e+06	2.525140e+06	2.509420e+06	2.519500e+06	2.514420e+06	2.528380e+06	2.524980e+06	2.536000e+06	2.533240e+06	2.535280e+06	2.528620e+06	2.525720e+06	2.537100e+06	2.539260e+06	2.540920e+06	2.542900e+06	2.535480e+06	2.520060e+06	2.514980e+06	2.525260e+06	2.524540e+06	2.526280e+06	2.516420e+06	2.529620e+06	2.538320e+06	2.540000e+06	2.538700e+06	2.532780e+06	2.539600e+06	2.533820e+06	2.527260e+06	2.536440e+06	2.530640e+06	2.535020e+06	2.520100e+06	2.542860e+06
2.527200e+06	2.528700e+06	2.517360e+06	2.524740e+06	2.526640e+06	2.535820e+06	2.528120e+06	2.527600e+06	2.531860e+06	2.528300e+06	2.528640e+06	2.525780e+06	2.531360e+06	2.523660e+06	2.522420e+06	2.531800e+06	2.514540e+06	2.523600e+06	2.517340e+06	2.527520e+06	2.514740e+06	2.516380e+06	2.522280e+06	2.523860e+06	2.514520e+06	2.533320e+06	2.521080e+06	2.536500e+06	2.525580e+06	2.520780e+06	2.515880e+06	2.520800e+06	2.512820e+06	2.517940e+06	2.525200e+06	2.509040e+06	2.503740e+06	2.516140e+06	2.515800e+06	2.518440e+06	2.516640e+06	2.523440e+06	2.528940e+06	2.530580e+06	2.505640e+06	2.523340e+06	2.523860e+06	2.520020e+06	2.518600e+06	2.520060e+06	2.533520e+06	2.519640e+06	2.518160e+06	2.519340e+06	2.513140e+06	2.526800e+06	2.524060e+06	2.519960e+06	2.531900e+06	2.526640e+06	2.520380e+06	2.517080e+06	2.526140e+06	2.519620e+06	2.526880e+06	2.516420e+06	2.519080e+06	2.523040e+06	2.521920e+06	2.519220e+06	2.508920e+06	2.522160e+06	2.511580e+06	2.526580e+06	2.521380e+06	2.506140e+06	2.521140e+06	2.524760e+06	2.524980e+06	2.511240e+06	2.534020e+06	2.537340e+06	2.523420e+06	2.519680e+06	2.523860e+06	2.521080e+06	2.530080e+06	2.509800e+06	2.522940e+06	2.511020e+06	2.512060e+06	2.539340e+06	2.527160e+06	2.525140e+06	2.530100e+06	2.518380e+06	2.541900e+06	2.527080e+06	2.530900e+06	2.528540e+06	2.528400e+06	2.531800e+06	2.522980e+06	2.527140e+06	2.518960e+06	2.525540e+06	2.515620e+06	2.537320e+06	2.533420e+06	2.531100e+06	2.522520e+06	2.529520e+06	2.524200e+06	2.546360e+06	2.536960e+06	2.527280e+06	2.528860e+06	2.516720e+06	2.521960e+06	2.517700e+06	2.523920e+06
2.523900e+06	2.526080e+06	2.521840e+06	2.535280e+06	2.521300e+06	2.516380e+06	2.534140e+06	2.525280e+06	2.519600e+06	2.517760e+06	2.531500e+06	2.527480e+06	2.517300e+06	2.520660e+06	2.532120e+06	2.512100e+06	2.522300e+06	2.512860e+06	2.514900e+06	2.501880e+06	2.523900e+06	2.528400e+06	2.537020e+06	2.531280e+06	2.514220e+06	2.517000e+06	2.521720e+06	2.533480e+06	2.525620e+06	2.528400e+06	2.521120e+06	2.529040e+06	2.525520e+06	2.511100e+06	2.517140e+06	2.513280e+06	2.498060e+06	2.513460e+06	2.516940e+06	2.528880e+06	2.523140e+06	2.520360e+06	2.543300e+06	2.525760e+06	2.525020e+06	2.531080e+06	2.535200e+06	2.528420e+06	2.510920e+06	2.527140e+06	2.527800e+06	2.517140e+06	2.526500e+06	2.529980e+06	2.521340e+06	2.526300e+06	2.508780e+06	2.527480e+06	2.520460e+06	2.533680e+06	2.533640e+06	2.528640e+06	2.523920e+06	2.535760e+06	2.525000e+06	2.527820e+06	2.521540e+06	2.529720e+06	2.523200e+06	2.532820e+06	2.519260e+06	2.522920e+06	2.530060e+06	2.525420e+06	2.522840e+06	2.523140e+06	2.534280e+06	2.537940e+06	2.532240e+06	2.532140e+06	2.529660e+06	2.529080e+06	2.523540e+06	2.532500e+06	2.527300e+06	2.523580e+06	2.518200e+06	2.520900e+06	2.511380e+06	2.508920e+06	2.529920e+06	2.549680e+06	2.527300e+06	2.522900e+06	2.523740e+06	2.526680e+06	2.519920e+06	2.529260e+06	2.532700e+06	2.523280e+06	2.535340e+06	2.526860e+06	2.511600e+06	2.535520e+06	2.512180e+06	2.522080e+06	2.519160e+06	2.531380e+06	2.532140e+06	2.534100e+06	2.527240e+06	2.528200e+06	2.524400e+06	2.533740e+06	2.531140e+06	2.528560e+06	2.531120e+06	2.522220e+06	2.521140e+06	2.518640e+06	2.531900e+06
2.531800e+06	2.533660e+06	2.527720e+06	2.528000e+06	2.523280e+06	2.522740e+06	2.515680e+06	2.518140e+06	2.531960e+06	2.526280e+06	2.532940e+06	2.525180e+06	2.526700e+06	2.535440e+06	2.528680e+06	2.520480e+06	2.527720e+06	2.518660e+06	2.501640e+06	2.522660e+06	2.520360e+06	2.524000e+06	2.518940e+06	2.530640e+06	2.518480e+06	2.528440e+06	2.523120e+06	2.523720e+06	2.534580e+06	2.533000e+06	2.522580e+06	2.527300e+06	2.529680e+06	2.520120e+06	2.532360e+06	2.520280e+06	2.524060e+06	2.515040e+06	2.511460e+06	2.535760e+06	2.525140e+06	2.523180e+06	2.536280e+06	2.528380e+06	2.533920e+06	2.521200e+06	2.527640e+06	2.530000e+06	2.531160e+06	2.528340e+06	2.534560e+06	2.529700e+06	2.527160e+06	2.526940e+06	2.535340e+06	2.533920e+06	2.522680e+06	2.523440e+06	2.542740e+06	2.533200e+06	2.525820e+06	2.537600e+06	2.526160e+06	2.527500e+06	2.528840e+06	2.531440e+06	2.522900e+06	2.529880e+06	2.526880e+06	2.531300e+06	2.518840e+06	2.525560e+06	2.515220e+06	2.531580e+06	2.522360e+06	2.527360e+06	2.534280e+06	2.524720e+06	2.531720e+06	2.527440e+06	2.521360e+06	2.532640e+06	2.525200e+06	2.529360e+06	2.523160e+06	2.532520e+06	2.523120e+06	2.518240e+06	2.513540e+06	2.521740e+06	2.518820e+06	2.525080e+06	2.515740e+06	2.524740e+06	2.526740e+06	2.516740e+06	2.519880e+06	2.516200e+06	2.521700e+06	2.525060e+06	2.521960e+06	2.532000e+06	2.517760e+06	2.515640e+06	2.510800e+06	2.520600e+06	2.515460e+06	2.524920e+06	2.533080e+06	2.521260e+06	2.522400e+06	2.542000e+06	2.524360e+06	2.526320e+06	2.529340e+06	2.518480e+06	2.525660e+06	2.511920e+06	2.534300e+06	2.524480e+06	2.528240e+06
2.521220e+06	2.516020e+06	2.533260e+06	2.533980e+06	2.526420e+06	2.525380e+06	2.530720e+06	2.513840e+06	2.511140e+06	2.519900e+06	2.516980e+06	2.522420e+06	2.512900e+06	2.530240e+06	2.515480e+06	2.525680e+06	2.514780e+06	2.516200e+06	2.506560e+06	2.516200e+06	2.511640e+06	2.533280e+06	2.522740e+06	2.519740e+06	2.528420e+06	2.533600e+06	2.517400e+06	2.530160e+06	2.524440e+06	2.533580e+06	2.523020e+06	2.528520e+06	2.532000e+06	2.509140e+06	2.529600e+06	2.522140e+06	2.502700e+06	2.517440e+06	2.515680e+06	2.532380e+06	2.522000e+06	2.518220e+06	2.521200e+06	2.527400e+06	2.522740e+06	2.531760e+06	2.518920e+06	2.529340e+06	2.514200e+06	2.522780e+06	2.539520e+06	2.534840e+06	2.521480e+06	2.531620e+06	2.514520e+06	2.528520e+06	2.528380e+06	2.535880e+06	2.529960e+06	2.522260e+06	2.527180e+06	2.527840e+06	2.530840e+06	2.525540e+06	2.515640e+06	2.525340e+06	2.529300e+06	2.526140e+06	2.531320e+06	2.534520e+06	2.519320e+06	2.526960e+06	2.528220e+06	2.512840e+06	2.526780e+06	2.532480e+06	2.522980e+06	2.531900e+06	2.519220e+06	2.529560e+06	2.532040e+06	2.528120e+06	2.521460e+06	2.526300e+06	2.519000e+06	2.533640e+06	2.498700e+06	2.516440e+06	2.516080e+06	2.520240e+06	2.532720e+06	2.524640e+06	2.519220e+06	2.533860e+06	2.532100e+06	2.529540e+06	2.529620e+06	2.534420e+06	2.530440e+06	2.536000e+06	2.535200e+06	2.537860e+06	2.526860e+06	2.521100e+06	2.536320e+06	2.538460e+06	2.530860e+06	2.530360e+06	2.526460e+06	2.522620e+06	2.522740e+06	2.534280e+06	2.525380e+06	2.530320e+06	2.525280e+06	2.525180e+06	2.522700e+06	2.529800e+06	2.527560e+06	2.528140e+06	2.516080e+06
2.516140e+06	2.516660e+06	2.513520e+06	2.505260e+06	2.515040e+06	2.508340e+06	2.515520e+06	2.519980e+06	2.511360e+06	2.515700e+06	2.507740e+06	2.507480e+06	2.524940e+06	2.521060e+06	2.505160e+06	2.511240e+06	2.521040e+06	2.514460e+06	2.512580e+06	2.507060e+06	2.511120e+06	2.503380e+06	2.511960e+06	2.512200e+06	2.514960e+06	2.526340e+06	2.518960e+06	2.513340e+06	2.509920e+06	2.509300e+06	2.526640e+06	2.510820e+06	2.511560e+06	2.511980e+06	2.521680e+06	2.518440e+06	2.501540e+06	2.506980e+06	2.517740e+06	2.511560e+06	2.522960e+06	2.508360e+06	2.525140e+06	2.514660e+06	2.519860e+06	2.534260e+06	2.518820e+06	2.521900e+06	2.522980e+06	2.522240e+06	2.513440e+06	2.527020e+06	2.523880e+06	2.528820e+06	2.516220e+06	2.512740e+06	2.524540e+06	2.523100e+06	2.527020e+06	2.531640e+06	2.523280e+06	2.530280e+06	2.524680e+06	2.529720e+06	2.524040e+06	2.531580e+06	2.520180e+06	2.530580e+06	2.527420e+06	2.518360e+06	2.521660e+06	2.525420e+06	2.523800e+06	2.523300e+06	2.520440e+06	2.531240e+06	2.515780e+06	2.522480e+06	2.517340e+06	2.523420e+06	2.534580e+06	2.511980e+06	2.521180e+06	2.527280e+06	2.520840e+06	2.522920e+06	2.507760e+06	2.504840e+06	2.501500e+06	2.505360e+06	2.524980e+06	2.520840e+06	2.529680e+06	2.530000e+06	2.522820e+06	2.528500e+06	2.529360e+06	2.521600e+06	2.526480e+06	2.521300e+06	2.519540e+06	2.522860e+06	2.517180e+06	2.519220e+06	2.522980e+06	2.515260e+06	2.526880e+06	2.526620e+06	2.518980e+06	2.522420e+06	2.529420e+06	2.534760e+06	2.519740e+06	2.521840e+06	2.523680e+06	2.529240e+06	2.530960e+06	2.518900e+06	2.528600e+06	2.520660e+06	2.537920e+06
2.499080e+06	2.503180e+06	2.519480e+06	2.513920e+06	2.499880e+06	2.524600e+06	2.501080e+06	2.512300e+06	2.508440e+06	2.506880e+06	2.508840e+06	2.516680e+06	2.497960e+06	2.517220e+06	2.503140e+06	2.508820e+06	2.502600e+06	2.507020e+06	2.505080e+06	2.505960e+06	2.509880e+06	2.517920e+06	2.514060e+06	2.504160e+06	2.515220e+06	2.508360e+06	2.517560e+06	2.525820e+06	2.514060e+06	2.521800e+06	2.526940e+06	2.506520e+06	2.508080e+06	2.512760e+06	2.517300e+06	2.500420e+06	2.505820e+06	2.505660e+06	2.501000e+06	2.510340e+06	2.512460e+06	2.516700e+06	2.524160e+06	2.522060e+06	2.519100e+06	2.511300e+06	2.503400e+06	2.520380e+06	2.514720e+06	2.501240e+06	2.520840e+06	2.518000e+06	2.502160e+06	2.516260e+06	2.523680e+06	2.509160e+06	2.518120e+06	2.511240e+06	2.510680e+06	2.528800e+06	2.512900e+06	2.515900e+06	2.522080e+06	2.524540e+06	2.527500e+06	2.514700e+06	2.515600e+06	2.521180e+06	2.523380e+06	2.516360e+06	2.517280e+06	2.519000e+06	2.531600e+06	2.520040e+06	2.522900e+06	2.521920e+06	2.518000e+06	2.511860e+06	2.526540e+06	2.512900e+06	2.519220e+06	2.512720e+06	2.524640e+06	2.516080e+06	2.514900e+06	2.513220e+06	2.508960e+06	2.514140e+06	2.504440e+06	2.517640e+06	2.518380e+06	2.512980e+06	2.522980e+06	2.517660e+06	2.516040e+06	2.519160e+06	2.526040e+06	2.509140e+06	2.517100e+06	2.524840e+06	2.516280e+06	2.516820e+06	2.517380e+06	2.516880e+06	2.490840e+06	2.520660e+06	2.521340e+06	2.527320e+06	2.516000e+06	2.514460e+06	2.524420e+06	2.527620e+06	2.524800e+06	2.517980e+06	2.521520e+06	2.518320e+06	2.519800e+06	2.517000e+06	2.518040e+06	2.515900e+06	2.502460e+06
2.537160e+06	2.532640e+06	2.534140e+06	2.537920e+06	2.529460e+06	2.550560e+06	2.546480e+06	2.543420e+06	2.540920e+06	2.529600e+06	2.526620e+06	2.531480e+06	2.536860e+06	2.525360e+06	2.536660e+06	2.524380e+06	2.528180e+06	2.535240e+06	2.520840e+06	2.506920e+06	2.516640e+06	2.531240e+06	2.518500e+06	2.527420e+06	2.532400e+06	2.542280e+06	2.531200e+06	2.528140e+06	2.519680e+06	2.526500e+06	2.525420e+06	2.535120e+06	2.523840e+06	2.537160e+06	2.522960e+06	2.520880e+06	2.513420e+06	2.510980e+06	2.521600e+06	2.516060e+06	2.523380e+06	2.531140e+06	2.539060e+06	2.531260e+06	2.530180e+06	2.529580e+06	2.530820e+06	2.535980e+06	2.539500e+06	2.536100e+06	2.526020e+06	2.526680e+06	2.526720e+06	2.506720e+06	2.529320e+06	2.517820e+06	2.510600e+06	2.515880e+06	2.524940e+06	2.513780e+06	2.516180e+06	2.522260e+06	2.515740e+06	2.515060e+06	2.526500e+06	2.519220e+06	2.528280e+06	2.509960e+06	2.521480e+06	2.517180e+06	2.519160e+06	2.531080e+06	2.513980e+06	2.513760e+06	2.519720e+06	2.512260e+06	2.511720e+06	2.521920e+06	2.515880e+06	2.522520e+06	2.513940e+06	2.517400e+06	2.505480e+06	2.512200e+06	2.520380e+06	2.504060e+06	2.505020e+06	2.507400e+06	2.503520e+06	2.517940e+06	2.509860e+06	2.503680e+06	2.514600e+06	2.500940e+06	2.519040e+06	2.511960e+06	2.503100e+06	2.514860e+06	2.515620e+06	2.506800e+06	2.520340e+06	2.510160e+06	2.506860e+06	2.504080e+06	2.494540e+06	2.506320e+06	2.514580e+06	2.498100e+06	2.490220e+06	2.507640e+06	2.512160e+06	2.521340e+06	2.509640e+06	2.507760e+06	2.508380e+06	2.509720e+06	2.504100e+06	2.500080e+06	2.514120e+06	2.509860e+06	2.501120e+06
2.509060e+06	2.489620e+06	2.503440e+06	2.505180e+06	2.495620e+06	2.504640e+06	2.488940e+06	2.504340e+06	2.514260e+06	2.497140e+06	2.495100e+06	2.509840e+06	2.506380e+06	2.504220e+06	2.507040e+06	2.496380e+06	2.510600e+06	2.507460e+06	2.493040e+06	2.492400e+06	2.501220e+06	2.509080e+06	2.509640e+06	2.510900e+06	2.509840e+06	2.512300e+06	2.501080e+06	2.499660e+06	2.512380e+06	2.513900e+06	2.515660e+06	2.503960e+06	2.503960e+06	2.506720e+06	2.510060e+06	2.506120e+06	2.511940e+06	2.514800e+06	2.511120e+06	2.513200e+06	2.513760e+06	2.522880e+06	2.509780e+06	2.513320e+06	2.533340e+06	2.521740e+06	2.524920e+06	2.515860e+06	2.525380e+06	2.523040e+06	2.512220e+06	2.514260e+06	2.493800e+06	2.514180e+06	2.507540e+06	2.508260e+06	2.495020e+06	2.514460e+06	2.501760e+06	2.505400e+06	2.514720e+06	2.513000e+06	2.510620e+06	2.497020e+06	2.500720e+06	2.493540e+06	2.486380e+06	2.497280e+06	2.504760e+06	2.491260e+06	2.490760e+06	2.479940e+06	2.478260e+06	2.487560e+06	2.488820e+06	2.478120e+06	2.476100e+06	2.471360e+06	2.482220e+06	2.471820e+06	2.478900e+06	2.477040e+06	2.464900e+06	2.471640e+06	2.472500e+06	2.473460e+06	2.472340e+06	2.472240e+06	2.479560e+06	2.480320e+06	2.489120e+06	2.492160e+06	2.495560e+06	2.499560e+06	2.520160e+06	2.541620e+06	2.546060e+06	2.534920e+06	2.547080e+06	2.563060e+06	2.550440e+06	2.546560e+06	2.543820e+06	2.538000e+06	2.555860e+06	2.552460e+06	2.544080e+06	2.540660e+06	2.544180e+06	2.552600e+06	2.537460e+06	2.542740e+06	2.532420e+06	2.529700e+06	2.520560e+06	2.529780e+06	2.522700e+06	2.536220e+06	2.519900e+06	2.514720e+06	2.527580e+06
2.490440e+06	2.487640e+06	2.494920e+06	2.498020e+06	2.495200e+06	2.488180e+06	2.489320e+06	2.490180e+06	2.494840e+06	2.494660e+06	2.497420e+06	2.497260e+06	2.497000e+06	2.499200e+06	2.494800e+06	2.495000e+06	2.489180e+06	2.504600e+06	2.490840e+06	2.485080e+06	2.484960e+06	2.491660e+06	2.494840e+06	2.506320e+06	2.501560e+06	2.518980e+06	2.498740e+06	2.505060e+06	2.505040e+06	2.491580e+06	2.502720e+06	2.507380e+06	2.489280e+06	2.488480e+06	2.489060e+06	2.482260e+06	2.491460e+06	2.484060e+06	2.486440e+06	2.487440e+06	2.488460e+06	2.495880e+06	2.498680e+06	2.505220e+06	2.496780e+06	2.485740e+06	2.499960e+06	2.489720e+06	2.498420e+06	2.503120e+06	2.498680e+06	2.505060e+06	2.503540e+06	2.487240e+06	2.492680e+06	2.505940e+06	2.499360e+06	2.488060e+06	2.490200e+06	2.498520e+06	2.495600e+06	2.507960e+06	2.501200e+06	2.501760e+06	2.494460e+06	2.494580e+06	2.489040e+06	2.487160e+06	2.494100e+06	2.495240e+06	2.488280e+06	2.493180e+06	2.491680e+06	2.490160e+06	2.492720e+06	2.496640e+06	2.489540e+06	2.497520e+06	2.477820e+06	2.489520e+06	2.500420e+06	2.492460e+06	2.486320e+06	2.490400e+06	2.494300e+06	2.496380e+06	2.491300e+06	2.495800e+06	2.486140e+06	2.482840e+06	2.484820e+06	2.492040e+06	2.485780e+06	2.500400e+06	2.495640e+06	2.504780e+06	2.496500e+06	2.493780e+06	2.502180e+06	2.501120e+06	2.484620e+06	2.500560e+06	2.488360e+06	2.485060e+06	2.492260e+06	2.502620e+06	2.508520e+06	2.498400e+06	2.513340e+06	2.503440e+06	2.502040e+06	2.495520e+06	2.492100e+06	2.501120e+06	2.489440e+06	2.499080e+06	2.493720e+06	2.497840e+06	2.512000e+06	2.506960e+06	2.498920e+06
2.520300e+06	2.527360e+06	2.514900e+06	2.512840e+06	2.504220e+06	2.513060e+06	2.525620e+06	2.534080e+06	2.532080e+06	2.518640e+06	2.507920e+06	2.520700e+06	2.519320e+06	2.513100e+06	2.517660e+06	2.519120e+06	2.521160e+06	2.518240e+06	2.518160e+06	2.517820e+06	2.512320e+06	2.514920e+06	2.525760e+06	2.512700e+06	2.531880e+06	2.519780e+06	2.513720e+06	2.519340e+06	2.512800e+06	2.515780e+06	2.522380e+06	2.516580e+06	2.529800e+06	2.518300e+06	2.511660e+06	2.514480e+06	2.511440e+06	2.506340e+06	2.509360e+06	2.511440e+06	2.503380e+06	2.516880e+06	2.520520e+06	2.502380e+06	2.523640e+06	2.512960e+06	2.515080e+06	2.505480e+06	2.519900e+06	2.513700e+06	2.512800e+06	2.508500e+06	2.517480e+06	2.507920e+06	2.502720e+06	2.521100e+06	2.506440e+06	2.511500e+06	2.516800e+06	2.520080e+06	2.514280e+06	2.533320e+06	2.507800e+06	2.517080e+06	2.513400e+06	2.514440e+06	2.502360e+06	2.514720e+06	2.501640e+06	2.506900e+06	2.508700e+06	2.498820e+06	2.499040e+06	2.505840e+06	2.516780e+06	2.515100e+06	2.515040e+06	2.502080e+06	2.514440e+06	2.514860e+06	2.518580e+06	2.508520e+06	2.509420e+06	2.501240e+06	2.504520e+06	2.499720e+06	2.508580e+06	2.502420e+06	2.496260e+06	2.495500e+06	2.508480e+06	2.499740e+06	2.498740e+06	2.498560e+06	2.512420e+06	2.510220e+06	2.518620e+06	2.497040e+06	2.500300e+06	2.500380e+06	2.513480e+06	2.504960e+06	2.492320e+06	2.492820e+06	2.490420e+06	2.497480e+06	2.495460e+06	2.500520e+06	2.492860e+06	2.496720e+06	2.493980e+06	2.497300e+06	2.503080e+06	2.501220e+06	2.502540e+06	2.508040e+06	2.500400e+06	2.494860e+06	2.499540e+06	2.504440e+06	2.498580e+06
2.500640e+06	2.492840e+06	2.489820e+06	2.508380e+06	2.506700e+06	2.498120e+06	2.500920e+06	2.505580e+06	2.508160e+06	2.510860e+06	2.505060e+06	2.506000e+06	2.507160e+06	2.506560e+06	2.516160e+06	2.494800e+06	2.507540e+06	2.514600e+06	2.509740e+06	2.491680e+06	2.495080e+06	2.509160e+06	2.503560e+06	2.494540e+06	2.515500e+06	2.503520e+06	2.507800e+06	2.504700e+06	2.507560e+06	2.511220e+06	2.510980e+06	2.502880e+06	2.516380e+06	2.507440e+06	2.509720e+06	2.497300e+06	2.495840e+06	2.501100e+06	2.500100e+06	2.498380e+06	2.519540e+06	2.497180e+06	2.516800e+06	2.502300e+06	2.513520e+06	2.503740e+06	2.508780e+06	2.489940e+06	2.506380e+06	2.505020e+06	2.506420e+06	2.497940e+06	2.497160e+06	2.503520e+06	2.500000e+06	2.498100e+06	2.502020e+06	2.500380e+06	2.499860e+06	2.493880e+06	2.500780e+06	2.501080e+06	2.516980e+06	2.507580e+06	2.510240e+06	2.511140e+06	2.496120e+06	2.497440e+06	2.515580e+06	2.500560e+06	2.501380e+06	2.501220e+06	2.503360e+06	2.508980e+06	2.510740e+06	2.496980e+06	2.496220e+06	2.504160e+06	2.494980e+06	2.513360e+06	2.496340e+06	2.508640e+06	2.501100e+06	2.501060e+06	2.506880e+06	2.504020e+06	2.501360e+06	2.494140e+06	2.504580e+06	2.506100e+06	2.503760e+06	2.510320e+06	2.506120e+06	2.511880e+06	2.492820e+06	2.502680e+06	2.497040e+06	2.511880e+06	2.505680e+06	2.496720e+06	2.498540e+06	2.500080e+06	2.495320e+06	2.489340e+06	2.506860e+06	2.508140e+06	2.511300e+06	2.502220e+06	2.512300e+06	2.500880e+06	2.502160e+06	2.502200e+06	2.514800e+06	2.510240e+06	2.525420e+06	2.526380e+06	2.501740e+06	2.509920e+06	2.528520e+06	2.511740e+06	2.502440e+06
2.500100e+06	2.500880e+06	2.493880e+06	2.506260e+06	2.512420e+06	2.490720e+06	2.499100e+06	2.496140e+06	2.491360e+06	2.505660e+06	2.499400e+06	2.511140e+06	2.499660e+06	2.501940e+06	2.495600e+06	2.501820e+06	2.506180e+06	2.506840e+06	2.488840e+06	2.486380e+06	2.504200e+06	2.484380e+06	2.494040e+06	2.505220e+06	2.508260e+06	2.502240e+06	2.497900e+06	2.502420e+06	2.497680e+06	2.506840e+06	2.507620e+06	2.502220e+06	2.504540e+06	2.505380e+06	2.505960e+06	2.512860e+06	2.501780e+06	2.498020e+06	2.497300e+06	2.502980e+06	2.513280e+06	2.522280e+06	2.514860e+06	2.520740e+06	2.515800e+06	2.518920e+06	2.515880e+06	2.517320e+06	2.515300e+06	2.513460e+06	2.515100e+06	2.514960e+06	2.508380e+06	2.508660e+06	2.503140e+06	2.509900e+06	2.510980e+06	2.520660e+06	2.507800e+06	2.504700e+06	2.517200e+06	2.514320e+06	2.514900e+06	2.517900e+06	2.513640e+06	2.513880e+06	2.517600e+06	2.508860e+06	2.522860e+06	2.504780e+06	2.520480e+06	2.513620e+06	2.506520e+06	2.515240e+06	2.490360e+06	2.515020e+06	2.506260e+06	2.503940e+06	2.512860e+06	2.516960e+06	2.497080e+06	2.505760e+06	2.504500e+06	2.490720e+06	2.492400e+06	2.491120e+06	2.490100e+06	2.486280e+06	2.487480e+06	2.499100e+06	2.491440e+06	2.494260e+06	2.497520e+06	2.482240e+06	2.494440e+06	2.490840e+06	2.494640e+06	2.489000e+06	2.494460e+06	2.491820e+06	2.494740e+06	2.483440e+06	2.486180e+06	2.478420e+06	2.489560e+06	2.489520e+06	2.502100e+06	2.497860e+06	2.501580e+06	2.488860e+06	2.497340e+06	2.484760e+06	2.495620e+06	2.492540e+06	2.499220e+06	2.482160e+06	2.497500e+06	2.488520e+06	2.494240e+06	2.509840e+06	2.495840e+06
2.506660e+06	2.512340e+06	2.511120e+06	2.517220e+06	2.499720e+06	2.513220e+06	2.506020e+06	2.500320e+06	2.505300e+06	2.522620e+06	2.516140e+06	2.503200e+06	2.499080e+06	2.506800e+06	2.499820e+06	2.500800e+06	2.502200e+06	2.497380e+06	2.490100e+06	2.485480e+06	2.504060e+06	2.503580e+06	2.500640e+06	2.502180e+06	2.502100e+06	2.503320e+06	2.512580e+06	2.497660e+06	2.506200e+06	2.496580e+06	2.492000e+06	2.494460e+06	2.499240e+06	2.501000e+06	2.505260e+06	2.493660e+06	2.473640e+06	2.484980e+06	2.488400e+06	2.503660e+06	2.503080e+06	2.480660e+06	2.484520e+06	2.488060e+06	2.491300e+06	2.489900e+06	2.493460e+06	2.508240e+06	2.499700e+06	2.497880e+06	2.482140e+06	2.484060e+06	2.496860e+06	2.496040e+06	2.495460e+06	2.501880e+06	2.503400e+06	2.499200e+06	2.489520e+06	2.488000e+06	2.501960e+06	2.499000e+06	2.482140e+06	2.489580e+06	2.498120e+06	2.496640e+06	2.490380e+06	2.494680e+06	2.489320e+06	2.492740e+06	2.482400e+06	2.493480e+06	2.479080e+06	2.498280e+06	2.495980e+06	2.480640e+06	2.494360e+06	2.496260e+06	2.496360e+06	2.495600e+06	2.490020e+06	2.490500e+06	2.500000e+06	2.506700e+06	2.488460e+06	2.496360e+06	2.481200e+06	2.477080e+06	2.485360e+06	2.490460e+06	2.481820e+06	2.486120e+06	2.487040e+06	2.487160e+06	2.488380e+06	2.496420e+06	2.496300e+06	2.490680e+06	2.489940e+06	2.492060e+06	2.485160e+06	2.485680e+06	2.488280e+06	2.488440e+06	2.483460e+06	2.488860e+06	2.493820e+06	2.492420e+06	2.489860e+06	2.499560e+06	2.496960e+06	2.489460e+06	2.498840e+06	2.498320e+06	2.489860e+06	2.494260e+06	2.496480e+06	2.506280e+06	2.497660e+06	2.504580e+06	2.501540e+06
2.507560e+06	2.518160e+06	2.521380e+06	2.512260e+06	2.516680e+06	2.507880e+06	2.516560e+06	2.521420e+06	2.523100e+06	2.523100e+06	2.520160e+06	2.523100e+06	2.518200e+06	2.516060e+06	2.523140e+06	2.510580e+06	2.503220e+06	2.502180e+06	2.501240e+06	2.500440e+06	2.514760e+06	2.517060e+06	2.518480e+06	2.520500e+06	2.514160e+06	2.519040e+06	2.509540e+06	2.523760e+06	2.506400e+06	2.504080e+06	2.513240e+06	2.511900e+06	2.506940e+06	2.514880e+06	2.503640e+06	2.490620e+06	2.483120e+06	2.491700e+06	2.492500e+06	2.516040e+06	2.497900e+06	2.504860e+06	2.485480e+06	2.506280e+06	2.521640e+06	2.500000e+06	2.502920e+06	2.500260e+06	2.492620e+06	2.504040e+06	2.507160e+06	2.501560e+06	2.491260e+06	2.489940e+06	2.494660e+06	2.492340e+06	2.499680e+06	2.501800e+06	2.505400e+06	2.501280e+06	2.506520e+06	2.496620e+06	2.490820e+06	2.490820e+06	2.504360e+06	2.489920e+06	2.504900e+06	2.491060e+06	2.494380e+06	2.487860e+06	2.486420e+06	2.497220e+06	2.482060e+06	2.502380e+06	2.496500e+06	2.503320e+06	2.496620e+06	2.501040e+06	2.492940e+06	2.493120e+06	2.498460e+06	2.484220e+06	2.489440e+06	2.493640e+06	2.503060e+06	2.498800e+06	2.487120e+06	2.486080e+06	2.482620e+06	2.497480e+06	2.498880e+06	2.492280e+06	2.497720e+06	2.497420e+06	2.495020e+06	2.496240e+06	2.493140e+06	2.486240e+06	2.495320e+06	2.486600e+06	2.491500e+06	2.496120e+06	2.490120e+06	2.484680e+06	2.487080e+06	2.484080e+06	2.488700e+06	2.509520e+06	2.488500e+06	2.491780e+06	2.494400e+06	2.508420e+06	2.505020e+06	2.490460e+06	2.490360e+06	2.510220e+06	2.503200e+06	2.495140e+06	2.500100e+06	2.505240e+06	2.510500e+06
2.521460e+06	2.519860e+06	2.510860e+06	2.509420e+06	2.511780e+06	2.519360e+06	2.505000e+06	2.509900e+06	2.504900e+06	2.498380e+06	2.504280e+06	2.506700e+06	2.499160e+06	2.506640e+06	2.508780e+06	2.503020e+06	2.514360e+06	2.513020e+06	2.499120e+06	2.509100e+06	2.506260e+06	2.522080e+06	2.513040e+06	2.504940e+06	2.509900e+06	2.508040e+06	2.500680e+06	2.504180e+06	2.514140e+06	2.506440e+06	2.504920e+06	2.498280e+06	2.514500e+06	2.505060e+06	2.500520e+06	2.502540e+06	2.513600e+06	2.497260e+06	2.511620e+06	2.501000e+06	2.496340e+06	2.517400e+06	2.512600e+06	2.511900e+06	2.512360e+06	2.514560e+06	2.494340e+06	2.497540e+06	2.512140e+06	2.508600e+06	2.510100e+06	2.511400e+06	2.500460e+06	2.512700e+06	2.522880e+06	2.511080e+06	2.520760e+06	2.509300e+06	2.527060e+06	2.523320e+06	2.517640e+06	2.507900e+06	2.520000e+06	2.513360e+06	2.512100e+06	2.521580e+06	2.514480e+06	2.509560e+06	2.522940e+06	2.522300e+06	2.514180e+06	2.518460e+06	2.512680e+06	2.505860e+06	2.506720e+06	2.506700e+06	2.498380e+06	2.514340e+06	2.510940e+06	2.508660e+06	2.511180e+06	2.507160e+06	2.501660e+06	2.503200e+06	2.506720e+06	2.505440e+06	2.490100e+06	2.492760e+06	2.491720e+06	2.494600e+06	2.503320e+06	2.509380e+06	2.510240e+06	2.502020e+06	2.516280e+06	2.518200e+06	2.510020e+06	2.520040e+06	2.509820e+06	2.528320e+06	2.525960e+06	2.517800e+06	2.519300e+06	2.510720e+06	2.514140e+06	2.523740e+06	2.517360e+06	2.531060e+06	2.516120e+06	2.519360e+06	2.530080e+06	2.524300e+06	2.517600e+06	2.531820e+06	2.526820e+06	2.532860e+06	2.523740e+06	2.520220e+06	2.517520e+06	2.518100e+06	2.523820e+06
2.497120e+06	2.500840e+06	2.508200e+06	2.509520e+06	2.501940e+06	2.498920e+06	2.512360e+06	2.506960e+06	2.501480e+06	2.499800e+06	2.502740e+06	2.514320e+06	2.516100e+06	2.508000e+06	2.507220e+06	2.513120e+06	2.505240e+06	2.498300e+06	2.496840e+06	2.500180e+06	2.517640e+06	2.498840e+06	2.498920e+06	2.500840e+06	2.522760e+06	2.499780e+06	2.493640e+06	2.503400e+06	2.500580e+06	2.509360e+06	2.500880e+06	2.499220e+06	2.503780e+06	2.507800e+06	2.504620e+06	2.496000e+06	2.489520e+06	2.498400e+06	2.491060e+06	2.511420e+06	2.503540e+06	2.510520e+06	2.509740e+06	2.509220e+06	2.510120e+06	2.506120e+06	2.507160e+06	2.507880e+06	2.500600e+06	2.514160e+06	2.499760e+06	2.502500e+06	2.496400e+06	2.507900e+06	2.502180e+06	2.500560e+06	2.500800e+06	2.497600e+06	2.498540e+06	2.500680e+06	2.517080e+06	2.515620e+06	2.512080e+06	2.512340e+06	2.510580e+06	2.500240e+06	2.505740e+06	2.503800e+06	2.504320e+06	2.499020e+06	2.503840e+06	2.494560e+06	2.509840e+06	2.503820e+06	2.496760e+06	2.499600e+06	2.503660e+06	2.511440e+06	2.512940e+06	2.504160e+06	2.508480e+06	2.512480e+06	2.502460e+06	2.508760e+06	2.507340e+06	2.508540e+06	2.494120e+06	2.488440e+06	2.503180e+06	2.490400e+06	2.509780e+06	2.507720e+06	2.506320e+06	2.488000e+06	2.516540e+06	2.505420e+06	2.501300e+06	2.514140e+06	2.499440e+06	2.505340e+06	2.519940e+06	2.508420e+06	2.506820e+06	2.495780e+06	2.499420e+06	2.508080e+06	2.507040e+06	2.504660e+06	2.507960e+06	2.512160e+06	2.505160e+06	2.496220e+06	2.504720e+06	2.508280e+06	2.517120e+06	2.507100e+06	2.511020e+06	2.505480e+06	2.509000e+06	2.528260e+06	2.517600e+06
2.490980e+06	2.489260e+06	2.508980e+06	2.501400e+06	2.489220e+06	2.497700e+06	2.501440e+06	2.502860e+06	2.497300e+06	2.492600e+06	2.497560e+06	2.508340e+06	2.497840e+06	2.483060e+06	2.505980e+06	2.484700e+06	2.497160e+06	2.490660e+06	2.475440e+06	2.492340e+06	2.475900e+06	2.489260e+06	2.482840e+06	2.483440e+06	2.500100e+06	2.482100e+06	2.495220e+06	2.485760e+06	2.489040e+06	2.490940e+06	2.494560e+06	2.503440e+06	2.494860e+06	2.493280e+06	2.488800e+06	2.481240e+06	2.487000e+06	2.472340e+06	2.481900e+06	2.490240e+06	2.495800e+06	2.507460e+06	2.494980e+06	2.494320e+06	2.487560e+06	2.499620e+06	2.489600e+06	2.492260e+06	2.493000e+06	2.488740e+06	2.491320e+06	2.501740e+06	2.488120e+06	2.496200e+06	2.503280e+06	2.490720e+06	2.503080e+06	2.501400e+06	2.496520e+06	2.498080e+06	2.504440e+06	2.496220e+06	2.496240e+06	2.489960e+06	2.497820e+06	2.504840e+06	2.510020e+06	2.500620e+06	2.494660e+06	2.502420e+06	2.498380e+06	2.488100e+06	2.495720e+06	2.495420e+06	2.500260e+06	2.485200e+06	2.493020e+06	2.490800e+06	2.498600e+06	2.506240e+06	2.491220e+06	2.491600e+06	2.509180e+06	2.501400e+06	2.492940e+06	2.490440e+06	2.469920e+06	2.480300e+06	2.484300e+06	2.499840e+06	2.504200e+06	2.504700e+06	2.496140e+06	2.484840e+06	2.496280e+06	2.502540e+06	2.502920e+06	2.491020e+06	2.501380e+06	2.503340e+06	2.500020e+06	2.491500e+06	2.492460e+06	2.502460e+06	2.499660e+06	2.503840e+06	2.513800e+06	2.488420e+06	2.486880e+06	2.501140e+06	2.498480e+06	2.498000e+06	2.500580e+06	2.509540e+06	2.507300e+06	2.500560e+06	2.497400e+06	2.512020e+06	2.503720e+06	2.503420e+06	2.508240e+06
2.492800e+06	2.499280e+06	2.506440e+06	2.500400e+06	2.507260e+06	2.507460e+06	2.500680e+06	2.497440e+06	2.502060e+06	2.495100e+06	2.499580e+06	2.509040e+06	2.497620e+06	2.499120e+06	2.496420e+06	2.501080e+06	2.485660e+06	2.499100e+06	2.499000e+06	2.499640e+06	2.493720e+06	2.498200e+06	2.499400e+06	2.512560e+06	2.506000e+06	2.507480e+06	2.511560e+06	2.490800e+06	2.503640e+06	2.502940e+06	2.496060e+06	2.511600e+06	2.506400e+06	2.502960e+06	2.502920e+06	2.479820e+06	2.489520e+06	2.486260e+06	2.498620e+06	2.505060e+06	2.507020e+06	2.505080e+06	2.504340e+06	2.516320e+06	2.503940e+06	2.512880e+06	2.503660e+06	2.513160e+06	2.498060e+06	2.502580e+06	2.502500e+06	2.499800e+06	2.501360e+06	2.489940e+06	2.495440e+06	2.498160e+06	2.502000e+06	2.498380e+06	2.508720e+06	2.508440e+06	2.498020e+06	2.507100e+06	2.509040e+06	2.509880e+06	2.499640e+06	2.504660e+06	2.504020e+06	2.497440e+06	2.507600e+06	2.490140e+06	2.501280e+06	2.503840e+06	2.512280e+06	2.507900e+06	2.502720e+06	2.507880e+06	2.491380e+06	2.510020e+06	2.509900e+06	2.496300e+06	2.503040e+06	2.496900e+06	2.503260e+06	2.485600e+06	2.490500e+06	2.494100e+06	2.472000e+06	2.472760e+06	2.482640e+06	2.479820e+06	2.483900e+06	2.511700e+06	2.505660e+06	2.495880e+06	2.500120e+06	2.502460e+06	2.501840e+06	2.495680e+06	2.504680e+06	2.504540e+06	2.490080e+06	2.499120e+06	2.495920e+06	2.485040e+06	2.495840e+06	2.501440e+06	2.491660e+06	2.495860e+06	2.494020e+06	2.493040e+06	2.492880e+06	2.497080e+06	2.496500e+06	2.498880e+06	2.491060e+06	2.495340e+06	2.499700e+06	2.501640e+06	2.501200e+06	2.502940e+06	2.506240e+06
2.493580e+06	2.493120e+06	2.506120e+06	2.493540e+06	2.505200e+06	2.502280e+06	2.498700e+06	2.502300e+06	2.496860e+06	2.500660e+06	2.504140e+06	2.492540e+06	2.486240e+06	2.500180e+06	2.501420e+06	2.505920e+06	2.498740e+06	2.482480e+06	2.497160e+06	2.498440e+06	2.495000e+06	2.492900e+06	2.499660e+06	2.498600e+06	2.499640e+06	2.498600e+06	2.497420e+06	2.499640e+06	2.513060e+06	2.508480e+06	2.498580e+06	2.506880e+06	2.502240e+06	2.495320e+06	2.499820e+06	2.507020e+06	2.483240e+06	2.489800e+06	2.496640e+06	2.487660e+06	2.498460e+06	2.500460e+06	2.504720e+06	2.509520e+06	2.500220e+06	2.505860e+06	2.499100e+06	2.504400e+06	2.505340e+06	2.510260e+06	2.508360e+06	2.506820e+06	2.511680e+06	2.499740e+06	2.503320e+06	2.493120e+06	2.505220e+06	2.499980e+06	2.501700e+06	2.502080e+06	2.498700e+06	2.493140e+06	2.502780e+06	2.501920e+06	2.503340e+06	2.502180e+06	2.499880e+06	2.495020e+06	2.494300e+06	2.503860e+06	2.496460e+06	2.487560e+06	2.502160e+06	2.500300e+06	2.508480e+06	2.493040e+06	2.502340e+06	2.504720e+06	2.525740e+06	2.500640e+06	2.507100e+06	2.511780e+06	2.514160e+06	2.513760e+06	2.511060e+06	2.497900e+06	2.499860e+06	2.486020e+06	2.486080e+06	2.500100e+06	2.503040e+06	2.490360e+06	2.492420e+06	2.503320e+06	2.513920e+06	2.494420e+06	2.514040e+06	2.506580e+06	2.499640e+06	2.498400e+06	2.491560e+06	2.487520e+06	2.482820e+06	2.499520e+06	2.497740e+06	2.498700e+06	2.503760e+06	2.500120e+06	2.492520e+06	2.507180e+06	2.507960e+06	2.498060e+06	2.499720e+06	2.487620e+06	2.498240e+06	2.508240e+06	2.494980e+06	2.517460e+06	2.512300e+06	2.505580e+06	2.504000e+06
2.494580e+06	2.478940e+06	2.485120e+06	2.495460e+06	2.474300e+06	2.476480e+06	2.471400e+06	2.486400e+06	2.492780e+06	2.487840e+06	2.486340e+06	2.498700e+06	2.475700e+06	2.489900e+06	2.485300e+06	2.475340e+06	2.488020e+06	2.473400e+06	2.466980e+06	2.480160e+06	2.473580e+06	2.474600e+06	2.487640e+06	2.489280e+06	2.487700e+06	2.480480e+06	2.477580e+06	2.482280e+06	2.497060e+06	2.476040e+06	2.496200e+06	2.477620e+06	2.485920e+06	2.477840e+06	2.472840e+06	2.472740e+06	2.461700e+06	2.458360e+06	2.460920e+06	2.472540e+06	2.466020e+06	2.481520e+06	2.474680e+06	2.474480e+06	2.480740e+06	2.468980e+06	2.469520e+06	2.475000e+06	2.472220e+06	2.488480e+06	2.478360e+06	2.477440e+06	2.475560e+06	2.473060e+06	2.480520e+06	2.477040e+06	2.481040e+06	2.478520e+06	2.490920e+06	2.471080e+06	2.482660e+06	2.477800e+06	2.468200e+06	2.483080e+06	2.473000e+06	2.486280e+06	2.485540e+06	2.480380e+06	2.484220e+06	2.470720e+06	2.470300e+06	2.482140e+06	2.483800e+06	2.475120e+06	2.478940e+06	2.476040e+06	2.480760e+06	2.485320e+06	2.482260e+06	2.472580e+06	2.477200e+06	2.492360e+06	2.475400e+06	2.481780e+06	2.482200e+06	2.478120e+06	2.467560e+06	2.474360e+06	2.470100e+06	2.475840e+06	2.487740e+06	2.489720e+06	2.482700e+06	2.486320e+06	2.492840e+06	2.493380e+06	2.482840e+06	2.485680e+06	2.494080e+06	2.492480e+06	2.493840e+06	2.495620e+06	2.473660e+06	2.478980e+06	2.485040e+06	2.483940e+06	2.491880e+06	2.497840e+06	2.491740e+06	2.496120e+06	2.485080e+06	2.485540e+06	2.491660e+06	2.490440e+06	2.496880e+06	2.486600e+06	2.508200e+06	2.491120e+06	2.490220e+06	2.488080e+06	2.484160e+06
2.497060e+06	2.492000e+06	2.484980e+06	2.494900e+06	2.505680e+06	2.502620e+06	2.506120e+06	2.497740e+06	2.500920e+06	2.493600e+06	2.500160e+06	2.497440e+06	2.500260e+06	2.481460e+06	2.487180e+06	2.493260e+06	2.487840e+06	2.481280e+06	2.469540e+06	2.487120e+06	2.486120e+06	2.499400e+06	2.503260e+06	2.488120e+06	2.488940e+06	2.500640e+06	2.493720e+06	2.486040e+06	2.503820e+06	2.498320e+06	2.500600e+06	2.497860e+06	2.513760e+06	2.489380e+06	2.490200e+06	2.485720e+06	2.489160e+06	2.472780e+06	2.491840e+06	2.488520e+06	2.487080e+06	2.491100e+06	2.506120e+06	2.513820e+06	2.486680e+06	2.495440e+06	2.489860e+06	2.485720e+06	2.503300e+06	2.488120e+06	2.487400e+06	2.486260e+06	2.487300e+06	2.492660e+06	2.491300e+06	2.499660e+06	2.494460e+06	2.483540e+06	2.491060e+06	2.483560e+06	2.505080e+06	2.498220e+06	2.488640e+06	2.484320e+06	2.491120e+06	2.486420e+06	2.481960e+06	2.485780e+06	2.486540e+06	2.481560e+06	2.486620e+06	2.475880e+06	2.478840e+06	2.495440e+06	2.481080e+06	2.487460e+06	2.476480e+06	2.492660e+06	2.491000e+06	2.501200e+06	2.478640e+06	2.466720e+06	2.481760e+06	2.484780e+06	2.483960e+06	2.474780e+06	2.480460e+06	2.482840e+06	2.469900e+06	2.493900e+06	2.475180e+06	2.479540e+06	2.487800e+06	2.484600e+06	2.478220e+06	2.491480e+06	2.484300e+06	2.477560e+06	2.487360e+06	2.471860e+06	2.476640e+06	2.482820e+06	2.476060e+06	2.463500e+06	2.469160e+06	2.474000e+06	2.476660e+06	2.483060e+06	2.477840e+06	2.478080e+06	2.471760e+06	2.485960e+06	2.470400e+06	2.473520e+06	2.483300e+06	2.484960e+06	2.475240e+06	2.471520e+06	2.478300e+06	2.476520e+06	2.474160e+06
2.495600e+06	2.506420e+06	2.502020e+06	2.499600e+06	2.503320e+06	2.506300e+06	2.502960e+06	2.497460e+06	2.517960e+06	2.511120e+06	2.498660e+06	2.504660e+06	2.499840e+06	2.502000e+06	2.503440e+06	2.495280e+06	2.495660e+06	2.491140e+06	2.494800e+06	2.487060e+06	2.498660e+06	2.504680e+06	2.506320e+06	2.501500e+06	2.515020e+06	2.501200e+06	2.500820e+06	2.498660e+06	2.498680e+06	2.502940e+06	2.509960e+06	2.511020e+06	2.491560e+06	2.508660e+06	2.498620e+06	2.496340e+06	2.492900e+06	2.486700e+06	2.491580e+06	2.509900e+06	2.505580e+06	2.506760e+06	2.499120e+06	2.495780e+06	2.501340e+06	2.504380e+06	2.492120e+06	2.499400e+06	2.510640e+06	2.505420e+06	2.509420e+06	2.504600e+06	2.507100e+06	2.500380e+06	2.491160e+06	2.499100e+06	2.483880e+06	2.505920e+06	2.491300e+06	2.493500e+06	2.494740e+06	2.511060e+06	2.504620e+06	2.507140e+06	2.507460e+06	2.489940e+06	2.496440e+06	2.500680e+06	2.500780e+06	2.502920e+06	2.494840e+06	2.512100e+06	2.495700e+06	2.493260e+06	2.494020e+06	2.496940e+06	2.504100e+06	2.505660e+06	2.503880e+06	2.515300e+06	2.499080e+06	2.504200e+06	2.493140e+06	2.501660e+06	2.495880e+06	2.498400e+06	2.489940e+06	2.488000e+06	2.490880e+06	2.497100e+06	2.502520e+06	2.498180e+06	2.494700e+06	2.495760e+06	2.497100e+06	2.490260e+06	2.492660e+06	2.499060e+06	2.496760e+06	2.505840e+06	2.498240e+06	2.500220e+06	2.490140e+06	2.481080e+06	2.496060e+06	2.497700e+06	2.505140e+06	2.500780e+06	2.506600e+06	2.502920e+06	2.499880e+06	2.496000e+06	2.505480e+06	2.494440e+06	2.500300e+06	2.500280e+06	2.505480e+06	2.501960e+06	2.501000e+06	2.498840e+06	2.494320e+06
2.509580e+06	2.514120e+06	2.504640e+06	2.512080e+06	2.509940e+06	2.513400e+06	2.509560e+06	2.513480e+06	2.516060e+06	2.512060e+06	2.514320e+06	2.511900e+06	2.494680e+06	2.505280e+06	2.508420e+06	2.505880e+06	2.499920e+06	2.500700e+06	2.489160e+06	2.506540e+06	2.485840e+06	2.505820e+06	2.498000e+06	2.506500e+06	2.502860e+06	2.497240e+06	2.501920e+06	2.510140e+06	2.496660e+06	2.513360e+06	2.496540e+06	2.517020e+06	2.507620e+06	2.497920e+06	2.506720e+06	2.492220e+06	2.485280e+06	2.474760e+06	2.482440e+06	2.506020e+06	2.502700e+06	2.508240e+06	2.515440e+06	2.507760e+06	2.501320e+06	2.495960e+06	2.506700e+06	2.509360e+06	2.506400e+06	2.513920e+06	2.495240e+06	2.500200e+06	2.499320e+06	2.501940e+06	2.503640e+06	2.516980e+06	2.499700e+06	2.502140e+06	2.498620e+06	2.500100e+06	2.507140e+06	2.494680e+06	2.484860e+06	2.507420e+06	2.506460e+06	2.498420e+06	2.513780e+06	2.500580e+06	2.509320e+06	2.493960e+06	2.502840e+06	2.494660e+06	2.497480e+06	2.506020e+06	2.487680e+06	2.502640e+06	2.485900e+06	2.496360e+06	2.505740e+06	2.520860e+06	2.500080e+06	2.491160e+06	2.506460e+06	2.511080e+06	2.498560e+06	2.494840e+06	2.497500e+06	2.486900e+06	2.487340e+06	2.504060e+06	2.502960e+06	2.494460e+06	2.503340e+06	2.509440e+06	2.501680e+06	2.497720e+06	2.499160e+06	2.495580e+06	2.498440e+06	2.497860e+06	2.499800e+06	2.500980e+06	2.496080e+06	2.498600e+06	2.495660e+06	2.497340e+06	2.505300e+06	2.501040e+06	2.492700e+06	2.498720e+06	2.500100e+06	2.510880e+06	2.501020e+06	2.504680e+06	2.489020e+06	2.512500e+06	2.494640e+06	2.505080e+06	2.495500e+06	2.494720e+06	2.515020e+06
2.505660e+06	2.513940e+06	2.510840e+06	2.509920e+06	2.532980e+06	2.514920e+06	2.522260e+06	2.512000e+06	2.510640e+06	2.513080e+06	2.527300e+06	2.515580e+06	2.511940e+06	2.501960e+06	2.510220e+06	2.507820e+06	2.510520e+06	2.507500e+06	2.501160e+06	2.508680e+06	2.504300e+06	2.508200e+06	2.507300e+06	2.508660e+06	2.511780e+06	2.518740e+06	2.500560e+06	2.525780e+06	2.515760e+06	2.502620e+06	2.505720e+06	2.509040e+06	2.508900e+06	2.503240e+06	2.501000e+06	2.502220e+06	2.491480e+06	2.502960e+06	2.496520e+06	2.515860e+06	2.509200e+06	2.504680e+06	2.503660e+06	2.516120e+06	2.514380e+06	2.507060e+06	2.507960e+06	2.515840e+06	2.521320e+06	2.505460e+06	2.504820e+06	2.509560e+06	2.504160e+06	2.503440e+06	2.516500e+06	2.503780e+06	2.507680e+06	2.512700e+06	2.507120e+06	2.501920e+06	2.514240e+06	2.513160e+06	2.499560e+06	2.510120e+06	2.517520e+06	2.509780e+06	2.499680e+06	2.509500e+06	2.511180e+06	2.504600e+06	2.502800e+06	2.507720e+06	2.509460e+06	2.488260e+06	2.498700e+06	2.510260e+06	2.511020e+06	2.514540e+06	2.518620e+06	2.514460e+06	2.511740e+06	2.513280e+06	2.501540e+06	2.503880e+06	2.504080e+06	2.507340e+06	2.495640e+06	2.492720e+06	2.494760e+06	2.507720e+06	2.517840e+06	2.495360e+06	2.508840e+06	2.503380e+06	2.512860e+06	2.520020e+06	2.513280e+06	2.505980e+06	2.496500e+06	2.505780e+06	2.512040e+06	2.507720e+06	2.498060e+06	2.482980e+06	2.499640e+06	2.509320e+06	2.495400e+06	2.514540e+06	2.496540e+06	2.496760e+06	2.509200e+06	2.509700e+06	2.512020e+06	2.512100e+06	2.507540e+06	2.505860e+06	2.488960e+06	2.506300e+06	2.508800e+06	2.512180e+06	2.506580e+06
2.514240e+06	2.519380e+06	2.516020e+06	2.499600e+06	2.507400e+06	2.501540e+06	2.509200e+06	2.506540e+06	2.499440e+06	2.505320e+06	2.500200e+06	2.506840e+06	2.505320e+06	2.508220e+06	2.509420e+06	2.512420e+06	2.497820e+06	2.505800e+06	2.507360e+06	2.496460e+06	2.502140e+06	2.494940e+06	2.507200e+06	2.503360e+06	2.505960e+06	2.505520e+06	2.502000e+06	2.509000e+06	2.506760e+06	2.497460e+06	2.500380e+06	2.506180e+06	2.509140e+06	2.502100e+06	2.508380e+06	2.485540e+06	2.489620e+06	2.493280e+06	2.497580e+06	2.495320e+06	2.509860e+06	2.494360e+06	2.506680e+06	2.504840e+06	2.511000e+06	2.502160e+06	2.516000e+06	2.501580e+06	2.511740e+06	2.509700e+06	2.503960e+06	2.507800e+06	2.499200e+06	2.506920e+06	2.498280e+06	2.495680e+06	2.501480e+06	2.510960e+06	2.508400e+06	2.506700e+06	2.503460e+06	2.496540e+06	2.515160e+06	2.511180e+06	2.508260e+06	2.505900e+06	2.508900e+06	2.511880e+06	2.500040e+06	2.498020e+06	2.494260e+06	2.506760e+06	2.509760e+06	2.503080e+06	2.505500e+06	2.509620e+06	2.518680e+06	2.514940e+06	2.496540e+06	2.503220e+06	2.511200e+06	2.514900e+06	2.513720e+06	2.506920e+06	2.507500e+06	2.517340e+06	2.495440e+06	2.489600e+06	2.501940e+06	2.504300e+06	2.507300e+06	2.504840e+06	2.512480e+06	2.496160e+06	2.503880e+06	2.505680e+06	2.499580e+06	2.507520e+06	2.518060e+06	2.502580e+06	2.517040e+06	2.515680e+06	2.503760e+06	2.498640e+06	2.498900e+06	2.508100e+06	2.510900e+06	2.514320e+06	2.510180e+06	2.512740e+06	2.513860e+06	2.507860e+06	2.505180e+06	2.505120e+06	2.500280e+06	2.515540e+06	2.506440e+06	2.517880e+06	2.515120e+06	2.500560e+06	2.508600e+06
2.515600e+06	2.526540e+06	2.518000e+06	2.528280e+06	2.516340e+06	2.519520e+06	2.512660e+06	2.514000e+06	2.509060e+06	2.517760e+06	2.523000e+06	2.514480e+06	2.504080e+06	2.501240e+06	2.512060e+06	2.512040e+06	2.514480e+06	2.495720e+06	2.499140e+06	2.500880e+06	2.498600e+06	2.513660e+06	2.506440e+06	2.529140e+06	2.530560e+06	2.532280e+06	2.509740e+06	2.516920e+06	2.515000e+06	2.524840e+06	2.514380e+06	2.514000e+06	2.510140e+06	2.513660e+06	2.507860e+06	2.503580e+06	2.500820e+06	2.484620e+06	2.495180e+06	2.499320e+06	2.500500e+06	2.502920e+06	2.498740e+06	2.514140e+06	2.507000e+06	2.506140e+06	2.507020e+06	2.498360e+06	2.497860e+06	2.503740e+06	2.494180e+06	2.481680e+06	2.499860e+06	2.495600e+06	2.500480e+06	2.507060e+06	2.492920e+06	2.502540e+06	2.502480e+06	2.506840e+06	2.505920e+06	2.494840e+06	2.500480e+06	2.496380e+06	2.509520e+06	2.513100e+06	2.508300e+06	2.506560e+06	2.506300e+06	2.511600e+06	2.497120e+06	2.496320e+06	2.513020e+06	2.498400e+06	2.503020e+06	2.496200e+06	2.513360e+06	2.512440e+06	2.516220e+06	2.503100e+06	2.521500e+06	2.494480e+06	2.508920e+06	2.507600e+06	2.510440e+06	2.509940e+06	2.490480e+06	2.492760e+06	2.488400e+06	2.496160e+06	2.503200e+06	2.518860e+06	2.497760e+06	2.513080e+06	2.518080e+06	2.507120e+06	2.500920e+06	2.507940e+06	2.509840e+06	2.512340e+06	2.515200e+06	2.510080e+06	2.502700e+06	2.499060e+06	2.499560e+06	2.517760e+06	2.510200e+06	2.510260e+06	2.500340e+06	2.518740e+06	2.514420e+06	2.519680e+06	2.514240e+06	2.498700e+06	2.506520e+06	2.505820e+06	2.510560e+06	2.511180e+06	2.513920e+06	2.520220e+06	2.499840e+06
2.508320e+06	2.518860e+06	2.523560e+06	2.508960e+06	2.517760e+06	2.514020e+06	2.511320e+06	2.524160e+06	2.513340e+06	2.495940e+06	2.502360e+06	2.516080e+06	2.505920e+06	2.515080e+06	2.522780e+06	2.516300e+06	2.508100e+06	2.515100e+06	2.515200e+06	2.498060e+06	2.503480e+06	2.516020e+06	2.507880e+06	2.508220e+06	2.509640e+06	2.509100e+06	2.507660e+06	2.511340e+06	2.504740e+06	2.513600e+06	2.512180e+06	2.516080e+06	2.509940e+06	2.511600e+06	2.511120e+06	2.509180e+06	2.507220e+06	2.504320e+06	2.507140e+06	2.499700e+06	2.515680e+06	2.506660e+06	2.509920e+06	2.513060e+06	2.500020e+06	2.509800e+06	2.516340e+06	2.519220e+06	2.508000e+06	2.515500e+06	2.509980e+06	2.521700e+06	2.505360e+06	2.513400e+06	2.515900e+06	2.498760e+06	2.521420e+06	2.503980e+06	2.510760e+06	2.519940e+06	2.504460e+06	2.511880e+06	2.511600e+06	2.514880e+06	2.519880e+06	2.502800e+06	2.498280e+06	2.516920e+06	2.506540e+06	2.513160e+06	2.501580e+06	2.505940e+06	2.514740e+06	2.520420e+06	2.503100e+06	2.521960e+06	2.510460e+06	2.514840e+06	2.514660e+06	2.509580e+06	2.510340e+06	2.505760e+06	2.512960e+06	2.509260e+06	2.506200e+06	2.502360e+06	2.499060e+06	2.495700e+06	2.494440e+06	2.510280e+06	2.511920e+06	2.505440e+06	2.513380e+06	2.505480e+06	2.517820e+06	2.499560e+06	2.509960e+06	2.521700e+06	2.502760e+06	2.512480e+06	2.496500e+06	2.505140e+06	2.493620e+06	2.489840e+06	2.509260e+06	2.503200e+06	2.511020e+06	2.512120e+06	2.495260e+06	2.502280e+06	2.516380e+06	2.503820e+06	2.518480e+06	2.509200e+06	2.504280e+06	2.494740e+06	2.509660e+06	2.502400e+06	2.509980e+06	2.511160e+06	2.508560e+06
2.508740e+06	2.517980e+06	2.508560e+06	2.518160e+06	2.516840e+06	2.507260e+06	2.506960e+06	2.501540e+06	2.510920e+06	2.496960e+06	2.509400e+06	2.507460e+06	2.511280e+06	2.502980e+06	2.516940e+06	2.518800e+06	2.496940e+06	2.519760e+06	2.499960e+06	2.493480e+06	2.501660e+06	2.507980e+06	2.514380e+06	2.511640e+06	2.506800e+06	2.515780e+06	2.504860e+06	2.501380e+06	2.514860e+06	2.509260e+06	2.514740e+06	2.517440e+06	2.506540e+06	2.509500e+06	2.519560e+06	2.503560e+06	2.495520e+06	2.503180e+06	2.501900e+06	2.515340e+06	2.503820e+06	2.511280e+06	2.516800e+06	2.509200e+06	2.506460e+06	2.513020e+06	2.511900e+06	2.508440e+06	2.509760e+06	2.512400e+06	2.507340e+06	2.508320e+06	2.504000e+06	2.509880e+06	2.504480e+06	2.508680e+06	2.516740e+06	2.509420e+06	2.514000e+06	2.514500e+06	2.517680e+06	2.519900e+06	2.510060e+06	2.507480e+06	2.512160e+06	2.518880e+06	2.520360e+06	2.508460e+06	2.512880e+06	2.512880e+06	2.507920e+06	2.511380e+06	2.514160e+06	2.507340e+06	2.504760e+06	2.519480e+06	2.512340e+06	2.513960e+06	2.503740e+06	2.513700e+06	2.504380e+06	2.502780e+06	2.515720e+06	2.509960e+06	2.501780e+06	2.512380e+06	2.493200e+06	2.495840e+06	2.500040e+06	2.499140e+06	2.511660e+06	2.517280e+06	2.518440e+06	2.514120e+06	2.514120e+06	2.511920e+06	2.519560e+06	2.508260e+06	2.508180e+06	2.507580e+06	2.502020e+06	2.517980e+06	2.505580e+06	2.501280e+06	2.497600e+06	2.508060e+06	2.507240e+06	2.514220e+06	2.504700e+06	2.499820e+06	2.507220e+06	2.515700e+06	2.514760e+06	2.503100e+06	2.525540e+06	2.520960e+06	2.511780e+06	2.515700e+06	2.521340e+06	2.504240e+06	2.512620e+06
2.520880e+06	2.504980e+06	2.510020e+06	2.503980e+06	2.508800e+06	2.514760e+06	2.507460e+06	2.508180e+06	2.509260e+06	2.512320e+06	2.499480e+06	2.504220e+06	2.512960e+06	2.513900e+06	2.513160e+06	2.520680e+06	2.504540e+06	2.497200e+06	2.491420e+06	2.499800e+06	2.500080e+06	2.505900e+06	2.509180e+06	2.512780e+06	2.511080e+06	2.511700e+06	2.509100e+06	2.514740e+06	2.512920e+06	2.504820e+06	2.512440e+06	2.508860e+06	2.511920e+06	2.504820e+06	2.514300e+06	2.501740e+06	2.499800e+06	2.504460e+06	2.507380e+06	2.505520e+06	2.511720e+06	2.513380e+06	2.530480e+06	2.508280e+06	2.505220e+06	2.517700e+06	2.517620e+06	2.509960e+06	2.528260e+06	2.510260e+06	2.519740e+06	2.506000e+06	2.513360e+06	2.517960e+06	2.521020e+06	2.513420e+06	2.520040e+06	2.518760e+06	2.503460e+06	2.504300e+06	2.507500e+06	2.517660e+06	2.511360e+06	2.530500e+06	2.512460e+06	2.510860e+06	2.512160e+06	2.514900e+06	2.509500e+06	2.508540e+06	2.507120e+06	2.508620e+06	2.508720e+06	2.505540e+06	2.514160e+06	2.501220e+06	2.514740e+06	2.512040e+06	2.523800e+06	2.515860e+06	2.514960e+06	2.511700e+06	2.515720e+06	2.507940e+06	2.497700e+06	2.513660e+06	2.504900e+06	2.499160e+06	2.500180e+06	2.505800e+06	2.513320e+06	2.504760e+06	2.510880e+06	2.510900e+06	2.519020e+06	2.504640e+06	2.507340e+06	2.512980e+06	2.499960e+06	2.513760e+06	2.508380e+06	2.509400e+06	2.511480e+06	2.497560e+06	2.507800e+06	2.509420e+06	2.510320e+06	2.520600e+06	2.520120e+06	2.516180e+06	2.513280e+06	2.496400e+06	2.507680e+06	2.499820e+06	2.506820e+06	2.514800e+06	2.526700e+06	2.519820e+06	2.492400e+06	2.507760e+06	2.524600e+06
2.508940e+06	2.507360e+06	2.506240e+06	2.504260e+06	2.498180e+06	2.504280e+06	2.496380e+06	2.525580e+06	2.513380e+06	2.507520e+06	2.505240e+06	2.514340e+06	2.505320e+06	2.515800e+06	2.506940e+06	2.505180e+06	2.511560e+06	2.499760e+06	2.485060e+06	2.498000e+06	2.498900e+06	2.499880e+06	2.504140e+06	2.500760e+06	2.505540e+06	2.508780e+06	2.501800e+06	2.505400e+06	2.519100e+06	2.519680e+06	2.523760e+06	2.518080e+06	2.506800e+06	2.500780e+06	2.509920e+06	2.506580e+06	2.495560e+06	2.494980e+06	2.492820e+06	2.495680e+06	2.505960e+06	2.514720e+06	2.508040e+06	2.515920e+06	2.523940e+06	2.514380e+06	2.516340e+06	2.506160e+06	2.523100e+06	2.511980e+06	2.512040e+06	2.516800e+06	2.514560e+06	2.517220e+06	2.503380e+06	2.501960e+06	2.509160e+06	2.519980e+06	2.501460e+06	2.510800e+06	2.505500e+06	2.506440e+06	2.513180e+06	2.512060e+06	2.521080e+06	2.516440e+06	2.507760e+06	2.512560e+06	2.517120e+06	2.502200e+06	2.512540e+06	2.501280e+06	2.507540e+06	2.501580e+06	2.517320e+06	2.512320e+06	2.507440e+06	2.522460e+06	2.514000e+06	2.515180e+06	2.509400e+06	2.513400e+06	2.511720e+06	2.511520e+06	2.516580e+06	2.512680e+06	2.500860e+06	2.498260e+06	2.511780e+06	2.499760e+06	2.505520e+06	2.517380e+06	2.508760e+06	2.505660e+06	2.514040e+06	2.523260e+06	2.508640e+06	2.507020e+06	2.509940e+06	2.512940e+06	2.518260e+06	2.508940e+06	2.515820e+06	2.503800e+06	2.506320e+06	2.508800e+06	2.510260e+06	2.510860e+06	2.514340e+06	2.513080e+06	2.516340e+06	2.519000e+06	2.515260e+06	2.509960e+06	2.522000e+06	2.506260e+06	2.520740e+06	2.501240e+06	2.510960e+06	2.513620e+06	2.510720e+06
2.507680e+06	2.506160e+06	2.515500e+06	2.510100e+06	2.508120e+06	2.501200e+06	2.507980e+06	2.507760e+06	2.501520e+06	2.511960e+06	2.517060e+06	2.506380e+06	2.516940e+06	2.504340e+06	2.515100e+06	2.502800e+06	2.512460e+06	2.523420e+06	2.508980e+06	2.505700e+06	2.496520e+06	2.509440e+06	2.504400e+06	2.505100e+06	2.523140e+06	2.513660e+06	2.508060e+06	2.503300e+06	2.505920e+06	2.506380e+06	2.520160e+06	2.498600e+06	2.512900e+06	2.499080e+06	2.496180e+06	2.496220e+06	2.499020e+06	2.497840e+06	2.504740e+06	2.509300e+06	2.504200e+06	2.500740e+06	2.511280e+06	2.500200e+06	2.507340e+06	2.505820e+06	2.503800e+06	2.505640e+06	2.507160e+06	2.495820e+06	2.513080e+06	2.508900e+06	2.503660e+06	2.504640e+06	2.507460e+06	2.507380e+06	2.507460e+06	2.518120e+06	2.513540e+06	2.517240e+06	2.514140e+06	2.507640e+06	2.493640e+06	2.515760e+06	2.505300e+06	2.513000e+06	2.508420e+06	2.508320e+06	2.505320e+06	2.502480e+06	2.497020e+06	2.506360e+06	2.512300e+06	2.508000e+06	2.514460e+06	2.506780e+06	2.502520e+06	2.508400e+06	2.520280e+06	2.504320e+06	2.504060e+06	2.505740e+06	2.507540e+06	2.513360e+06	2.505600e+06	2.510180e+06	2.492600e+06	2.494600e+06	2.505180e+06	2.497760e+06	2.508160e+06	2.510680e+06	2.511640e+06	2.517460e+06	2.517880e+06	2.514000e+06	2.514700e+06	2.518940e+06	2.502900e+06	2.508740e+06	2.509980e+06	2.525200e+06	2.489300e+06	2.494040e+06	2.504640e+06	2.516240e+06	2.512020e+06	2.523420e+06	2.517840e+06	2.511580e+06	2.505380e+06	2.508060e+06	2.508680e+06	2.503540e+06	2.505820e+06	2.510460e+06	2.514960e+06	2.513800e+06	2.515480e+06	2.516180e+06	2.504800e+06
2.520180e+06	2.529720e+06	2.517880e+06	2.523820e+06	2.521420e+06	2.528120e+06	2.516440e+06	2.516960e+06	2.519920e+06	2.513860e+06	2.518420e+06	2.524880e+06	2.520420e+06	2.512000e+06	2.514020e+06	2.521640e+06	2.516520e+06	2.520620e+06	2.507920e+06	2.501920e+06	2.501420e+06	2.509080e+06	2.509700e+06	2.513900e+06	2.512980e+06	2.514180e+06	2.526160e+06	2.512680e+06	2.513520e+06	2.520380e+06	2.512200e+06	2.522980e+06	2.518200e+06	2.506640e+06	2.515800e+06	2.515000e+06	2.494040e+06	2.500120e+06	2.503200e+06	2.503340e+06	2.496880e+06	2.516120e+06	2.518720e+06	2.519540e+06	2.502640e+06	2.522780e+06	2.512780e+06	2.512960e+06	2.505660e+06	2.505340e+06	2.505880e+06	2.508620e+06	2.509740e+06	2.501080e+06	2.505780e+06	2.512560e+06	2.508180e+06	2.515920e+06	2.502680e+06	2.512880e+06	2.496600e+06	2.510880e+06	2.503560e+06	2.512520e+06	2.518480e+06	2.508500e+06	2.506540e+06	2.516840e+06	2.523160e+06	2.518120e+06	2.518040e+06	2.520480e+06	2.504300e+06	2.507660e+06	2.507920e+06	2.510160e+06	2.515180e+06	2.519540e+06	2.514660e+06	2.502340e+06	2.518700e+06	2.512480e+06	2.502900e+06	2.506680e+06	2.505580e+06	2.504080e+06	2.495180e+06	2.502000e+06	2.497900e+06	2.514060e+06	2.500960e+06	2.502620e+06	2.508040e+06	2.502260e+06	2.504360e+06	2.518180e+06	2.510340e+06	2.506940e+06	2.509260e+06	2.501540e+06	2.496940e+06	2.505500e+06	2.500900e+06	2.506540e+06	2.499100e+06	2.508160e+06	2.509160e+06	2.501780e+06	2.502300e+06	2.518940e+06	2.507320e+06	2.518360e+06	2.499660e+06	2.506680e+06	2.507360e+06	2.505160e+06	2.512380e+06	2.508900e+06	2.521040e+06	2.513360e+06	2.513880e+06
2.533020e+06	2.529020e+06	2.527140e+06	2.526380e+06	2.513540e+06	2.526120e+06	2.525000e+06	2.527380e+06	2.519020e+06	2.533400e+06	2.527000e+06	2.517600e+06	2.524900e+06	2.523500e+06	2.517340e+06	2.526840e+06	2.510400e+06	2.515840e+06	2.514060e+06	2.515100e+06	2.509700e+06	2.517300e+06	2.534440e+06	2.517300e+06	2.516780e+06	2.523320e+06	2.519820e+06	2.520940e+06	2.528340e+06	2.521140e+06	2.519040e+06	2.520000e+06	2.506040e+06	2.518660e+06	2.519680e+06	2.507020e+06	2.503660e+06	2.510460e+06	2.504120e+06	2.510880e+06	2.512720e+06	2.522380e+06	2.526380e+06	2.517620e+06	2.532360e+06	2.535260e+06	2.514060e+06	2.514240e+06	2.516280e+06	2.526320e+06	2.529660e+06	2.528300e+06	2.518740e+06	2.517020e+06	2.507880e+06	2.509640e+06	2.508380e+06	2.514180e+06	2.514380e+06	2.524080e+06	2.510260e+06	2.511400e+06	2.521120e+06	2.523720e+06	2.523900e+06	2.499440e+06	2.517000e+06	2.526540e+06	2.517200e+06	2.511880e+06	2.526660e+06	2.520060e+06	2.517640e+06	2.521080e+06	2.525920e+06	2.533600e+06	2.515660e+06	2.531440e+06	2.531620e+06	2.527600e+06	2.514860e+06	2.521620e+06	2.503480e+06	2.522120e+06	2.517340e+06	2.515800e+06	2.501800e+06	2.508720e+06	2.511600e+06	2.521240e+06	2.534240e+06	2.525540e+06	2.521800e+06	2.515120e+06	2.526680e+06	2.519960e+06	2.518600e+06	2.534600e+06	2.520120e+06	2.517460e+06	2.520740e+06	2.517480e+06	2.519380e+06	2.507580e+06	2.522880e+06	2.517960e+06	2.518140e+06	2.509980e+06	2.530140e+06	2.520600e+06	2.520860e+06	2.510200e+06	2.516200e+06	2.519200e+06	2.532820e+06	2.517440e+06	2.527780e+06	2.528700e+06	2.507740e+06	2.521960e+06	2.525220e+06
2.527100e+06	2.518420e+06	2.517200e+06	2.521680e+06	2.518960e+06	2.522680e+06	2.519660e+06	2.526920e+06	2.523620e+06	2.529840e+06	2.522660e+06	2.521060e+06	2.527960e+06	2.530640e+06	2.532460e+06	2.519320e+06	2.530900e+06	2.516220e+06	2.523860e+06	2.513620e+06	2.526700e+06	2.522640e+06	2.533700e+06	2.520920e+06	2.525820e+06	2.526900e+06	2.531800e+06	2.520020e+06	2.528380e+06	2.529620e+06	2.539880e+06	2.527220e+06	2.523760e+06	2.524320e+06	2.529000e+06	2.524880e+06	2.509460e+06	2.512120e+06	2.513100e+06	2.529060e+06	2.527820e+06	2.524440e+06	2.514760e+06	2.523340e+06	2.522980e+06	2.524260e+06	2.535380e+06	2.518160e+06	2.533980e+06	2.522040e+06	2.522900e+06	2.524500e+06	2.527000e+06	2.521400e+06	2.525920e+06	2.528100e+06	2.522460e+06	2.527500e+06	2.532520e+06	2.533860e+06	2.518980e+06	2.529460e+06	2.536460e+06	2.521480e+06	2.527100e+06	2.519400e+06	2.520540e+06	2.516980e+06	2.526760e+06	2.520860e+06	2.519140e+06	2.519280e+06	2.530500e+06	2.522260e+06	2.520940e+06	2.515880e+06	2.527460e+06	2.521180e+06	2.531100e+06	2.529740e+06	2.534000e+06	2.527440e+06	2.504760e+06	2.524840e+06	2.515380e+06	2.510340e+06	2.515540e+06	2.516220e+06	2.512840e+06	2.518040e+06	2.519900e+06	2.514200e+06	2.527780e+06	2.536340e+06	2.516840e+06	2.517400e+06	2.523700e+06	2.519340e+06	2.513680e+06	2.522480e+06	2.514260e+06	2.523360e+06	2.517600e+06	2.516880e+06	2.520100e+06	2.527620e+06	2.525780e+06	2.518040e+06	2.523340e+06	2.522340e+06	2.514400e+06	2.522080e+06	2.521220e+06	2.531220e+06	2.526620e+06	2.542020e+06	2.524360e+06	2.526520e+06	2.530120e+06	2.522820e+06	2.527760e+06
2.525820e+06	2.517960e+06	2.524460e+06	2.521900e+06	2.518340e+06	2.521660e+06	2.533620e+06	2.530360e+06	2.534560e+06	2.526380e+06	2.526560e+06	2.538540e+06	2.522480e+06	2.503900e+06	2.514980e+06	2.531300e+06	2.527740e+06	2.517800e+06	2.503420e+06	2.511060e+06	2.516060e+06	2.524580e+06	2.519200e+06	2.527020e+06	2.531120e+06	2.516620e+06	2.528360e+06	2.520980e+06	2.530180e+06	2.507760e+06	2.529060e+06	2.533440e+06	2.524960e+06	2.512340e+06	2.529180e+06	2.515980e+06	2.505520e+06	2.518520e+06	2.520940e+06	2.525580e+06	2.527600e+06	2.525760e+06	2.523200e+06	2.522280e+06	2.536000e+06	2.531060e+06	2.516980e+06	2.522300e+06	2.519100e+06	2.525300e+06	2.527460e+06	2.527460e+06	2.529880e+06	2.513060e+06	2.515460e+06	2.518780e+06	2.526660e+06	2.528820e+06	2.522360e+06	2.529440e+06	2.501760e+06	2.521020e+06	2.511540e+06	2.525080e+06	2.524760e+06	2.540020e+06	2.523300e+06	2.528100e+06	2.531820e+06	2.537100e+06	2.512680e+06	2.530840e+06	2.530100e+06	2.519480e+06	2.529160e+06	2.522960e+06	2.529660e+06	2.534780e+06	2.530520e+06	2.520080e+06	2.521620e+06	2.513320e+06	2.524320e+06	2.537320e+06	2.530380e+06	2.525720e+06	2.510800e+06	2.503880e+06	2.515460e+06	2.534140e+06	2.526040e+06	2.523100e+06	2.533160e+06	2.542920e+06	2.534960e+06	2.523740e+06	2.531160e+06	2.519560e+06	2.528740e+06	2.520000e+06	2.529540e+06	2.518440e+06	2.517840e+06	2.524400e+06	2.512400e+06	2.518480e+06	2.520940e+06	2.530760e+06	2.536860e+06	2.516000e+06	2.538240e+06	2.526160e+06	2.529240e+06	2.527200e+06	2.526060e+06	2.527740e+06	2.525940e+06	2.522220e+06	2.537960e+06	2.525540e+06	2.521100e+06
2.528740e+06	2.520300e+06	2.522700e+06	2.514960e+06	2.523020e+06	2.530880e+06	2.531780e+06	2.528000e+06	2.526520e+06	2.532700e+06	2.532500e+06	2.516160e+06	2.524280e+06	2.526160e+06	2.527140e+06	2.521760e+06	2.530420e+06	2.528960e+06	2.509980e+06	2.517360e+06	2.526360e+06	2.521300e+06	2.527020e+06	2.524600e+06	2.517920e+06	2.526280e+06	2.537660e+06	2.519740e+06	2.530140e+06	2.516960e+06	2.526960e+06	2.527900e+06	2.518500e+06	2.523080e+06	2.513440e+06	2.531220e+06	2.523820e+06	2.513640e+06	2.530440e+06	2.522640e+06	2.523940e+06	2.530080e+06	2.533920e+06	2.530140e+06	2.532720e+06	2.519380e+06	2.537820e+06	2.538480e+06	2.521660e+06	2.538300e+06	2.536280e+06	2.533860e+06	2.533840e+06	2.521820e+06	2.522560e+06	2.525020e+06	2.527260e+06	2.528360e+06	2.529000e+06	2.524840e+06	2.527000e+06	2.519260e+06	2.526560e+06	2.537820e+06	2.520680e+06	2.519320e+06	2.535940e+06	2.525600e+06	2.518100e+06	2.525340e+06	2.520860e+06	2.532300e+06	2.514320e+06	2.518080e+06	2.523460e+06	2.531520e+06	2.525700e+06	2.516740e+06	2.524820e+06	2.521440e+06	2.529580e+06	2.526440e+06	2.525240e+06	2.521260e+06	2.528120e+06	2.529040e+06	2.519320e+06	2.512540e+06	2.512020e+06	2.516340e+06	2.521380e+06	2.530040e+06	2.518380e+06	2.527440e+06	2.521040e+06	2.520860e+06	2.527760e+06	2.524100e+06	2.521800e+06	2.519000e+06	2.527380e+06	2.512420e+06	2.519280e+06	2.510020e+06	2.515860e+06	2.521340e+06	2.522040e+06	2.517800e+06	2.518660e+06	2.520440e+06	2.531600e+06	2.528940e+06	2.525800e+06	2.512680e+06	2.515540e+06	2.519880e+06	2.515320e+06	2.535720e+06	2.518960e+06	2.528740e+06	2.521480e+06
