#Saved Data from the class odmr_logic on 15.07.2022 at 15h03m54s.
#
#Parameters:
#===========
#
#Microwave CW Power (dBm): -1.0000000000000000e+01
#Microwave Sweep Power (dBm): 0.0000000000000000e+00
#Run Time (s): 3.0000000000000000e+02
#Number of frequency sweeps (#): 48
#Start Frequencies (Hz): [2750000000.0]
#Stop Frequencies (Hz): [2990000000.0]
#Step sizes (Hz): [2000000.0]
#Clock Frequencies (Hz): 20
#Channel: 1: /Dev1/AI0
#
#Data:
#=====
#count data (counts/s)
1.647548e-01	1.782317e-01	1.759308e-01	1.864493e-01	1.831623e-01	1.920373e-01	1.880928e-01	1.963104e-01	1.913799e-01	1.999262e-01	1.949956e-01	2.022271e-01	1.972966e-01	2.045281e-01	1.992688e-01	2.068290e-01	2.012410e-01	2.078151e-01	2.032132e-01	2.094586e-01	2.048568e-01	2.111021e-01	2.058429e-01	2.124170e-01	2.068290e-01	2.134031e-01	2.078151e-01	2.143892e-01	2.094586e-01	2.153753e-01	2.101160e-01	2.153753e-01	2.104447e-01	2.166901e-01	2.114308e-01	2.173475e-01	2.120883e-01	2.180049e-01	2.130744e-01	2.180049e-01	2.134031e-01	2.189910e-01	2.140605e-01	2.189910e-01	2.143892e-01	2.196484e-01	2.150466e-01	2.196484e-01	2.160327e-01	2.203059e-01	2.157040e-01	2.203059e-01	2.160327e-01	2.212920e-01	2.166901e-01	2.219494e-01	2.166901e-01	2.216207e-01	2.173475e-01	2.216207e-01	2.173475e-01	2.222781e-01	2.180049e-01	2.229355e-01	2.183336e-01	2.226068e-01	2.186623e-01	2.229355e-01	2.186623e-01	2.235929e-01	2.189910e-01	2.229355e-01	2.193197e-01	2.232642e-01	2.196484e-01	2.235929e-01	2.193197e-01	2.239216e-01	2.196484e-01	2.239216e-01	2.203059e-01	2.242503e-01	2.206346e-01	2.249077e-01	2.206346e-01	2.245790e-01	2.206346e-01	2.249077e-01	2.209633e-01	2.245790e-01	2.212920e-01	2.245790e-01	2.212920e-01	2.242503e-01	2.212920e-01	2.249077e-01	2.219494e-01	2.245790e-01	2.222781e-01	2.249077e-01	2.226068e-01	2.252364e-01	2.219494e-01	2.258938e-01	2.219494e-01	2.255651e-01	2.226068e-01	2.255651e-01	2.229355e-01	2.255651e-01	2.226068e-01	2.262225e-01	2.229355e-01	2.258938e-01	2.232642e-01	2.255651e-01	2.232642e-01	2.265512e-01	2.229355e-01	2.255651e-01	2.229355e-01
1.713289e-01	1.696854e-01	1.828336e-01	1.785604e-01	1.900651e-01	1.841484e-01	1.946669e-01	1.877641e-01	1.982827e-01	1.917086e-01	2.015697e-01	1.943382e-01	2.038706e-01	1.963104e-01	2.065003e-01	1.989401e-01	2.078151e-01	2.012410e-01	2.094586e-01	2.022271e-01	2.114308e-01	2.041993e-01	2.120883e-01	2.055142e-01	2.130744e-01	2.068290e-01	2.143892e-01	2.071577e-01	2.150466e-01	2.084725e-01	2.160327e-01	2.097873e-01	2.173475e-01	2.104447e-01	2.176762e-01	2.107734e-01	2.180049e-01	2.120883e-01	2.186623e-01	2.124170e-01	2.193197e-01	2.127457e-01	2.196484e-01	2.130744e-01	2.199772e-01	2.137318e-01	2.209633e-01	2.143892e-01	2.209633e-01	2.150466e-01	2.209633e-01	2.150466e-01	2.216207e-01	2.153753e-01	2.216207e-01	2.160327e-01	2.222781e-01	2.166901e-01	2.222781e-01	2.163614e-01	2.226068e-01	2.173475e-01	2.226068e-01	2.173475e-01	2.232642e-01	2.176762e-01	2.229355e-01	2.176762e-01	2.232642e-01	2.183336e-01	2.229355e-01	2.186623e-01	2.235929e-01	2.189910e-01	2.239216e-01	2.189910e-01	2.239216e-01	2.193197e-01	2.239216e-01	2.196484e-01	2.242503e-01	2.203059e-01	2.239216e-01	2.199772e-01	2.249077e-01	2.203059e-01	2.249077e-01	2.206346e-01	2.249077e-01	2.209633e-01	2.249077e-01	2.212920e-01	2.252364e-01	2.212920e-01	2.249077e-01	2.212920e-01	2.252364e-01	2.219494e-01	2.255651e-01	2.219494e-01	2.252364e-01	2.219494e-01	2.258938e-01	2.219494e-01	2.258938e-01	2.222781e-01	2.255651e-01	2.219494e-01	2.258938e-01	2.226068e-01	2.255651e-01	2.226068e-01	2.258938e-01	2.232642e-01	2.258938e-01	2.229355e-01	2.258938e-01	2.232642e-01	2.262225e-01	2.229355e-01	2.262225e-01
1.686993e-01	1.726437e-01	1.802039e-01	1.805326e-01	1.874354e-01	1.864493e-01	1.913799e-01	1.907225e-01	1.959817e-01	1.943382e-01	1.986114e-01	1.972966e-01	2.012410e-01	1.995975e-01	2.038706e-01	2.015697e-01	2.051855e-01	2.038706e-01	2.068290e-01	2.051855e-01	2.084725e-01	2.065003e-01	2.094586e-01	2.078151e-01	2.104447e-01	2.091299e-01	2.120883e-01	2.104447e-01	2.124170e-01	2.117595e-01	2.130744e-01	2.117595e-01	2.137318e-01	2.130744e-01	2.147179e-01	2.134031e-01	2.150466e-01	2.137318e-01	2.157040e-01	2.150466e-01	2.160327e-01	2.150466e-01	2.170188e-01	2.160327e-01	2.173475e-01	2.166901e-01	2.173475e-01	2.170188e-01	2.176762e-01	2.176762e-01	2.183336e-01	2.180049e-01	2.180049e-01	2.186623e-01	2.186623e-01	2.183336e-01	2.193197e-01	2.196484e-01	2.199772e-01	2.203059e-01	2.196484e-01	2.203059e-01	2.199772e-01	2.206346e-01	2.203059e-01	2.206346e-01	2.199772e-01	2.212920e-01	2.199772e-01	2.209633e-01	2.203059e-01	2.219494e-01	2.209633e-01	2.222781e-01	2.203059e-01	2.222781e-01	2.206346e-01	2.222781e-01	2.206346e-01	2.226068e-01	2.212920e-01	2.232642e-01	2.212920e-01	2.232642e-01	2.212920e-01	2.235929e-01	2.219494e-01	2.235929e-01	2.216207e-01	2.235929e-01	2.216207e-01	2.239216e-01	2.219494e-01	2.242503e-01	2.222781e-01	2.249077e-01	2.219494e-01	2.242503e-01	2.219494e-01	2.255651e-01	2.222781e-01	2.255651e-01	2.219494e-01	2.258938e-01	2.226068e-01	2.252364e-01	2.229355e-01	2.255651e-01	2.219494e-01	2.262225e-01	2.222781e-01	2.255651e-01	2.219494e-01	2.265512e-01	2.226068e-01	2.265512e-01	2.222781e-01	2.265512e-01	2.222781e-01	2.268799e-01	2.232642e-01
1.716576e-01	1.683706e-01	1.834910e-01	1.762595e-01	1.900651e-01	1.828336e-01	1.946669e-01	1.871067e-01	1.986114e-01	1.907225e-01	2.015697e-01	1.933521e-01	2.051855e-01	1.963104e-01	2.071577e-01	1.979540e-01	2.088012e-01	1.999262e-01	2.104447e-01	2.015697e-01	2.114308e-01	2.025558e-01	2.134031e-01	2.038706e-01	2.140605e-01	2.048568e-01	2.160327e-01	2.061716e-01	2.160327e-01	2.068290e-01	2.170188e-01	2.078151e-01	2.180049e-01	2.091299e-01	2.186623e-01	2.091299e-01	2.193197e-01	2.101160e-01	2.196484e-01	2.104447e-01	2.196484e-01	2.114308e-01	2.209633e-01	2.114308e-01	2.209633e-01	2.124170e-01	2.209633e-01	2.127457e-01	2.222781e-01	2.130744e-01	2.229355e-01	2.134031e-01	2.229355e-01	2.143892e-01	2.229355e-01	2.140605e-01	2.235929e-01	2.150466e-01	2.242503e-01	2.150466e-01	2.242503e-01	2.153753e-01	2.242503e-01	2.160327e-01	2.249077e-01	2.157040e-01	2.245790e-01	2.163614e-01	2.249077e-01	2.163614e-01	2.252364e-01	2.166901e-01	2.255651e-01	2.173475e-01	2.252364e-01	2.170188e-01	2.255651e-01	2.173475e-01	2.255651e-01	2.176762e-01	2.258938e-01	2.183336e-01	2.262225e-01	2.183336e-01	2.262225e-01	2.189910e-01	2.262225e-01	2.183336e-01	2.258938e-01	2.183336e-01	2.262225e-01	2.186623e-01	2.268799e-01	2.189910e-01	2.268799e-01	2.196484e-01	2.265512e-01	2.193197e-01	2.268799e-01	2.199772e-01	2.268799e-01	2.199772e-01	2.272086e-01	2.199772e-01	2.268799e-01	2.199772e-01	2.278661e-01	2.209633e-01	2.275374e-01	2.206346e-01	2.272086e-01	2.206346e-01	2.272086e-01	2.209633e-01	2.272086e-01	2.209633e-01	2.275374e-01	2.209633e-01	2.275374e-01	2.212920e-01	2.278661e-01
1.621252e-01	1.795465e-01	1.742873e-01	1.874354e-01	1.802039e-01	1.933521e-01	1.851345e-01	1.972966e-01	1.890789e-01	2.009123e-01	1.920373e-01	2.035419e-01	1.946669e-01	2.058429e-01	1.969679e-01	2.078151e-01	1.989401e-01	2.101160e-01	2.005836e-01	2.114308e-01	2.022271e-01	2.127457e-01	2.032132e-01	2.140605e-01	2.041993e-01	2.153753e-01	2.055142e-01	2.166901e-01	2.065003e-01	2.173475e-01	2.071577e-01	2.180049e-01	2.084725e-01	2.183336e-01	2.084725e-01	2.193197e-01	2.088012e-01	2.193197e-01	2.097873e-01	2.206346e-01	2.104447e-01	2.212920e-01	2.111021e-01	2.209633e-01	2.117595e-01	2.222781e-01	2.120883e-01	2.222781e-01	2.120883e-01	2.229355e-01	2.130744e-01	2.232642e-01	2.130744e-01	2.239216e-01	2.134031e-01	2.242503e-01	2.140605e-01	2.242503e-01	2.140605e-01	2.249077e-01	2.143892e-01	2.249077e-01	2.147179e-01	2.252364e-01	2.150466e-01	2.255651e-01	2.153753e-01	2.262225e-01	2.150466e-01	2.258938e-01	2.153753e-01	2.262225e-01	2.157040e-01	2.258938e-01	2.157040e-01	2.265512e-01	2.163614e-01	2.268799e-01	2.166901e-01	2.268799e-01	2.163614e-01	2.278661e-01	2.170188e-01	2.272086e-01	2.173475e-01	2.272086e-01	2.170188e-01	2.278661e-01	2.176762e-01	2.278661e-01	2.173475e-01	2.281948e-01	2.176762e-01	2.281948e-01	2.183336e-01	2.278661e-01	2.173475e-01	2.285235e-01	2.180049e-01	2.281948e-01	2.183336e-01	2.285235e-01	2.180049e-01	2.288522e-01	2.186623e-01	2.288522e-01	2.186623e-01	2.285235e-01	2.183336e-01	2.295096e-01	2.189910e-01	2.288522e-01	2.186623e-01	2.291809e-01	2.183336e-01	2.295096e-01	2.193197e-01	2.295096e-01	2.193197e-01	2.291809e-01	2.196484e-01
1.621252e-01	1.788891e-01	1.739585e-01	1.867780e-01	1.802039e-01	1.926947e-01	1.848058e-01	1.972966e-01	1.890789e-01	2.002549e-01	1.926947e-01	2.032132e-01	1.949956e-01	2.058429e-01	1.969679e-01	2.078151e-01	1.992688e-01	2.097873e-01	2.009123e-01	2.114308e-01	2.022271e-01	2.124170e-01	2.028845e-01	2.140605e-01	2.048568e-01	2.153753e-01	2.051855e-01	2.160327e-01	2.061716e-01	2.173475e-01	2.074864e-01	2.173475e-01	2.081438e-01	2.183336e-01	2.084725e-01	2.189910e-01	2.091299e-01	2.196484e-01	2.101160e-01	2.206346e-01	2.104447e-01	2.206346e-01	2.107734e-01	2.216207e-01	2.117595e-01	2.219494e-01	2.117595e-01	2.226068e-01	2.124170e-01	2.226068e-01	2.130744e-01	2.232642e-01	2.134031e-01	2.235929e-01	2.140605e-01	2.239216e-01	2.143892e-01	2.242503e-01	2.143892e-01	2.242503e-01	2.143892e-01	2.249077e-01	2.150466e-01	2.252364e-01	2.150466e-01	2.255651e-01	2.147179e-01	2.255651e-01	2.153753e-01	2.262225e-01	2.160327e-01	2.258938e-01	2.157040e-01	2.262225e-01	2.163614e-01	2.265512e-01	2.163614e-01	2.265512e-01	2.160327e-01	2.265512e-01	2.166901e-01	2.275374e-01	2.170188e-01	2.275374e-01	2.170188e-01	2.275374e-01	2.176762e-01	2.275374e-01	2.173475e-01	2.278661e-01	2.173475e-01	2.278661e-01	2.176762e-01	2.278661e-01	2.176762e-01	2.281948e-01	2.176762e-01	2.281948e-01	2.180049e-01	2.288522e-01	2.173475e-01	2.288522e-01	2.183336e-01	2.285235e-01	2.186623e-01	2.288522e-01	2.186623e-01	2.288522e-01	2.189910e-01	2.291809e-01	2.183336e-01	2.291809e-01	2.189910e-01	2.291809e-01	2.189910e-01	2.288522e-01	2.186623e-01	2.295096e-01	2.196484e-01	2.295096e-01	2.193197e-01
1.617965e-01	1.779030e-01	1.739585e-01	1.867780e-01	1.802039e-01	1.923660e-01	1.854632e-01	1.969679e-01	1.890789e-01	2.002549e-01	1.923660e-01	2.028845e-01	1.949956e-01	2.051855e-01	1.966391e-01	2.081438e-01	1.992688e-01	2.097873e-01	2.009123e-01	2.107734e-01	2.022271e-01	2.127457e-01	2.028845e-01	2.137318e-01	2.041993e-01	2.150466e-01	2.051855e-01	2.157040e-01	2.061716e-01	2.170188e-01	2.071577e-01	2.173475e-01	2.084725e-01	2.186623e-01	2.084725e-01	2.196484e-01	2.097873e-01	2.193197e-01	2.104447e-01	2.199772e-01	2.107734e-01	2.206346e-01	2.114308e-01	2.209633e-01	2.114308e-01	2.219494e-01	2.120883e-01	2.222781e-01	2.127457e-01	2.226068e-01	2.127457e-01	2.226068e-01	2.134031e-01	2.232642e-01	2.134031e-01	2.239216e-01	2.137318e-01	2.249077e-01	2.140605e-01	2.249077e-01	2.137318e-01	2.245790e-01	2.143892e-01	2.249077e-01	2.150466e-01	2.252364e-01	2.150466e-01	2.255651e-01	2.157040e-01	2.258938e-01	2.153753e-01	2.265512e-01	2.153753e-01	2.262225e-01	2.160327e-01	2.268799e-01	2.160327e-01	2.265512e-01	2.170188e-01	2.268799e-01	2.170188e-01	2.265512e-01	2.163614e-01	2.272086e-01	2.176762e-01	2.275374e-01	2.170188e-01	2.278661e-01	2.173475e-01	2.275374e-01	2.173475e-01	2.275374e-01	2.180049e-01	2.278661e-01	2.180049e-01	2.281948e-01	2.180049e-01	2.285235e-01	2.176762e-01	2.285235e-01	2.183336e-01	2.285235e-01	2.186623e-01	2.285235e-01	2.180049e-01	2.288522e-01	2.180049e-01	2.288522e-01	2.183336e-01	2.288522e-01	2.180049e-01	2.288522e-01	2.186623e-01	2.291809e-01	2.193197e-01	2.288522e-01	2.193197e-01	2.295096e-01	2.189910e-01	2.298383e-01	2.193197e-01
1.650835e-01	1.779030e-01	1.769169e-01	1.857919e-01	1.834910e-01	1.913799e-01	1.880928e-01	1.959817e-01	1.917086e-01	1.992688e-01	1.946669e-01	2.012410e-01	1.976253e-01	2.038706e-01	1.992688e-01	2.061716e-01	2.015697e-01	2.074864e-01	2.028845e-01	2.091299e-01	2.045281e-01	2.101160e-01	2.058429e-01	2.114308e-01	2.068290e-01	2.124170e-01	2.078151e-01	2.137318e-01	2.088012e-01	2.143892e-01	2.101160e-01	2.153753e-01	2.111021e-01	2.160327e-01	2.117595e-01	2.166901e-01	2.120883e-01	2.176762e-01	2.127457e-01	2.183336e-01	2.137318e-01	2.183336e-01	2.134031e-01	2.186623e-01	2.140605e-01	2.189910e-01	2.150466e-01	2.193197e-01	2.153753e-01	2.203059e-01	2.163614e-01	2.203059e-01	2.160327e-01	2.209633e-01	2.160327e-01	2.212920e-01	2.166901e-01	2.216207e-01	2.173475e-01	2.216207e-01	2.176762e-01	2.219494e-01	2.183336e-01	2.219494e-01	2.186623e-01	2.222781e-01	2.180049e-01	2.222781e-01	2.183336e-01	2.226068e-01	2.189910e-01	2.232642e-01	2.189910e-01	2.226068e-01	2.193197e-01	2.232642e-01	2.199772e-01	2.232642e-01	2.193197e-01	2.239216e-01	2.199772e-01	2.232642e-01	2.209633e-01	2.235929e-01	2.209633e-01	2.242503e-01	2.206346e-01	2.245790e-01	2.203059e-01	2.249077e-01	2.212920e-01	2.245790e-01	2.209633e-01	2.245790e-01	2.212920e-01	2.235929e-01	2.212920e-01	2.245790e-01	2.219494e-01	2.242503e-01	2.216207e-01	2.252364e-01	2.219494e-01	2.245790e-01	2.219494e-01	2.252364e-01	2.219494e-01	2.249077e-01	2.222781e-01	2.249077e-01	2.226068e-01	2.249077e-01	2.226068e-01	2.255651e-01	2.226068e-01	2.252364e-01	2.232642e-01	2.255651e-01	2.232642e-01	2.255651e-01	2.229355e-01
1.706715e-01	1.706715e-01	1.818475e-01	1.788891e-01	1.884215e-01	1.848058e-01	1.933521e-01	1.887502e-01	1.969679e-01	1.923660e-01	2.005836e-01	1.949956e-01	2.035419e-01	1.979540e-01	2.051855e-01	1.992688e-01	2.071577e-01	2.015697e-01	2.094586e-01	2.032132e-01	2.104447e-01	2.041993e-01	2.114308e-01	2.055142e-01	2.127457e-01	2.068290e-01	2.137318e-01	2.074864e-01	2.147179e-01	2.081438e-01	2.153753e-01	2.091299e-01	2.163614e-01	2.101160e-01	2.176762e-01	2.104447e-01	2.176762e-01	2.111021e-01	2.183336e-01	2.114308e-01	2.193197e-01	2.124170e-01	2.189910e-01	2.124170e-01	2.203059e-01	2.130744e-01	2.206346e-01	2.134031e-01	2.209633e-01	2.137318e-01	2.209633e-01	2.143892e-01	2.219494e-01	2.150466e-01	2.216207e-01	2.150466e-01	2.229355e-01	2.153753e-01	2.222781e-01	2.157040e-01	2.229355e-01	2.160327e-01	2.239216e-01	2.160327e-01	2.239216e-01	2.163614e-01	2.242503e-01	2.170188e-01	2.239216e-01	2.166901e-01	2.242503e-01	2.166901e-01	2.245790e-01	2.173475e-01	2.249077e-01	2.170188e-01	2.252364e-01	2.176762e-01	2.258938e-01	2.176762e-01	2.252364e-01	2.180049e-01	2.258938e-01	2.183336e-01	2.265512e-01	2.180049e-01	2.262225e-01	2.183336e-01	2.258938e-01	2.180049e-01	2.265512e-01	2.186623e-01	2.268799e-01	2.186623e-01	2.265512e-01	2.189910e-01	2.268799e-01	2.186623e-01	2.268799e-01	2.189910e-01	2.281948e-01	2.193197e-01	2.278661e-01	2.189910e-01	2.275374e-01	2.193197e-01	2.281948e-01	2.199772e-01	2.278661e-01	2.193197e-01	2.278661e-01	2.189910e-01	2.275374e-01	2.196484e-01	2.281948e-01	2.193197e-01	2.285235e-01	2.196484e-01	2.285235e-01	2.193197e-01	2.285235e-01
1.637687e-01	1.765882e-01	1.756021e-01	1.848058e-01	1.818475e-01	1.907225e-01	1.861206e-01	1.946669e-01	1.903938e-01	1.989401e-01	1.940095e-01	2.015697e-01	1.963104e-01	2.038706e-01	1.986114e-01	2.055142e-01	2.002549e-01	2.074864e-01	2.022271e-01	2.088012e-01	2.032132e-01	2.107734e-01	2.045281e-01	2.124170e-01	2.058429e-01	2.130744e-01	2.074864e-01	2.140605e-01	2.078151e-01	2.147179e-01	2.084725e-01	2.157040e-01	2.097873e-01	2.166901e-01	2.101160e-01	2.176762e-01	2.107734e-01	2.176762e-01	2.114308e-01	2.183336e-01	2.117595e-01	2.186623e-01	2.127457e-01	2.189910e-01	2.130744e-01	2.196484e-01	2.130744e-01	2.203059e-01	2.140605e-01	2.212920e-01	2.140605e-01	2.209633e-01	2.147179e-01	2.212920e-01	2.147179e-01	2.219494e-01	2.153753e-01	2.222781e-01	2.153753e-01	2.226068e-01	2.163614e-01	2.229355e-01	2.157040e-01	2.232642e-01	2.166901e-01	2.235929e-01	2.163614e-01	2.239216e-01	2.163614e-01	2.245790e-01	2.173475e-01	2.242503e-01	2.176762e-01	2.245790e-01	2.173475e-01	2.245790e-01	2.176762e-01	2.255651e-01	2.173475e-01	2.252364e-01	2.183336e-01	2.255651e-01	2.183336e-01	2.255651e-01	2.183336e-01	2.258938e-01	2.183336e-01	2.258938e-01	2.183336e-01	2.265512e-01	2.189910e-01	2.262225e-01	2.189910e-01	2.265512e-01	2.189910e-01	2.265512e-01	2.193197e-01	2.265512e-01	2.189910e-01	2.268799e-01	2.196484e-01	2.272086e-01	2.196484e-01	2.272086e-01	2.199772e-01	2.278661e-01	2.196484e-01	2.275374e-01	2.196484e-01	2.272086e-01	2.196484e-01	2.278661e-01	2.203059e-01	2.278661e-01	2.203059e-01	2.278661e-01	2.196484e-01	2.278661e-01	2.199772e-01	2.281948e-01	2.203059e-01
1.624539e-01	1.788891e-01	1.749447e-01	1.871067e-01	1.808613e-01	1.926947e-01	1.857919e-01	1.969679e-01	1.900651e-01	2.002549e-01	1.926947e-01	2.035419e-01	1.949956e-01	2.055142e-01	1.979540e-01	2.081438e-01	1.992688e-01	2.091299e-01	2.009123e-01	2.107734e-01	2.025558e-01	2.124170e-01	2.035419e-01	2.134031e-01	2.048568e-01	2.147179e-01	2.058429e-01	2.153753e-01	2.068290e-01	2.163614e-01	2.078151e-01	2.170188e-01	2.084725e-01	2.180049e-01	2.088012e-01	2.186623e-01	2.097873e-01	2.189910e-01	2.101160e-01	2.193197e-01	2.111021e-01	2.203059e-01	2.120883e-01	2.206346e-01	2.127457e-01	2.206346e-01	2.130744e-01	2.216207e-01	2.130744e-01	2.219494e-01	2.134031e-01	2.219494e-01	2.137318e-01	2.229355e-01	2.140605e-01	2.226068e-01	2.143892e-01	2.229355e-01	2.150466e-01	2.232642e-01	2.150466e-01	2.239216e-01	2.153753e-01	2.239216e-01	2.153753e-01	2.242503e-01	2.160327e-01	2.245790e-01	2.163614e-01	2.249077e-01	2.160327e-01	2.245790e-01	2.166901e-01	2.249077e-01	2.166901e-01	2.255651e-01	2.170188e-01	2.252364e-01	2.170188e-01	2.255651e-01	2.173475e-01	2.262225e-01	2.176762e-01	2.265512e-01	2.176762e-01	2.262225e-01	2.173475e-01	2.262225e-01	2.176762e-01	2.265512e-01	2.186623e-01	2.265512e-01	2.183336e-01	2.268799e-01	2.186623e-01	2.268799e-01	2.193197e-01	2.272086e-01	2.189910e-01	2.265512e-01	2.193197e-01	2.272086e-01	2.193197e-01	2.265512e-01	2.186623e-01	2.272086e-01	2.196484e-01	2.272086e-01	2.199772e-01	2.272086e-01	2.196484e-01	2.272086e-01	2.193197e-01	2.275374e-01	2.199772e-01	2.272086e-01	2.196484e-01	2.275374e-01	2.196484e-01	2.281948e-01	2.203059e-01
1.680419e-01	1.739585e-01	1.802039e-01	1.818475e-01	1.871067e-01	1.874354e-01	1.913799e-01	1.917086e-01	1.956530e-01	1.949956e-01	1.986114e-01	1.976253e-01	2.012410e-01	2.002549e-01	2.028845e-01	2.015697e-01	2.051855e-01	2.038706e-01	2.061716e-01	2.055142e-01	2.078151e-01	2.065003e-01	2.094586e-01	2.081438e-01	2.104447e-01	2.091299e-01	2.117595e-01	2.097873e-01	2.120883e-01	2.111021e-01	2.134031e-01	2.114308e-01	2.140605e-01	2.120883e-01	2.143892e-01	2.130744e-01	2.153753e-01	2.137318e-01	2.160327e-01	2.140605e-01	2.166901e-01	2.143892e-01	2.170188e-01	2.150466e-01	2.173475e-01	2.157040e-01	2.180049e-01	2.160327e-01	2.176762e-01	2.166901e-01	2.183336e-01	2.163614e-01	2.193197e-01	2.166901e-01	2.193197e-01	2.176762e-01	2.199772e-01	2.176762e-01	2.199772e-01	2.176762e-01	2.203059e-01	2.183336e-01	2.209633e-01	2.189910e-01	2.206346e-01	2.189910e-01	2.216207e-01	2.193197e-01	2.212920e-01	2.196484e-01	2.219494e-01	2.193197e-01	2.219494e-01	2.199772e-01	2.219494e-01	2.203059e-01	2.226068e-01	2.203059e-01	2.226068e-01	2.199772e-01	2.222781e-01	2.206346e-01	2.229355e-01	2.206346e-01	2.229355e-01	2.206346e-01	2.232642e-01	2.209633e-01	2.232642e-01	2.216207e-01	2.232642e-01	2.212920e-01	2.235929e-01	2.209633e-01	2.239216e-01	2.216207e-01	2.235929e-01	2.216207e-01	2.245790e-01	2.222781e-01	2.245790e-01	2.219494e-01	2.245790e-01	2.222781e-01	2.245790e-01	2.222781e-01	2.245790e-01	2.219494e-01	2.249077e-01	2.219494e-01	2.245790e-01	2.226068e-01	2.252364e-01	2.222781e-01	2.255651e-01	2.226068e-01	2.255651e-01	2.229355e-01	2.252364e-01	2.229355e-01	2.249077e-01
1.696854e-01	1.696854e-01	1.815187e-01	1.779030e-01	1.880928e-01	1.834910e-01	1.926947e-01	1.880928e-01	1.969679e-01	1.917086e-01	1.999262e-01	1.946669e-01	2.028845e-01	1.972966e-01	2.048568e-01	1.992688e-01	2.065003e-01	2.009123e-01	2.081438e-01	2.022271e-01	2.097873e-01	2.041993e-01	2.107734e-01	2.048568e-01	2.124170e-01	2.065003e-01	2.130744e-01	2.074864e-01	2.140605e-01	2.081438e-01	2.153753e-01	2.091299e-01	2.160327e-01	2.094586e-01	2.163614e-01	2.104447e-01	2.173475e-01	2.114308e-01	2.176762e-01	2.117595e-01	2.183336e-01	2.120883e-01	2.186623e-01	2.130744e-01	2.193197e-01	2.134031e-01	2.199772e-01	2.137318e-01	2.199772e-01	2.140605e-01	2.206346e-01	2.147179e-01	2.209633e-01	2.147179e-01	2.212920e-01	2.150466e-01	2.216207e-01	2.157040e-01	2.219494e-01	2.160327e-01	2.226068e-01	2.160327e-01	2.222781e-01	2.166901e-01	2.226068e-01	2.166901e-01	2.229355e-01	2.166901e-01	2.232642e-01	2.173475e-01	2.235929e-01	2.176762e-01	2.235929e-01	2.173475e-01	2.235929e-01	2.176762e-01	2.242503e-01	2.183336e-01	2.235929e-01	2.186623e-01	2.242503e-01	2.183336e-01	2.245790e-01	2.186623e-01	2.245790e-01	2.183336e-01	2.252364e-01	2.189910e-01	2.252364e-01	2.189910e-01	2.249077e-01	2.196484e-01	2.252364e-01	2.199772e-01	2.255651e-01	2.199772e-01	2.252364e-01	2.196484e-01	2.258938e-01	2.199772e-01	2.255651e-01	2.203059e-01	2.262225e-01	2.199772e-01	2.262225e-01	2.203059e-01	2.255651e-01	2.209633e-01	2.258938e-01	2.206346e-01	2.262225e-01	2.209633e-01	2.262225e-01	2.203059e-01	2.265512e-01	2.203059e-01	2.265512e-01	2.209633e-01	2.262225e-01	2.216207e-01	2.262225e-01
1.693567e-01	1.723150e-01	1.808613e-01	1.805326e-01	1.874354e-01	1.864493e-01	1.917086e-01	1.910512e-01	1.956530e-01	1.940095e-01	1.986114e-01	1.963104e-01	2.012410e-01	1.992688e-01	2.035419e-01	2.015697e-01	2.051855e-01	2.032132e-01	2.074864e-01	2.041993e-01	2.084725e-01	2.061716e-01	2.097873e-01	2.074864e-01	2.107734e-01	2.078151e-01	2.111021e-01	2.091299e-01	2.127457e-01	2.101160e-01	2.137318e-01	2.111021e-01	2.140605e-01	2.117595e-01	2.150466e-01	2.124170e-01	2.153753e-01	2.134031e-01	2.160327e-01	2.137318e-01	2.166901e-01	2.143892e-01	2.170188e-01	2.147179e-01	2.176762e-01	2.153753e-01	2.183336e-01	2.153753e-01	2.183336e-01	2.163614e-01	2.186623e-01	2.163614e-01	2.189910e-01	2.170188e-01	2.193197e-01	2.176762e-01	2.196484e-01	2.173475e-01	2.203059e-01	2.180049e-01	2.206346e-01	2.180049e-01	2.209633e-01	2.186623e-01	2.209633e-01	2.186623e-01	2.212920e-01	2.183336e-01	2.216207e-01	2.189910e-01	2.212920e-01	2.196484e-01	2.219494e-01	2.199772e-01	2.222781e-01	2.193197e-01	2.226068e-01	2.206346e-01	2.229355e-01	2.206346e-01	2.226068e-01	2.199772e-01	2.226068e-01	2.206346e-01	2.232642e-01	2.206346e-01	2.232642e-01	2.212920e-01	2.229355e-01	2.209633e-01	2.235929e-01	2.209633e-01	2.235929e-01	2.209633e-01	2.235929e-01	2.216207e-01	2.239216e-01	2.212920e-01	2.235929e-01	2.219494e-01	2.242503e-01	2.216207e-01	2.242503e-01	2.219494e-01	2.242503e-01	2.219494e-01	2.245790e-01	2.222781e-01	2.242503e-01	2.216207e-01	2.245790e-01	2.226068e-01	2.249077e-01	2.219494e-01	2.242503e-01	2.226068e-01	2.252364e-01	2.222781e-01	2.249077e-01	2.226068e-01	2.252364e-01
1.713289e-01	1.686993e-01	1.834910e-01	1.769169e-01	1.900651e-01	1.828336e-01	1.946669e-01	1.871067e-01	1.982827e-01	1.903938e-01	2.018984e-01	1.930234e-01	2.041993e-01	1.956530e-01	2.061716e-01	1.979540e-01	2.078151e-01	1.995975e-01	2.101160e-01	2.012410e-01	2.111021e-01	2.025558e-01	2.130744e-01	2.038706e-01	2.134031e-01	2.045281e-01	2.147179e-01	2.058429e-01	2.157040e-01	2.065003e-01	2.166901e-01	2.071577e-01	2.173475e-01	2.081438e-01	2.176762e-01	2.091299e-01	2.186623e-01	2.101160e-01	2.196484e-01	2.097873e-01	2.193197e-01	2.107734e-01	2.196484e-01	2.114308e-01	2.212920e-01	2.117595e-01	2.209633e-01	2.124170e-01	2.219494e-01	2.124170e-01	2.216207e-01	2.130744e-01	2.222781e-01	2.140605e-01	2.226068e-01	2.143892e-01	2.226068e-01	2.147179e-01	2.232642e-01	2.147179e-01	2.229355e-01	2.147179e-01	2.232642e-01	2.150466e-01	2.242503e-01	2.150466e-01	2.242503e-01	2.160327e-01	2.242503e-01	2.160327e-01	2.242503e-01	2.163614e-01	2.249077e-01	2.170188e-01	2.249077e-01	2.166901e-01	2.252364e-01	2.163614e-01	2.255651e-01	2.176762e-01	2.252364e-01	2.176762e-01	2.255651e-01	2.176762e-01	2.262225e-01	2.176762e-01	2.258938e-01	2.180049e-01	2.258938e-01	2.180049e-01	2.258938e-01	2.186623e-01	2.262225e-01	2.183336e-01	2.265512e-01	2.186623e-01	2.268799e-01	2.189910e-01	2.268799e-01	2.193197e-01	2.265512e-01	2.189910e-01	2.272086e-01	2.196484e-01	2.265512e-01	2.193197e-01	2.268799e-01	2.196484e-01	2.268799e-01	2.196484e-01	2.268799e-01	2.196484e-01	2.268799e-01	2.203059e-01	2.268799e-01	2.203059e-01	2.272086e-01	2.199772e-01	2.272086e-01	2.203059e-01	2.272086e-01
1.621252e-01	1.785604e-01	1.729724e-01	1.871067e-01	1.805326e-01	1.923660e-01	1.848058e-01	1.969679e-01	1.887502e-01	2.005836e-01	1.923660e-01	2.035419e-01	1.943382e-01	2.051855e-01	1.966391e-01	2.078151e-01	1.982827e-01	2.091299e-01	2.002549e-01	2.104447e-01	2.012410e-01	2.124170e-01	2.028845e-01	2.137318e-01	2.041993e-01	2.150466e-01	2.048568e-01	2.150466e-01	2.061716e-01	2.166901e-01	2.065003e-01	2.173475e-01	2.074864e-01	2.176762e-01	2.081438e-01	2.189910e-01	2.084725e-01	2.193197e-01	2.097873e-01	2.199772e-01	2.097873e-01	2.206346e-01	2.107734e-01	2.212920e-01	2.111021e-01	2.216207e-01	2.114308e-01	2.212920e-01	2.120883e-01	2.229355e-01	2.127457e-01	2.232642e-01	2.130744e-01	2.232642e-01	2.130744e-01	2.235929e-01	2.134031e-01	2.229355e-01	2.140605e-01	2.245790e-01	2.140605e-01	2.245790e-01	2.137318e-01	2.249077e-01	2.147179e-01	2.242503e-01	2.147179e-01	2.249077e-01	2.150466e-01	2.252364e-01	2.153753e-01	2.252364e-01	2.153753e-01	2.258938e-01	2.157040e-01	2.258938e-01	2.160327e-01	2.262225e-01	2.166901e-01	2.258938e-01	2.163614e-01	2.265512e-01	2.163614e-01	2.268799e-01	2.163614e-01	2.268799e-01	2.173475e-01	2.268799e-01	2.173475e-01	2.272086e-01	2.170188e-01	2.275374e-01	2.173475e-01	2.272086e-01	2.176762e-01	2.275374e-01	2.176762e-01	2.275374e-01	2.173475e-01	2.281948e-01	2.180049e-01	2.278661e-01	2.180049e-01	2.281948e-01	2.173475e-01	2.285235e-01	2.180049e-01	2.281948e-01	2.180049e-01	2.285235e-01	2.180049e-01	2.285235e-01	2.183336e-01	2.288522e-01	2.186623e-01	2.291809e-01	2.180049e-01	2.288522e-01	2.189910e-01	2.288522e-01	2.180049e-01
1.700141e-01	1.713289e-01	1.815187e-01	1.798752e-01	1.884215e-01	1.857919e-01	1.926947e-01	1.897364e-01	1.966391e-01	1.933521e-01	1.995975e-01	1.963104e-01	2.018984e-01	1.982827e-01	2.041993e-01	1.999262e-01	2.065003e-01	2.015697e-01	2.078151e-01	2.038706e-01	2.094586e-01	2.048568e-01	2.107734e-01	2.061716e-01	2.114308e-01	2.074864e-01	2.127457e-01	2.081438e-01	2.130744e-01	2.088012e-01	2.143892e-01	2.094586e-01	2.153753e-01	2.107734e-01	2.157040e-01	2.114308e-01	2.163614e-01	2.120883e-01	2.166901e-01	2.127457e-01	2.173475e-01	2.130744e-01	2.180049e-01	2.140605e-01	2.180049e-01	2.137318e-01	2.186623e-01	2.147179e-01	2.196484e-01	2.150466e-01	2.193197e-01	2.153753e-01	2.196484e-01	2.153753e-01	2.206346e-01	2.163614e-01	2.206346e-01	2.160327e-01	2.206346e-01	2.166901e-01	2.212920e-01	2.170188e-01	2.212920e-01	2.176762e-01	2.216207e-01	2.176762e-01	2.219494e-01	2.180049e-01	2.222781e-01	2.180049e-01	2.229355e-01	2.186623e-01	2.226068e-01	2.189910e-01	2.229355e-01	2.189910e-01	2.229355e-01	2.193197e-01	2.229355e-01	2.193197e-01	2.232642e-01	2.196484e-01	2.229355e-01	2.199772e-01	2.232642e-01	2.203059e-01	2.235929e-01	2.206346e-01	2.239216e-01	2.206346e-01	2.232642e-01	2.203059e-01	2.242503e-01	2.209633e-01	2.239216e-01	2.212920e-01	2.239216e-01	2.209633e-01	2.242503e-01	2.216207e-01	2.239216e-01	2.216207e-01	2.239216e-01	2.219494e-01	2.239216e-01	2.216207e-01	2.242503e-01	2.219494e-01	2.242503e-01	2.222781e-01	2.242503e-01	2.222781e-01	2.245790e-01	2.222781e-01	2.245790e-01	2.219494e-01	2.242503e-01	2.226068e-01	2.245790e-01	2.226068e-01	2.249077e-01
1.608104e-01	1.785604e-01	1.723150e-01	1.864493e-01	1.802039e-01	1.923660e-01	1.844771e-01	1.959817e-01	1.880928e-01	1.995975e-01	1.920373e-01	2.022271e-01	1.940095e-01	2.048568e-01	1.963104e-01	2.074864e-01	1.982827e-01	2.088012e-01	1.999262e-01	2.107734e-01	2.015697e-01	2.120883e-01	2.028845e-01	2.130744e-01	2.038706e-01	2.143892e-01	2.048568e-01	2.150466e-01	2.061716e-01	2.166901e-01	2.071577e-01	2.160327e-01	2.081438e-01	2.173475e-01	2.084725e-01	2.183336e-01	2.091299e-01	2.186623e-01	2.094586e-01	2.193197e-01	2.104447e-01	2.196484e-01	2.114308e-01	2.206346e-01	2.114308e-01	2.203059e-01	2.111021e-01	2.212920e-01	2.124170e-01	2.212920e-01	2.127457e-01	2.219494e-01	2.134031e-01	2.222781e-01	2.137318e-01	2.222781e-01	2.140605e-01	2.229355e-01	2.140605e-01	2.235929e-01	2.147179e-01	2.235929e-01	2.147179e-01	2.235929e-01	2.157040e-01	2.239216e-01	2.157040e-01	2.242503e-01	2.157040e-01	2.245790e-01	2.160327e-01	2.242503e-01	2.157040e-01	2.245790e-01	2.160327e-01	2.249077e-01	2.166901e-01	2.249077e-01	2.160327e-01	2.252364e-01	2.170188e-01	2.252364e-01	2.173475e-01	2.252364e-01	2.170188e-01	2.258938e-01	2.173475e-01	2.258938e-01	2.180049e-01	2.265512e-01	2.176762e-01	2.262225e-01	2.180049e-01	2.262225e-01	2.183336e-01	2.262225e-01	2.186623e-01	2.265512e-01	2.183336e-01	2.268799e-01	2.186623e-01	2.265512e-01	2.189910e-01	2.272086e-01	2.186623e-01	2.272086e-01	2.189910e-01	2.265512e-01	2.186623e-01	2.272086e-01	2.189910e-01	2.268799e-01	2.193197e-01	2.272086e-01	2.199772e-01	2.272086e-01	2.199772e-01	2.278661e-01	2.189910e-01	2.278661e-01	2.196484e-01
1.621252e-01	1.788891e-01	1.742873e-01	1.871067e-01	1.802039e-01	1.930234e-01	1.848058e-01	1.972966e-01	1.884215e-01	2.005836e-01	1.917086e-01	2.038706e-01	1.943382e-01	2.061716e-01	1.969679e-01	2.078151e-01	1.982827e-01	2.091299e-01	2.002549e-01	2.111021e-01	2.009123e-01	2.124170e-01	2.028845e-01	2.130744e-01	2.035419e-01	2.150466e-01	2.048568e-01	2.157040e-01	2.058429e-01	2.166901e-01	2.065003e-01	2.176762e-01	2.071577e-01	2.186623e-01	2.088012e-01	2.189910e-01	2.088012e-01	2.189910e-01	2.094586e-01	2.196484e-01	2.097873e-01	2.203059e-01	2.104447e-01	2.209633e-01	2.111021e-01	2.212920e-01	2.111021e-01	2.212920e-01	2.117595e-01	2.222781e-01	2.117595e-01	2.232642e-01	2.120883e-01	2.232642e-01	2.127457e-01	2.232642e-01	2.134031e-01	2.239216e-01	2.134031e-01	2.239216e-01	2.130744e-01	2.245790e-01	2.143892e-01	2.242503e-01	2.143892e-01	2.252364e-01	2.147179e-01	2.249077e-01	2.147179e-01	2.252364e-01	2.153753e-01	2.252364e-01	2.147179e-01	2.255651e-01	2.157040e-01	2.255651e-01	2.163614e-01	2.258938e-01	2.160327e-01	2.255651e-01	2.163614e-01	2.262225e-01	2.163614e-01	2.265512e-01	2.170188e-01	2.262225e-01	2.163614e-01	2.265512e-01	2.166901e-01	2.268799e-01	2.176762e-01	2.265512e-01	2.173475e-01	2.265512e-01	2.176762e-01	2.272086e-01	2.176762e-01	2.268799e-01	2.180049e-01	2.275374e-01	2.183336e-01	2.272086e-01	2.176762e-01	2.272086e-01	2.186623e-01	2.272086e-01	2.186623e-01	2.278661e-01	2.186623e-01	2.278661e-01	2.186623e-01	2.278661e-01	2.186623e-01	2.281948e-01	2.193197e-01	2.275374e-01	2.199772e-01	2.278661e-01	2.199772e-01	2.281948e-01	2.196484e-01
1.713289e-01	1.680419e-01	1.834910e-01	1.769169e-01	1.900651e-01	1.821762e-01	1.946669e-01	1.864493e-01	1.989401e-01	1.897364e-01	2.018984e-01	1.926947e-01	2.051855e-01	1.949956e-01	2.068290e-01	1.972966e-01	2.081438e-01	1.992688e-01	2.101160e-01	2.009123e-01	2.111021e-01	2.018984e-01	2.124170e-01	2.028845e-01	2.137318e-01	2.051855e-01	2.153753e-01	2.058429e-01	2.157040e-01	2.061716e-01	2.163614e-01	2.071577e-01	2.180049e-01	2.081438e-01	2.180049e-01	2.084725e-01	2.183336e-01	2.091299e-01	2.186623e-01	2.094586e-01	2.199772e-01	2.104447e-01	2.203059e-01	2.111021e-01	2.209633e-01	2.114308e-01	2.212920e-01	2.117595e-01	2.212920e-01	2.127457e-01	2.209633e-01	2.127457e-01	2.219494e-01	2.130744e-01	2.219494e-01	2.137318e-01	2.222781e-01	2.143892e-01	2.226068e-01	2.143892e-01	2.232642e-01	2.147179e-01	2.232642e-01	2.147179e-01	2.239216e-01	2.163614e-01	2.235929e-01	2.153753e-01	2.235929e-01	2.163614e-01	2.239216e-01	2.163614e-01	2.242503e-01	2.160327e-01	2.245790e-01	2.170188e-01	2.245790e-01	2.166901e-01	2.249077e-01	2.170188e-01	2.249077e-01	2.176762e-01	2.242503e-01	2.176762e-01	2.249077e-01	2.180049e-01	2.249077e-01	2.183336e-01	2.245790e-01	2.189910e-01	2.252364e-01	2.189910e-01	2.249077e-01	2.193197e-01	2.245790e-01	2.193197e-01	2.252364e-01	2.193197e-01	2.252364e-01	2.196484e-01	2.249077e-01	2.199772e-01	2.252364e-01	2.199772e-01	2.262225e-01	2.199772e-01	2.255651e-01	2.206346e-01	2.255651e-01	2.209633e-01	2.255651e-01	2.203059e-01	2.262225e-01	2.199772e-01	2.258938e-01	2.209633e-01	2.255651e-01	2.209633e-01	2.258938e-01	2.209633e-01	2.255651e-01
1.706715e-01	1.680419e-01	1.831623e-01	1.762595e-01	1.897364e-01	1.821762e-01	1.936808e-01	1.871067e-01	1.986114e-01	1.894077e-01	2.012410e-01	1.926947e-01	2.038706e-01	1.946669e-01	2.061716e-01	1.972966e-01	2.081438e-01	1.989401e-01	2.097873e-01	2.005836e-01	2.111021e-01	2.012410e-01	2.124170e-01	2.028845e-01	2.137318e-01	2.041993e-01	2.147179e-01	2.051855e-01	2.157040e-01	2.058429e-01	2.163614e-01	2.068290e-01	2.173475e-01	2.074864e-01	2.183336e-01	2.084725e-01	2.186623e-01	2.088012e-01	2.189910e-01	2.094586e-01	2.199772e-01	2.097873e-01	2.209633e-01	2.107734e-01	2.209633e-01	2.111021e-01	2.212920e-01	2.114308e-01	2.222781e-01	2.120883e-01	2.219494e-01	2.117595e-01	2.229355e-01	2.127457e-01	2.232642e-01	2.127457e-01	2.235929e-01	2.127457e-01	2.235929e-01	2.134031e-01	2.239216e-01	2.140605e-01	2.235929e-01	2.140605e-01	2.242503e-01	2.140605e-01	2.245790e-01	2.143892e-01	2.249077e-01	2.150466e-01	2.249077e-01	2.143892e-01	2.255651e-01	2.153753e-01	2.258938e-01	2.153753e-01	2.255651e-01	2.160327e-01	2.265512e-01	2.157040e-01	2.268799e-01	2.157040e-01	2.265512e-01	2.163614e-01	2.262225e-01	2.160327e-01	2.265512e-01	2.160327e-01	2.265512e-01	2.170188e-01	2.265512e-01	2.166901e-01	2.268799e-01	2.170188e-01	2.268799e-01	2.166901e-01	2.275374e-01	2.170188e-01	2.275374e-01	2.170188e-01	2.275374e-01	2.170188e-01	2.278661e-01	2.180049e-01	2.275374e-01	2.176762e-01	2.281948e-01	2.176762e-01	2.278661e-01	2.180049e-01	2.278661e-01	2.180049e-01	2.278661e-01	2.180049e-01	2.281948e-01	2.186623e-01	2.281948e-01	2.186623e-01	2.288522e-01	2.189910e-01	2.285235e-01
1.667271e-01	1.723150e-01	1.782317e-01	1.815187e-01	1.851345e-01	1.874354e-01	1.894077e-01	1.910512e-01	1.940095e-01	1.949956e-01	1.972966e-01	1.976253e-01	1.995975e-01	1.999262e-01	2.015697e-01	2.015697e-01	2.035419e-01	2.032132e-01	2.051855e-01	2.048568e-01	2.074864e-01	2.068290e-01	2.081438e-01	2.071577e-01	2.094586e-01	2.084725e-01	2.104447e-01	2.094586e-01	2.114308e-01	2.101160e-01	2.124170e-01	2.111021e-01	2.130744e-01	2.120883e-01	2.140605e-01	2.120883e-01	2.147179e-01	2.134031e-01	2.150466e-01	2.134031e-01	2.157040e-01	2.137318e-01	2.163614e-01	2.140605e-01	2.170188e-01	2.150466e-01	2.180049e-01	2.153753e-01	2.176762e-01	2.153753e-01	2.186623e-01	2.160327e-01	2.193197e-01	2.170188e-01	2.193197e-01	2.173475e-01	2.199772e-01	2.170188e-01	2.203059e-01	2.176762e-01	2.203059e-01	2.176762e-01	2.206346e-01	2.176762e-01	2.209633e-01	2.176762e-01	2.212920e-01	2.180049e-01	2.216207e-01	2.183336e-01	2.216207e-01	2.186623e-01	2.226068e-01	2.189910e-01	2.226068e-01	2.183336e-01	2.226068e-01	2.189910e-01	2.229355e-01	2.186623e-01	2.229355e-01	2.186623e-01	2.232642e-01	2.196484e-01	2.232642e-01	2.193197e-01	2.235929e-01	2.193197e-01	2.242503e-01	2.199772e-01	2.239216e-01	2.199772e-01	2.242503e-01	2.196484e-01	2.245790e-01	2.193197e-01	2.249077e-01	2.199772e-01	2.249077e-01	2.203059e-01	2.249077e-01	2.199772e-01	2.252364e-01	2.199772e-01	2.249077e-01	2.199772e-01	2.258938e-01	2.203059e-01	2.252364e-01	2.199772e-01	2.258938e-01	2.203059e-01	2.262225e-01	2.196484e-01	2.258938e-01	2.203059e-01	2.255651e-01	2.203059e-01	2.258938e-01	2.203059e-01	2.265512e-01
1.634400e-01	1.779030e-01	1.752734e-01	1.861206e-01	1.818475e-01	1.913799e-01	1.864493e-01	1.953243e-01	1.900651e-01	1.992688e-01	1.926947e-01	2.022271e-01	1.956530e-01	2.045281e-01	1.972966e-01	2.065003e-01	1.999262e-01	2.084725e-01	2.009123e-01	2.097873e-01	2.018984e-01	2.111021e-01	2.035419e-01	2.130744e-01	2.045281e-01	2.137318e-01	2.051855e-01	2.143892e-01	2.068290e-01	2.153753e-01	2.071577e-01	2.163614e-01	2.081438e-01	2.176762e-01	2.088012e-01	2.183336e-01	2.097873e-01	2.189910e-01	2.097873e-01	2.193197e-01	2.111021e-01	2.196484e-01	2.107734e-01	2.206346e-01	2.114308e-01	2.209633e-01	2.114308e-01	2.206346e-01	2.124170e-01	2.216207e-01	2.124170e-01	2.219494e-01	2.130744e-01	2.226068e-01	2.134031e-01	2.226068e-01	2.134031e-01	2.232642e-01	2.137318e-01	2.232642e-01	2.147179e-01	2.239216e-01	2.143892e-01	2.242503e-01	2.150466e-01	2.245790e-01	2.150466e-01	2.245790e-01	2.153753e-01	2.245790e-01	2.157040e-01	2.252364e-01	2.157040e-01	2.245790e-01	2.157040e-01	2.258938e-01	2.160327e-01	2.255651e-01	2.163614e-01	2.258938e-01	2.157040e-01	2.258938e-01	2.163614e-01	2.262225e-01	2.166901e-01	2.268799e-01	2.166901e-01	2.268799e-01	2.166901e-01	2.268799e-01	2.166901e-01	2.262225e-01	2.166901e-01	2.272086e-01	2.173475e-01	2.272086e-01	2.170188e-01	2.272086e-01	2.173475e-01	2.278661e-01	2.180049e-01	2.278661e-01	2.176762e-01	2.278661e-01	2.176762e-01	2.278661e-01	2.180049e-01	2.281948e-01	2.180049e-01	2.278661e-01	2.186623e-01	2.281948e-01	2.186623e-01	2.281948e-01	2.183336e-01	2.278661e-01	2.180049e-01	2.281948e-01	2.183336e-01	2.278661e-01	2.183336e-01
1.677132e-01	1.706715e-01	1.795465e-01	1.788891e-01	1.864493e-01	1.848058e-01	1.917086e-01	1.890789e-01	1.956530e-01	1.926947e-01	1.989401e-01	1.949956e-01	2.009123e-01	1.969679e-01	2.035419e-01	1.999262e-01	2.055142e-01	2.005836e-01	2.074864e-01	2.025558e-01	2.088012e-01	2.041993e-01	2.101160e-01	2.048568e-01	2.117595e-01	2.061716e-01	2.120883e-01	2.071577e-01	2.134031e-01	2.078151e-01	2.147179e-01	2.088012e-01	2.153753e-01	2.094586e-01	2.160327e-01	2.097873e-01	2.166901e-01	2.104447e-01	2.180049e-01	2.111021e-01	2.183336e-01	2.120883e-01	2.186623e-01	2.120883e-01	2.189910e-01	2.124170e-01	2.196484e-01	2.124170e-01	2.199772e-01	2.130744e-01	2.203059e-01	2.130744e-01	2.206346e-01	2.140605e-01	2.209633e-01	2.143892e-01	2.216207e-01	2.147179e-01	2.226068e-01	2.147179e-01	2.226068e-01	2.150466e-01	2.232642e-01	2.157040e-01	2.232642e-01	2.153753e-01	2.239216e-01	2.153753e-01	2.235929e-01	2.157040e-01	2.242503e-01	2.157040e-01	2.245790e-01	2.160327e-01	2.245790e-01	2.166901e-01	2.249077e-01	2.166901e-01	2.249077e-01	2.166901e-01	2.255651e-01	2.170188e-01	2.255651e-01	2.173475e-01	2.262225e-01	2.170188e-01	2.258938e-01	2.173475e-01	2.258938e-01	2.170188e-01	2.262225e-01	2.173475e-01	2.262225e-01	2.170188e-01	2.265512e-01	2.173475e-01	2.265512e-01	2.180049e-01	2.272086e-01	2.176762e-01	2.268799e-01	2.176762e-01	2.275374e-01	2.180049e-01	2.268799e-01	2.180049e-01	2.281948e-01	2.180049e-01	2.272086e-01	2.176762e-01	2.275374e-01	2.180049e-01	2.281948e-01	2.183336e-01	2.278661e-01	2.186623e-01	2.285235e-01	2.183336e-01	2.281948e-01	2.183336e-01	2.281948e-01
1.644261e-01	1.775743e-01	1.759308e-01	1.857919e-01	1.818475e-01	1.907225e-01	1.867780e-01	1.953243e-01	1.910512e-01	1.989401e-01	1.940095e-01	2.018984e-01	1.963104e-01	2.035419e-01	1.986114e-01	2.058429e-01	2.002549e-01	2.081438e-01	2.015697e-01	2.094586e-01	2.032132e-01	2.107734e-01	2.045281e-01	2.124170e-01	2.055142e-01	2.130744e-01	2.061716e-01	2.140605e-01	2.071577e-01	2.147179e-01	2.078151e-01	2.157040e-01	2.088012e-01	2.166901e-01	2.091299e-01	2.176762e-01	2.097873e-01	2.180049e-01	2.104447e-01	2.186623e-01	2.114308e-01	2.193197e-01	2.114308e-01	2.193197e-01	2.124170e-01	2.199772e-01	2.124170e-01	2.206346e-01	2.127457e-01	2.209633e-01	2.127457e-01	2.216207e-01	2.130744e-01	2.219494e-01	2.137318e-01	2.216207e-01	2.140605e-01	2.226068e-01	2.137318e-01	2.229355e-01	2.147179e-01	2.229355e-01	2.140605e-01	2.235929e-01	2.153753e-01	2.235929e-01	2.147179e-01	2.235929e-01	2.157040e-01	2.242503e-01	2.157040e-01	2.245790e-01	2.157040e-01	2.252364e-01	2.163614e-01	2.249077e-01	2.160327e-01	2.252364e-01	2.160327e-01	2.258938e-01	2.166901e-01	2.252364e-01	2.163614e-01	2.255651e-01	2.163614e-01	2.265512e-01	2.166901e-01	2.258938e-01	2.166901e-01	2.265512e-01	2.173475e-01	2.262225e-01	2.170188e-01	2.265512e-01	2.173475e-01	2.268799e-01	2.173475e-01	2.265512e-01	2.176762e-01	2.268799e-01	2.176762e-01	2.272086e-01	2.180049e-01	2.278661e-01	2.176762e-01	2.275374e-01	2.183336e-01	2.278661e-01	2.183336e-01	2.281948e-01	2.180049e-01	2.278661e-01	2.180049e-01	2.278661e-01	2.180049e-01	2.275374e-01	2.186623e-01	2.281948e-01	2.176762e-01	2.285235e-01	2.186623e-01
1.713289e-01	1.700141e-01	1.828336e-01	1.788891e-01	1.894077e-01	1.841484e-01	1.940095e-01	1.884215e-01	1.969679e-01	1.920373e-01	2.005836e-01	1.949956e-01	2.028845e-01	1.969679e-01	2.048568e-01	1.986114e-01	2.068290e-01	2.005836e-01	2.084725e-01	2.028845e-01	2.101160e-01	2.041993e-01	2.111021e-01	2.048568e-01	2.124170e-01	2.061716e-01	2.130744e-01	2.068290e-01	2.147179e-01	2.084725e-01	2.147179e-01	2.088012e-01	2.160327e-01	2.097873e-01	2.166901e-01	2.101160e-01	2.170188e-01	2.107734e-01	2.176762e-01	2.114308e-01	2.176762e-01	2.124170e-01	2.180049e-01	2.127457e-01	2.186623e-01	2.130744e-01	2.189910e-01	2.140605e-01	2.196484e-01	2.140605e-01	2.199772e-01	2.143892e-01	2.203059e-01	2.143892e-01	2.203059e-01	2.157040e-01	2.206346e-01	2.157040e-01	2.206346e-01	2.160327e-01	2.212920e-01	2.166901e-01	2.219494e-01	2.166901e-01	2.222781e-01	2.173475e-01	2.219494e-01	2.170188e-01	2.222781e-01	2.180049e-01	2.222781e-01	2.183336e-01	2.226068e-01	2.183336e-01	2.229355e-01	2.180049e-01	2.229355e-01	2.189910e-01	2.229355e-01	2.186623e-01	2.229355e-01	2.186623e-01	2.232642e-01	2.193197e-01	2.229355e-01	2.196484e-01	2.239216e-01	2.196484e-01	2.235929e-01	2.203059e-01	2.235929e-01	2.199772e-01	2.235929e-01	2.199772e-01	2.232642e-01	2.206346e-01	2.235929e-01	2.203059e-01	2.235929e-01	2.209633e-01	2.242503e-01	2.209633e-01	2.239216e-01	2.212920e-01	2.239216e-01	2.209633e-01	2.239216e-01	2.212920e-01	2.245790e-01	2.212920e-01	2.242503e-01	2.212920e-01	2.245790e-01	2.212920e-01	2.245790e-01	2.216207e-01	2.249077e-01	2.216207e-01	2.242503e-01	2.219494e-01	2.245790e-01
1.611391e-01	1.788891e-01	1.726437e-01	1.871067e-01	1.795465e-01	1.926947e-01	1.844771e-01	1.972966e-01	1.887502e-01	1.999262e-01	1.913799e-01	2.032132e-01	1.940095e-01	2.055142e-01	1.966391e-01	2.074864e-01	1.982827e-01	2.091299e-01	1.999262e-01	2.104447e-01	2.009123e-01	2.117595e-01	2.032132e-01	2.137318e-01	2.035419e-01	2.140605e-01	2.045281e-01	2.157040e-01	2.055142e-01	2.160327e-01	2.061716e-01	2.166901e-01	2.074864e-01	2.183336e-01	2.074864e-01	2.186623e-01	2.084725e-01	2.189910e-01	2.088012e-01	2.196484e-01	2.094586e-01	2.206346e-01	2.107734e-01	2.209633e-01	2.104447e-01	2.212920e-01	2.111021e-01	2.212920e-01	2.107734e-01	2.216207e-01	2.114308e-01	2.226068e-01	2.124170e-01	2.226068e-01	2.124170e-01	2.229355e-01	2.127457e-01	2.239216e-01	2.134031e-01	2.235929e-01	2.137318e-01	2.239216e-01	2.134031e-01	2.242503e-01	2.137318e-01	2.242503e-01	2.147179e-01	2.249077e-01	2.147179e-01	2.252364e-01	2.147179e-01	2.245790e-01	2.147179e-01	2.255651e-01	2.153753e-01	2.252364e-01	2.157040e-01	2.258938e-01	2.150466e-01	2.258938e-01	2.157040e-01	2.262225e-01	2.160327e-01	2.262225e-01	2.160327e-01	2.265512e-01	2.160327e-01	2.268799e-01	2.166901e-01	2.272086e-01	2.160327e-01	2.268799e-01	2.170188e-01	2.275374e-01	2.163614e-01	2.272086e-01	2.170188e-01	2.278661e-01	2.173475e-01	2.278661e-01	2.166901e-01	2.278661e-01	2.176762e-01	2.275374e-01	2.176762e-01	2.278661e-01	2.173475e-01	2.278661e-01	2.173475e-01	2.278661e-01	2.176762e-01	2.278661e-01	2.180049e-01	2.288522e-01	2.180049e-01	2.281948e-01	2.180049e-01	2.285235e-01	2.180049e-01	2.285235e-01	2.180049e-01
1.706715e-01	1.690280e-01	1.821762e-01	1.779030e-01	1.890789e-01	1.838197e-01	1.936808e-01	1.874354e-01	1.976253e-01	1.913799e-01	2.009123e-01	1.940095e-01	2.032132e-01	1.963104e-01	2.055142e-01	1.986114e-01	2.074864e-01	2.005836e-01	2.088012e-01	2.018984e-01	2.104447e-01	2.028845e-01	2.111021e-01	2.041993e-01	2.124170e-01	2.051855e-01	2.137318e-01	2.068290e-01	2.147179e-01	2.078151e-01	2.150466e-01	2.084725e-01	2.157040e-01	2.091299e-01	2.163614e-01	2.094586e-01	2.166901e-01	2.107734e-01	2.173475e-01	2.111021e-01	2.183336e-01	2.120883e-01	2.180049e-01	2.124170e-01	2.189910e-01	2.127457e-01	2.193197e-01	2.130744e-01	2.199772e-01	2.140605e-01	2.199772e-01	2.137318e-01	2.206346e-01	2.140605e-01	2.209633e-01	2.143892e-01	2.212920e-01	2.153753e-01	2.209633e-01	2.157040e-01	2.222781e-01	2.160327e-01	2.219494e-01	2.160327e-01	2.222781e-01	2.163614e-01	2.222781e-01	2.166901e-01	2.222781e-01	2.166901e-01	2.229355e-01	2.173475e-01	2.229355e-01	2.173475e-01	2.232642e-01	2.176762e-01	2.229355e-01	2.173475e-01	2.235929e-01	2.183336e-01	2.242503e-01	2.183336e-01	2.235929e-01	2.180049e-01	2.239216e-01	2.186623e-01	2.242503e-01	2.189910e-01	2.239216e-01	2.189910e-01	2.235929e-01	2.189910e-01	2.242503e-01	2.193197e-01	2.242503e-01	2.193197e-01	2.245790e-01	2.196484e-01	2.245790e-01	2.196484e-01	2.249077e-01	2.203059e-01	2.245790e-01	2.199772e-01	2.252364e-01	2.196484e-01	2.255651e-01	2.203059e-01	2.252364e-01	2.209633e-01	2.252364e-01	2.206346e-01	2.245790e-01	2.206346e-01	2.252364e-01	2.209633e-01	2.255651e-01	2.209633e-01	2.255651e-01	2.206346e-01	2.255651e-01
1.716576e-01	1.686993e-01	1.831623e-01	1.769169e-01	1.897364e-01	1.825049e-01	1.946669e-01	1.864493e-01	1.982827e-01	1.897364e-01	2.018984e-01	1.933521e-01	2.038706e-01	1.956530e-01	2.068290e-01	1.972966e-01	2.084725e-01	1.989401e-01	2.094586e-01	2.002549e-01	2.101160e-01	2.022271e-01	2.127457e-01	2.028845e-01	2.134031e-01	2.038706e-01	2.143892e-01	2.048568e-01	2.157040e-01	2.061716e-01	2.163614e-01	2.068290e-01	2.170188e-01	2.068290e-01	2.173475e-01	2.081438e-01	2.186623e-01	2.088012e-01	2.189910e-01	2.094586e-01	2.189910e-01	2.104447e-01	2.199772e-01	2.111021e-01	2.203059e-01	2.107734e-01	2.209633e-01	2.114308e-01	2.216207e-01	2.117595e-01	2.216207e-01	2.124170e-01	2.222781e-01	2.127457e-01	2.226068e-01	2.130744e-01	2.226068e-01	2.134031e-01	2.222781e-01	2.140605e-01	2.229355e-01	2.143892e-01	2.232642e-01	2.150466e-01	2.235929e-01	2.143892e-01	2.242503e-01	2.153753e-01	2.242503e-01	2.153753e-01	2.242503e-01	2.157040e-01	2.242503e-01	2.160327e-01	2.245790e-01	2.153753e-01	2.245790e-01	2.163614e-01	2.245790e-01	2.166901e-01	2.249077e-01	2.160327e-01	2.249077e-01	2.163614e-01	2.255651e-01	2.170188e-01	2.255651e-01	2.173475e-01	2.252364e-01	2.176762e-01	2.258938e-01	2.176762e-01	2.255651e-01	2.176762e-01	2.255651e-01	2.176762e-01	2.258938e-01	2.183336e-01	2.255651e-01	2.183336e-01	2.262225e-01	2.183336e-01	2.262225e-01	2.183336e-01	2.262225e-01	2.193197e-01	2.262225e-01	2.189910e-01	2.255651e-01	2.193197e-01	2.265512e-01	2.189910e-01	2.258938e-01	2.196484e-01	2.262225e-01	2.196484e-01	2.262225e-01	2.196484e-01	2.265512e-01	2.199772e-01	2.265512e-01
1.627826e-01	1.785604e-01	1.736298e-01	1.867780e-01	1.795465e-01	1.930234e-01	1.851345e-01	1.966391e-01	1.887502e-01	2.005836e-01	1.920373e-01	2.032132e-01	1.943382e-01	2.048568e-01	1.963104e-01	2.074864e-01	1.982827e-01	2.088012e-01	2.005836e-01	2.101160e-01	2.012410e-01	2.120883e-01	2.022271e-01	2.130744e-01	2.035419e-01	2.140605e-01	2.045281e-01	2.157040e-01	2.055142e-01	2.160327e-01	2.068290e-01	2.170188e-01	2.071577e-01	2.173475e-01	2.078151e-01	2.180049e-01	2.088012e-01	2.186623e-01	2.091299e-01	2.196484e-01	2.097873e-01	2.199772e-01	2.101160e-01	2.209633e-01	2.107734e-01	2.209633e-01	2.107734e-01	2.212920e-01	2.114308e-01	2.216207e-01	2.120883e-01	2.226068e-01	2.120883e-01	2.226068e-01	2.124170e-01	2.226068e-01	2.127457e-01	2.235929e-01	2.130744e-01	2.239216e-01	2.140605e-01	2.239216e-01	2.134031e-01	2.242503e-01	2.143892e-01	2.239216e-01	2.147179e-01	2.242503e-01	2.140605e-01	2.252364e-01	2.147179e-01	2.245790e-01	2.150466e-01	2.249077e-01	2.153753e-01	2.249077e-01	2.150466e-01	2.258938e-01	2.153753e-01	2.258938e-01	2.160327e-01	2.262225e-01	2.160327e-01	2.262225e-01	2.157040e-01	2.262225e-01	2.163614e-01	2.265512e-01	2.160327e-01	2.262225e-01	2.166901e-01	2.272086e-01	2.166901e-01	2.272086e-01	2.166901e-01	2.272086e-01	2.166901e-01	2.272086e-01	2.166901e-01	2.272086e-01	2.166901e-01	2.272086e-01	2.173475e-01	2.275374e-01	2.170188e-01	2.278661e-01	2.173475e-01	2.275374e-01	2.176762e-01	2.278661e-01	2.176762e-01	2.275374e-01	2.180049e-01	2.278661e-01	2.176762e-01	2.278661e-01	2.176762e-01	2.281948e-01	2.176762e-01	2.285235e-01	2.180049e-01
1.710002e-01	1.680419e-01	1.834910e-01	1.765882e-01	1.897364e-01	1.821762e-01	1.936808e-01	1.867780e-01	1.982827e-01	1.897364e-01	2.009123e-01	1.923660e-01	2.038706e-01	1.956530e-01	2.061716e-01	1.972966e-01	2.081438e-01	1.986114e-01	2.097873e-01	2.002549e-01	2.111021e-01	2.015697e-01	2.117595e-01	2.028845e-01	2.134031e-01	2.041993e-01	2.150466e-01	2.051855e-01	2.153753e-01	2.058429e-01	2.163614e-01	2.065003e-01	2.170188e-01	2.074864e-01	2.173475e-01	2.081438e-01	2.189910e-01	2.084725e-01	2.189910e-01	2.091299e-01	2.193197e-01	2.094586e-01	2.196484e-01	2.094586e-01	2.206346e-01	2.107734e-01	2.209633e-01	2.117595e-01	2.212920e-01	2.117595e-01	2.216207e-01	2.117595e-01	2.222781e-01	2.120883e-01	2.222781e-01	2.124170e-01	2.226068e-01	2.130744e-01	2.232642e-01	2.130744e-01	2.232642e-01	2.143892e-01	2.239216e-01	2.140605e-01	2.242503e-01	2.143892e-01	2.245790e-01	2.147179e-01	2.242503e-01	2.143892e-01	2.245790e-01	2.150466e-01	2.245790e-01	2.147179e-01	2.252364e-01	2.160327e-01	2.252364e-01	2.150466e-01	2.255651e-01	2.153753e-01	2.255651e-01	2.157040e-01	2.252364e-01	2.157040e-01	2.258938e-01	2.163614e-01	2.258938e-01	2.163614e-01	2.262225e-01	2.160327e-01	2.262225e-01	2.166901e-01	2.265512e-01	2.166901e-01	2.268799e-01	2.166901e-01	2.268799e-01	2.166901e-01	2.272086e-01	2.170188e-01	2.272086e-01	2.170188e-01	2.268799e-01	2.173475e-01	2.272086e-01	2.173475e-01	2.278661e-01	2.176762e-01	2.275374e-01	2.173475e-01	2.272086e-01	2.180049e-01	2.272086e-01	2.176762e-01	2.275374e-01	2.176762e-01	2.278661e-01	2.183336e-01	2.278661e-01	2.183336e-01	2.278661e-01
1.608104e-01	1.782317e-01	1.726437e-01	1.867780e-01	1.795465e-01	1.920373e-01	1.834910e-01	1.963104e-01	1.877641e-01	1.999262e-01	1.913799e-01	2.028845e-01	1.933521e-01	2.051855e-01	1.963104e-01	2.074864e-01	1.979540e-01	2.088012e-01	1.995975e-01	2.104447e-01	2.009123e-01	2.117595e-01	2.018984e-01	2.130744e-01	2.025558e-01	2.143892e-01	2.048568e-01	2.153753e-01	2.048568e-01	2.157040e-01	2.065003e-01	2.166901e-01	2.065003e-01	2.170188e-01	2.071577e-01	2.180049e-01	2.084725e-01	2.189910e-01	2.088012e-01	2.196484e-01	2.091299e-01	2.199772e-01	2.097873e-01	2.206346e-01	2.097873e-01	2.203059e-01	2.107734e-01	2.212920e-01	2.114308e-01	2.212920e-01	2.114308e-01	2.222781e-01	2.117595e-01	2.232642e-01	2.120883e-01	2.229355e-01	2.124170e-01	2.229355e-01	2.127457e-01	2.235929e-01	2.130744e-01	2.235929e-01	2.134031e-01	2.239216e-01	2.137318e-01	2.242503e-01	2.143892e-01	2.245790e-01	2.140605e-01	2.239216e-01	2.143892e-01	2.249077e-01	2.143892e-01	2.252364e-01	2.147179e-01	2.255651e-01	2.153753e-01	2.252364e-01	2.160327e-01	2.252364e-01	2.153753e-01	2.262225e-01	2.157040e-01	2.262225e-01	2.160327e-01	2.262225e-01	2.160327e-01	2.265512e-01	2.157040e-01	2.265512e-01	2.170188e-01	2.262225e-01	2.166901e-01	2.268799e-01	2.163614e-01	2.265512e-01	2.170188e-01	2.275374e-01	2.166901e-01	2.272086e-01	2.170188e-01	2.272086e-01	2.170188e-01	2.268799e-01	2.173475e-01	2.272086e-01	2.173475e-01	2.275374e-01	2.176762e-01	2.272086e-01	2.183336e-01	2.275374e-01	2.180049e-01	2.278661e-01	2.180049e-01	2.281948e-01	2.180049e-01	2.275374e-01	2.176762e-01	2.281948e-01	2.183336e-01
1.614678e-01	1.785604e-01	1.729724e-01	1.871067e-01	1.798752e-01	1.923660e-01	1.844771e-01	1.966391e-01	1.880928e-01	2.002549e-01	1.913799e-01	2.028845e-01	1.940095e-01	2.048568e-01	1.963104e-01	2.071577e-01	1.979540e-01	2.088012e-01	1.995975e-01	2.101160e-01	2.012410e-01	2.120883e-01	2.025558e-01	2.134031e-01	2.035419e-01	2.137318e-01	2.038706e-01	2.147179e-01	2.055142e-01	2.160327e-01	2.068290e-01	2.163614e-01	2.068290e-01	2.176762e-01	2.078151e-01	2.189910e-01	2.088012e-01	2.189910e-01	2.091299e-01	2.186623e-01	2.094586e-01	2.199772e-01	2.101160e-01	2.199772e-01	2.104447e-01	2.206346e-01	2.107734e-01	2.209633e-01	2.114308e-01	2.216207e-01	2.117595e-01	2.222781e-01	2.120883e-01	2.222781e-01	2.127457e-01	2.232642e-01	2.127457e-01	2.229355e-01	2.127457e-01	2.229355e-01	2.134031e-01	2.232642e-01	2.143892e-01	2.239216e-01	2.137318e-01	2.242503e-01	2.134031e-01	2.242503e-01	2.150466e-01	2.245790e-01	2.147179e-01	2.245790e-01	2.147179e-01	2.249077e-01	2.150466e-01	2.249077e-01	2.153753e-01	2.255651e-01	2.150466e-01	2.255651e-01	2.157040e-01	2.252364e-01	2.153753e-01	2.262225e-01	2.160327e-01	2.262225e-01	2.160327e-01	2.258938e-01	2.163614e-01	2.252364e-01	2.166901e-01	2.262225e-01	2.163614e-01	2.268799e-01	2.166901e-01	2.265512e-01	2.166901e-01	2.268799e-01	2.173475e-01	2.265512e-01	2.170188e-01	2.268799e-01	2.173475e-01	2.265512e-01	2.176762e-01	2.272086e-01	2.176762e-01	2.272086e-01	2.176762e-01	2.275374e-01	2.180049e-01	2.281948e-01	2.176762e-01	2.275374e-01	2.173475e-01	2.272086e-01	2.173475e-01	2.278661e-01	2.180049e-01	2.278661e-01	2.183336e-01
1.604817e-01	1.782317e-01	1.726437e-01	1.861206e-01	1.798752e-01	1.920373e-01	1.838197e-01	1.963104e-01	1.877641e-01	1.995975e-01	1.910512e-01	2.025558e-01	1.933521e-01	2.048568e-01	1.953243e-01	2.068290e-01	1.976253e-01	2.084725e-01	1.989401e-01	2.107734e-01	2.009123e-01	2.120883e-01	2.018984e-01	2.130744e-01	2.035419e-01	2.140605e-01	2.045281e-01	2.147179e-01	2.045281e-01	2.160327e-01	2.058429e-01	2.166901e-01	2.065003e-01	2.173475e-01	2.071577e-01	2.180049e-01	2.081438e-01	2.183336e-01	2.088012e-01	2.193197e-01	2.091299e-01	2.199772e-01	2.101160e-01	2.203059e-01	2.101160e-01	2.203059e-01	2.107734e-01	2.216207e-01	2.111021e-01	2.219494e-01	2.111021e-01	2.219494e-01	2.117595e-01	2.222781e-01	2.117595e-01	2.229355e-01	2.120883e-01	2.235929e-01	2.134031e-01	2.229355e-01	2.130744e-01	2.239216e-01	2.137318e-01	2.239216e-01	2.137318e-01	2.245790e-01	2.140605e-01	2.242503e-01	2.140605e-01	2.245790e-01	2.140605e-01	2.249077e-01	2.147179e-01	2.249077e-01	2.147179e-01	2.252364e-01	2.143892e-01	2.252364e-01	2.150466e-01	2.258938e-01	2.160327e-01	2.258938e-01	2.150466e-01	2.262225e-01	2.157040e-01	2.262225e-01	2.160327e-01	2.265512e-01	2.157040e-01	2.268799e-01	2.160327e-01	2.262225e-01	2.163614e-01	2.268799e-01	2.163614e-01	2.268799e-01	2.163614e-01	2.275374e-01	2.163614e-01	2.272086e-01	2.170188e-01	2.265512e-01	2.166901e-01	2.268799e-01	2.163614e-01	2.272086e-01	2.173475e-01	2.272086e-01	2.173475e-01	2.272086e-01	2.176762e-01	2.281948e-01	2.170188e-01	2.278661e-01	2.173475e-01	2.281948e-01	2.176762e-01	2.275374e-01	2.176762e-01	2.281948e-01	2.183336e-01
1.621252e-01	1.762595e-01	1.736298e-01	1.844771e-01	1.802039e-01	1.900651e-01	1.851345e-01	1.940095e-01	1.890789e-01	1.982827e-01	1.923660e-01	2.012410e-01	1.949956e-01	2.035419e-01	1.972966e-01	2.055142e-01	1.986114e-01	2.068290e-01	2.002549e-01	2.088012e-01	2.015697e-01	2.101160e-01	2.032132e-01	2.111021e-01	2.045281e-01	2.124170e-01	2.055142e-01	2.137318e-01	2.068290e-01	2.147179e-01	2.074864e-01	2.150466e-01	2.078151e-01	2.157040e-01	2.081438e-01	2.166901e-01	2.091299e-01	2.170188e-01	2.094586e-01	2.176762e-01	2.104447e-01	2.183336e-01	2.111021e-01	2.186623e-01	2.114308e-01	2.196484e-01	2.117595e-01	2.196484e-01	2.124170e-01	2.203059e-01	2.127457e-01	2.199772e-01	2.134031e-01	2.206346e-01	2.134031e-01	2.212920e-01	2.137318e-01	2.216207e-01	2.143892e-01	2.219494e-01	2.147179e-01	2.219494e-01	2.143892e-01	2.222781e-01	2.150466e-01	2.222781e-01	2.157040e-01	2.229355e-01	2.153753e-01	2.232642e-01	2.157040e-01	2.229355e-01	2.160327e-01	2.232642e-01	2.163614e-01	2.239216e-01	2.160327e-01	2.239216e-01	2.163614e-01	2.245790e-01	2.163614e-01	2.242503e-01	2.170188e-01	2.249077e-01	2.166901e-01	2.249077e-01	2.170188e-01	2.245790e-01	2.173475e-01	2.252364e-01	2.173475e-01	2.252364e-01	2.180049e-01	2.255651e-01	2.176762e-01	2.258938e-01	2.180049e-01	2.255651e-01	2.180049e-01	2.265512e-01	2.176762e-01	2.262225e-01	2.186623e-01	2.258938e-01	2.180049e-01	2.262225e-01	2.180049e-01	2.265512e-01	2.180049e-01	2.265512e-01	2.183336e-01	2.268799e-01	2.183336e-01	2.265512e-01	2.186623e-01	2.265512e-01	2.186623e-01	2.265512e-01	2.186623e-01	2.262225e-01	2.189910e-01
1.650835e-01	1.752734e-01	1.762595e-01	1.834910e-01	1.831623e-01	1.894077e-01	1.877641e-01	1.933521e-01	1.917086e-01	1.969679e-01	1.946669e-01	1.999262e-01	1.969679e-01	2.022271e-01	1.992688e-01	2.038706e-01	2.012410e-01	2.055142e-01	2.028845e-01	2.068290e-01	2.045281e-01	2.084725e-01	2.058429e-01	2.094586e-01	2.071577e-01	2.107734e-01	2.078151e-01	2.117595e-01	2.088012e-01	2.127457e-01	2.097873e-01	2.134031e-01	2.101160e-01	2.143892e-01	2.111021e-01	2.150466e-01	2.117595e-01	2.150466e-01	2.124170e-01	2.157040e-01	2.127457e-01	2.166901e-01	2.130744e-01	2.173475e-01	2.134031e-01	2.173475e-01	2.143892e-01	2.176762e-01	2.147179e-01	2.176762e-01	2.153753e-01	2.180049e-01	2.157040e-01	2.193197e-01	2.153753e-01	2.189910e-01	2.160327e-01	2.196484e-01	2.166901e-01	2.193197e-01	2.166901e-01	2.203059e-01	2.170188e-01	2.203059e-01	2.170188e-01	2.209633e-01	2.173475e-01	2.206346e-01	2.173475e-01	2.209633e-01	2.180049e-01	2.209633e-01	2.183336e-01	2.216207e-01	2.186623e-01	2.216207e-01	2.186623e-01	2.226068e-01	2.186623e-01	2.222781e-01	2.189910e-01	2.222781e-01	2.186623e-01	2.226068e-01	2.193197e-01	2.219494e-01	2.199772e-01	2.226068e-01	2.196484e-01	2.226068e-01	2.196484e-01	2.229355e-01	2.199772e-01	2.226068e-01	2.199772e-01	2.235929e-01	2.199772e-01	2.235929e-01	2.203059e-01	2.239216e-01	2.203059e-01	2.235929e-01	2.203059e-01	2.235929e-01	2.203059e-01	2.239216e-01	2.203059e-01	2.239216e-01	2.203059e-01	2.242503e-01	2.206346e-01	2.242503e-01	2.209633e-01	2.245790e-01	2.209633e-01	2.245790e-01	2.212920e-01	2.239216e-01	2.212920e-01	2.242503e-01	2.212920e-01
1.627826e-01	1.775743e-01	1.742873e-01	1.854632e-01	1.811900e-01	1.910512e-01	1.861206e-01	1.953243e-01	1.894077e-01	1.986114e-01	1.926947e-01	2.012410e-01	1.953243e-01	2.038706e-01	1.976253e-01	2.061716e-01	1.995975e-01	2.074864e-01	2.009123e-01	2.091299e-01	2.015697e-01	2.104447e-01	2.035419e-01	2.117595e-01	2.045281e-01	2.124170e-01	2.051855e-01	2.137318e-01	2.061716e-01	2.143892e-01	2.071577e-01	2.157040e-01	2.081438e-01	2.163614e-01	2.088012e-01	2.173475e-01	2.088012e-01	2.173475e-01	2.097873e-01	2.180049e-01	2.107734e-01	2.189910e-01	2.111021e-01	2.186623e-01	2.114308e-01	2.203059e-01	2.117595e-01	2.196484e-01	2.124170e-01	2.203059e-01	2.124170e-01	2.212920e-01	2.134031e-01	2.209633e-01	2.127457e-01	2.216207e-01	2.134031e-01	2.219494e-01	2.137318e-01	2.222781e-01	2.140605e-01	2.226068e-01	2.143892e-01	2.226068e-01	2.150466e-01	2.229355e-01	2.153753e-01	2.235929e-01	2.153753e-01	2.235929e-01	2.153753e-01	2.242503e-01	2.153753e-01	2.242503e-01	2.157040e-01	2.242503e-01	2.157040e-01	2.245790e-01	2.163614e-01	2.239216e-01	2.166901e-01	2.249077e-01	2.166901e-01	2.249077e-01	2.166901e-01	2.249077e-01	2.166901e-01	2.249077e-01	2.170188e-01	2.249077e-01	2.173475e-01	2.255651e-01	2.170188e-01	2.255651e-01	2.176762e-01	2.255651e-01	2.180049e-01	2.255651e-01	2.180049e-01	2.258938e-01	2.180049e-01	2.258938e-01	2.180049e-01	2.265512e-01	2.176762e-01	2.265512e-01	2.180049e-01	2.265512e-01	2.180049e-01	2.258938e-01	2.183336e-01	2.262225e-01	2.180049e-01	2.268799e-01	2.186623e-01	2.272086e-01	2.186623e-01	2.268799e-01	2.189910e-01	2.268799e-01	2.189910e-01
1.670558e-01	1.700141e-01	1.788891e-01	1.788891e-01	1.851345e-01	1.844771e-01	1.903938e-01	1.887502e-01	1.943382e-01	1.923660e-01	1.979540e-01	1.946669e-01	2.005836e-01	1.972966e-01	2.028845e-01	1.992688e-01	2.041993e-01	2.009123e-01	2.061716e-01	2.025558e-01	2.078151e-01	2.038706e-01	2.094586e-01	2.051855e-01	2.101160e-01	2.058429e-01	2.114308e-01	2.065003e-01	2.120883e-01	2.078151e-01	2.130744e-01	2.084725e-01	2.137318e-01	2.088012e-01	2.143892e-01	2.097873e-01	2.160327e-01	2.104447e-01	2.160327e-01	2.111021e-01	2.170188e-01	2.114308e-01	2.176762e-01	2.120883e-01	2.176762e-01	2.124170e-01	2.183336e-01	2.127457e-01	2.193197e-01	2.134031e-01	2.196484e-01	2.134031e-01	2.196484e-01	2.143892e-01	2.203059e-01	2.143892e-01	2.206346e-01	2.147179e-01	2.209633e-01	2.150466e-01	2.216207e-01	2.150466e-01	2.216207e-01	2.150466e-01	2.216207e-01	2.157040e-01	2.219494e-01	2.157040e-01	2.226068e-01	2.160327e-01	2.229355e-01	2.160327e-01	2.229355e-01	2.166901e-01	2.232642e-01	2.160327e-01	2.232642e-01	2.166901e-01	2.235929e-01	2.163614e-01	2.239216e-01	2.166901e-01	2.239216e-01	2.170188e-01	2.239216e-01	2.176762e-01	2.239216e-01	2.176762e-01	2.239216e-01	2.173475e-01	2.249077e-01	2.173475e-01	2.249077e-01	2.180049e-01	2.245790e-01	2.173475e-01	2.252364e-01	2.176762e-01	2.252364e-01	2.180049e-01	2.255651e-01	2.183336e-01	2.255651e-01	2.186623e-01	2.255651e-01	2.180049e-01	2.262225e-01	2.180049e-01	2.265512e-01	2.189910e-01	2.252364e-01	2.186623e-01	2.262225e-01	2.183336e-01	2.262225e-01	2.183336e-01	2.262225e-01	2.186623e-01	2.262225e-01	2.186623e-01	2.265512e-01
1.640974e-01	1.736298e-01	1.759308e-01	1.821762e-01	1.834910e-01	1.867780e-01	1.884215e-01	1.913799e-01	1.920373e-01	1.949956e-01	1.943382e-01	1.976253e-01	1.979540e-01	1.999262e-01	2.002549e-01	2.015697e-01	2.018984e-01	2.032132e-01	2.041993e-01	2.051855e-01	2.055142e-01	2.061716e-01	2.068290e-01	2.071577e-01	2.078151e-01	2.088012e-01	2.091299e-01	2.091299e-01	2.104447e-01	2.101160e-01	2.111021e-01	2.111021e-01	2.114308e-01	2.114308e-01	2.127457e-01	2.124170e-01	2.134031e-01	2.124170e-01	2.150466e-01	2.127457e-01	2.150466e-01	2.137318e-01	2.153753e-01	2.137318e-01	2.166901e-01	2.140605e-01	2.166901e-01	2.150466e-01	2.170188e-01	2.150466e-01	2.180049e-01	2.153753e-01	2.180049e-01	2.153753e-01	2.180049e-01	2.163614e-01	2.189910e-01	2.160327e-01	2.189910e-01	2.160327e-01	2.196484e-01	2.166901e-01	2.199772e-01	2.166901e-01	2.206346e-01	2.163614e-01	2.209633e-01	2.173475e-01	2.209633e-01	2.173475e-01	2.219494e-01	2.176762e-01	2.219494e-01	2.173475e-01	2.216207e-01	2.176762e-01	2.219494e-01	2.180049e-01	2.226068e-01	2.180049e-01	2.229355e-01	2.180049e-01	2.226068e-01	2.180049e-01	2.229355e-01	2.180049e-01	2.229355e-01	2.183336e-01	2.235929e-01	2.183336e-01	2.239216e-01	2.180049e-01	2.242503e-01	2.183336e-01	2.239216e-01	2.189910e-01	2.245790e-01	2.189910e-01	2.249077e-01	2.186623e-01	2.249077e-01	2.186623e-01	2.249077e-01	2.186623e-01	2.249077e-01	2.189910e-01	2.249077e-01	2.186623e-01	2.255651e-01	2.189910e-01	2.258938e-01	2.189910e-01	2.255651e-01	2.186623e-01	2.258938e-01	2.193197e-01	2.265512e-01	2.189910e-01	2.258938e-01	2.186623e-01	2.265512e-01
1.611391e-01	1.779030e-01	1.729724e-01	1.864493e-01	1.792178e-01	1.920373e-01	1.844771e-01	1.963104e-01	1.880928e-01	1.995975e-01	1.910512e-01	2.022271e-01	1.936808e-01	2.045281e-01	1.956530e-01	2.065003e-01	1.979540e-01	2.084725e-01	1.992688e-01	2.104447e-01	2.009123e-01	2.117595e-01	2.022271e-01	2.130744e-01	2.032132e-01	2.140605e-01	2.045281e-01	2.147179e-01	2.051855e-01	2.157040e-01	2.061716e-01	2.163614e-01	2.068290e-01	2.173475e-01	2.071577e-01	2.176762e-01	2.084725e-01	2.189910e-01	2.088012e-01	2.189910e-01	2.091299e-01	2.193197e-01	2.101160e-01	2.199772e-01	2.101160e-01	2.203059e-01	2.101160e-01	2.209633e-01	2.107734e-01	2.212920e-01	2.114308e-01	2.212920e-01	2.120883e-01	2.222781e-01	2.120883e-01	2.222781e-01	2.120883e-01	2.229355e-01	2.127457e-01	2.232642e-01	2.127457e-01	2.235929e-01	2.130744e-01	2.235929e-01	2.130744e-01	2.239216e-01	2.137318e-01	2.242503e-01	2.140605e-01	2.245790e-01	2.143892e-01	2.249077e-01	2.140605e-01	2.249077e-01	2.147179e-01	2.255651e-01	2.153753e-01	2.252364e-01	2.150466e-01	2.255651e-01	2.150466e-01	2.258938e-01	2.153753e-01	2.262225e-01	2.153753e-01	2.258938e-01	2.153753e-01	2.265512e-01	2.157040e-01	2.262225e-01	2.160327e-01	2.262225e-01	2.160327e-01	2.265512e-01	2.160327e-01	2.265512e-01	2.166901e-01	2.265512e-01	2.166901e-01	2.265512e-01	2.170188e-01	2.268799e-01	2.170188e-01	2.272086e-01	2.170188e-01	2.268799e-01	2.173475e-01	2.265512e-01	2.170188e-01	2.272086e-01	2.173475e-01	2.275374e-01	2.176762e-01	2.272086e-01	2.183336e-01	2.281948e-01	2.176762e-01	2.275374e-01	2.180049e-01	2.275374e-01	2.176762e-01
1.683706e-01	1.723150e-01	1.802039e-01	1.802039e-01	1.867780e-01	1.854632e-01	1.913799e-01	1.900651e-01	1.949956e-01	1.930234e-01	1.986114e-01	1.959817e-01	2.002549e-01	1.986114e-01	2.018984e-01	2.012410e-01	2.038706e-01	2.025558e-01	2.058429e-01	2.041993e-01	2.071577e-01	2.055142e-01	2.084725e-01	2.065003e-01	2.097873e-01	2.078151e-01	2.107734e-01	2.088012e-01	2.117595e-01	2.101160e-01	2.120883e-01	2.107734e-01	2.130744e-01	2.114308e-01	2.137318e-01	2.117595e-01	2.143892e-01	2.130744e-01	2.147179e-01	2.137318e-01	2.153753e-01	2.140605e-01	2.153753e-01	2.140605e-01	2.160327e-01	2.153753e-01	2.160327e-01	2.150466e-01	2.170188e-01	2.160327e-01	2.166901e-01	2.166901e-01	2.176762e-01	2.163614e-01	2.173475e-01	2.173475e-01	2.176762e-01	2.176762e-01	2.173475e-01	2.180049e-01	2.183336e-01	2.183336e-01	2.186623e-01	2.186623e-01	2.186623e-01	2.186623e-01	2.189910e-01	2.189910e-01	2.193197e-01	2.193197e-01	2.189910e-01	2.196484e-01	2.196484e-01	2.199772e-01	2.196484e-01	2.206346e-01	2.196484e-01	2.203059e-01	2.203059e-01	2.206346e-01	2.203059e-01	2.206346e-01	2.199772e-01	2.212920e-01	2.206346e-01	2.212920e-01	2.203059e-01	2.212920e-01	2.206346e-01	2.219494e-01	2.209633e-01	2.216207e-01	2.206346e-01	2.219494e-01	2.209633e-01	2.222781e-01	2.209633e-01	2.222781e-01	2.209633e-01	2.226068e-01	2.209633e-01	2.226068e-01	2.209633e-01	2.226068e-01	2.209633e-01	2.229355e-01	2.212920e-01	2.229355e-01	2.216207e-01	2.235929e-01	2.209633e-01	2.232642e-01	2.212920e-01	2.232642e-01	2.212920e-01	2.235929e-01	2.212920e-01	2.235929e-01	2.222781e-01	2.235929e-01	2.219494e-01
1.660696e-01	1.713289e-01	1.779030e-01	1.798752e-01	1.844771e-01	1.854632e-01	1.900651e-01	1.897364e-01	1.936808e-01	1.930234e-01	1.969679e-01	1.956530e-01	1.992688e-01	1.982827e-01	2.018984e-01	2.002549e-01	2.038706e-01	2.022271e-01	2.055142e-01	2.028845e-01	2.071577e-01	2.048568e-01	2.084725e-01	2.058429e-01	2.101160e-01	2.068290e-01	2.104447e-01	2.081438e-01	2.117595e-01	2.081438e-01	2.127457e-01	2.094586e-01	2.134031e-01	2.101160e-01	2.143892e-01	2.104447e-01	2.150466e-01	2.111021e-01	2.157040e-01	2.117595e-01	2.163614e-01	2.120883e-01	2.170188e-01	2.124170e-01	2.173475e-01	2.124170e-01	2.176762e-01	2.130744e-01	2.180049e-01	2.134031e-01	2.189910e-01	2.137318e-01	2.193197e-01	2.143892e-01	2.196484e-01	2.143892e-01	2.206346e-01	2.147179e-01	2.203059e-01	2.150466e-01	2.209633e-01	2.150466e-01	2.212920e-01	2.153753e-01	2.212920e-01	2.160327e-01	2.216207e-01	2.157040e-01	2.222781e-01	2.163614e-01	2.219494e-01	2.166901e-01	2.229355e-01	2.163614e-01	2.229355e-01	2.163614e-01	2.229355e-01	2.166901e-01	2.235929e-01	2.173475e-01	2.239216e-01	2.170188e-01	2.242503e-01	2.166901e-01	2.239216e-01	2.176762e-01	2.245790e-01	2.173475e-01	2.242503e-01	2.176762e-01	2.245790e-01	2.180049e-01	2.252364e-01	2.183336e-01	2.249077e-01	2.173475e-01	2.245790e-01	2.176762e-01	2.252364e-01	2.180049e-01	2.255651e-01	2.176762e-01	2.258938e-01	2.183336e-01	2.258938e-01	2.183336e-01	2.258938e-01	2.183336e-01	2.255651e-01	2.176762e-01	2.265512e-01	2.180049e-01	2.255651e-01	2.180049e-01	2.262225e-01	2.183336e-01	2.268799e-01	2.186623e-01	2.272086e-01	2.186623e-01	2.268799e-01
1.683706e-01	1.713289e-01	1.798752e-01	1.798752e-01	1.864493e-01	1.854632e-01	1.913799e-01	1.900651e-01	1.953243e-01	1.933521e-01	1.979540e-01	1.963104e-01	2.005836e-01	1.982827e-01	2.028845e-01	2.002549e-01	2.045281e-01	2.018984e-01	2.051855e-01	2.038706e-01	2.078151e-01	2.051855e-01	2.081438e-01	2.065003e-01	2.094586e-01	2.071577e-01	2.107734e-01	2.084725e-01	2.117595e-01	2.094586e-01	2.120883e-01	2.104447e-01	2.127457e-01	2.117595e-01	2.137318e-01	2.120883e-01	2.137318e-01	2.120883e-01	2.147179e-01	2.134031e-01	2.147179e-01	2.137318e-01	2.157040e-01	2.137318e-01	2.153753e-01	2.147179e-01	2.163614e-01	2.153753e-01	2.170188e-01	2.166901e-01	2.173475e-01	2.157040e-01	2.173475e-01	2.157040e-01	2.176762e-01	2.176762e-01	2.180049e-01	2.173475e-01	2.183336e-01	2.180049e-01	2.183336e-01	2.183336e-01	2.183336e-01	2.189910e-01	2.183336e-01	2.189910e-01	2.189910e-01	2.193197e-01	2.186623e-01	2.196484e-01	2.189910e-01	2.199772e-01	2.189910e-01	2.203059e-01	2.193197e-01	2.206346e-01	2.196484e-01	2.209633e-01	2.189910e-01	2.209633e-01	2.199772e-01	2.212920e-01	2.196484e-01	2.212920e-01	2.199772e-01	2.216207e-01	2.196484e-01	2.219494e-01	2.199772e-01	2.222781e-01	2.199772e-01	2.219494e-01	2.203059e-01	2.229355e-01	2.203059e-01	2.229355e-01	2.203059e-01	2.229355e-01	2.209633e-01	2.229355e-01	2.203059e-01	2.229355e-01	2.209633e-01	2.232642e-01	2.206346e-01	2.235929e-01	2.209633e-01	2.239216e-01	2.203059e-01	2.242503e-01	2.209633e-01	2.245790e-01	2.203059e-01	2.245790e-01	2.212920e-01	2.249077e-01	2.203059e-01	2.249077e-01	2.203059e-01	2.245790e-01	2.209633e-01
1.670558e-01	1.693567e-01	1.795465e-01	1.779030e-01	1.861206e-01	1.838197e-01	1.913799e-01	1.884215e-01	1.949956e-01	1.913799e-01	1.979540e-01	1.943382e-01	2.012410e-01	1.966391e-01	2.035419e-01	1.986114e-01	2.048568e-01	2.002549e-01	2.071577e-01	2.018984e-01	2.084725e-01	2.032132e-01	2.094586e-01	2.045281e-01	2.111021e-01	2.055142e-01	2.120883e-01	2.061716e-01	2.130744e-01	2.071577e-01	2.143892e-01	2.078151e-01	2.150466e-01	2.088012e-01	2.153753e-01	2.091299e-01	2.163614e-01	2.101160e-01	2.170188e-01	2.104447e-01	2.176762e-01	2.104447e-01	2.183336e-01	2.111021e-01	2.186623e-01	2.114308e-01	2.189910e-01	2.120883e-01	2.196484e-01	2.120883e-01	2.199772e-01	2.127457e-01	2.206346e-01	2.124170e-01	2.209633e-01	2.130744e-01	2.216207e-01	2.127457e-01	2.219494e-01	2.137318e-01	2.226068e-01	2.140605e-01	2.229355e-01	2.143892e-01	2.226068e-01	2.140605e-01	2.235929e-01	2.147179e-01	2.235929e-01	2.150466e-01	2.239216e-01	2.147179e-01	2.239216e-01	2.153753e-01	2.239216e-01	2.150466e-01	2.245790e-01	2.153753e-01	2.245790e-01	2.153753e-01	2.245790e-01	2.160327e-01	2.245790e-01	2.157040e-01	2.255651e-01	2.160327e-01	2.249077e-01	2.153753e-01	2.262225e-01	2.163614e-01	2.255651e-01	2.166901e-01	2.265512e-01	2.170188e-01	2.255651e-01	2.170188e-01	2.262225e-01	2.166901e-01	2.265512e-01	2.163614e-01	2.265512e-01	2.173475e-01	2.268799e-01	2.170188e-01	2.265512e-01	2.170188e-01	2.268799e-01	2.170188e-01	2.268799e-01	2.176762e-01	2.272086e-01	2.176762e-01	2.268799e-01	2.176762e-01	2.268799e-01	2.170188e-01	2.272086e-01	2.173475e-01	2.275374e-01	2.180049e-01	2.278661e-01
1.631113e-01	1.769169e-01	1.742873e-01	1.854632e-01	1.811900e-01	1.913799e-01	1.854632e-01	1.956530e-01	1.897364e-01	1.992688e-01	1.923660e-01	2.018984e-01	1.949956e-01	2.038706e-01	1.969679e-01	2.061716e-01	1.989401e-01	2.081438e-01	2.005836e-01	2.091299e-01	2.015697e-01	2.111021e-01	2.032132e-01	2.117595e-01	2.041993e-01	2.130744e-01	2.051855e-01	2.143892e-01	2.058429e-01	2.147179e-01	2.071577e-01	2.163614e-01	2.074864e-01	2.170188e-01	2.081438e-01	2.170188e-01	2.091299e-01	2.183336e-01	2.097873e-01	2.186623e-01	2.101160e-01	2.193197e-01	2.104447e-01	2.193197e-01	2.104447e-01	2.206346e-01	2.114308e-01	2.203059e-01	2.117595e-01	2.216207e-01	2.117595e-01	2.216207e-01	2.120883e-01	2.219494e-01	2.127457e-01	2.222781e-01	2.127457e-01	2.229355e-01	2.130744e-01	2.232642e-01	2.130744e-01	2.232642e-01	2.134031e-01	2.232642e-01	2.134031e-01	2.232642e-01	2.140605e-01	2.232642e-01	2.147179e-01	2.242503e-01	2.140605e-01	2.245790e-01	2.150466e-01	2.245790e-01	2.147179e-01	2.249077e-01	2.150466e-01	2.252364e-01	2.153753e-01	2.252364e-01	2.157040e-01	2.249077e-01	2.153753e-01	2.255651e-01	2.160327e-01	2.258938e-01	2.160327e-01	2.258938e-01	2.157040e-01	2.262225e-01	2.160327e-01	2.268799e-01	2.166901e-01	2.265512e-01	2.166901e-01	2.265512e-01	2.166901e-01	2.268799e-01	2.163614e-01	2.268799e-01	2.170188e-01	2.268799e-01	2.166901e-01	2.268799e-01	2.166901e-01	2.275374e-01	2.173475e-01	2.272086e-01	2.173475e-01	2.268799e-01	2.176762e-01	2.278661e-01	2.173475e-01	2.275374e-01	2.180049e-01	2.275374e-01	2.176762e-01	2.278661e-01	2.173475e-01	2.275374e-01	2.180049e-01
1.700141e-01	1.713289e-01	1.811900e-01	1.802039e-01	1.877641e-01	1.851345e-01	1.926947e-01	1.897364e-01	1.963104e-01	1.930234e-01	1.992688e-01	1.959817e-01	2.015697e-01	1.979540e-01	2.038706e-01	2.002549e-01	2.058429e-01	2.015697e-01	2.071577e-01	2.035419e-01	2.091299e-01	2.051855e-01	2.094586e-01	2.058429e-01	2.107734e-01	2.068290e-01	2.117595e-01	2.081438e-01	2.127457e-01	2.088012e-01	2.130744e-01	2.094586e-01	2.137318e-01	2.104447e-01	2.147179e-01	2.117595e-01	2.153753e-01	2.117595e-01	2.157040e-01	2.130744e-01	2.163614e-01	2.127457e-01	2.170188e-01	2.140605e-01	2.176762e-01	2.137318e-01	2.176762e-01	2.147179e-01	2.183336e-01	2.153753e-01	2.183336e-01	2.160327e-01	2.183336e-01	2.160327e-01	2.189910e-01	2.170188e-01	2.193197e-01	2.166901e-01	2.196484e-01	2.170188e-01	2.196484e-01	2.166901e-01	2.199772e-01	2.180049e-01	2.199772e-01	2.180049e-01	2.203059e-01	2.180049e-01	2.203059e-01	2.183336e-01	2.206346e-01	2.186623e-01	2.209633e-01	2.189910e-01	2.209633e-01	2.193197e-01	2.212920e-01	2.196484e-01	2.206346e-01	2.203059e-01	2.216207e-01	2.199772e-01	2.219494e-01	2.199772e-01	2.219494e-01	2.206346e-01	2.219494e-01	2.212920e-01	2.216207e-01	2.206346e-01	2.216207e-01	2.206346e-01	2.216207e-01	2.209633e-01	2.222781e-01	2.212920e-01	2.219494e-01	2.209633e-01	2.222781e-01	2.216207e-01	2.222781e-01	2.212920e-01	2.226068e-01	2.212920e-01	2.226068e-01	2.219494e-01	2.226068e-01	2.222781e-01	2.222781e-01	2.226068e-01	2.226068e-01	2.222781e-01	2.222781e-01	2.226068e-01	2.226068e-01	2.226068e-01	2.222781e-01	2.226068e-01	2.226068e-01	2.232642e-01	2.226068e-01
1.696854e-01	1.716576e-01	1.811900e-01	1.795465e-01	1.874354e-01	1.844771e-01	1.926947e-01	1.890789e-01	1.966391e-01	1.923660e-01	1.995975e-01	1.956530e-01	2.022271e-01	1.976253e-01	2.045281e-01	1.992688e-01	2.061716e-01	2.012410e-01	2.078151e-01	2.015697e-01	2.094586e-01	2.035419e-01	2.107734e-01	2.045281e-01	2.120883e-01	2.058429e-01	2.137318e-01	2.061716e-01	2.140605e-01	2.078151e-01	2.153753e-01	2.081438e-01	2.157040e-01	2.094586e-01	2.166901e-01	2.097873e-01	2.173475e-01	2.101160e-01	2.180049e-01	2.104447e-01	2.186623e-01	2.111021e-01	2.196484e-01	2.120883e-01	2.199772e-01	2.120883e-01	2.199772e-01	2.130744e-01	2.206346e-01	2.134031e-01	2.206346e-01	2.127457e-01	2.219494e-01	2.137318e-01	2.222781e-01	2.137318e-01	2.222781e-01	2.140605e-01	2.222781e-01	2.147179e-01	2.229355e-01	2.140605e-01	2.232642e-01	2.147179e-01	2.239216e-01	2.150466e-01	2.239216e-01	2.150466e-01	2.235929e-01	2.150466e-01	2.242503e-01	2.150466e-01	2.245790e-01	2.157040e-01	2.245790e-01	2.163614e-01	2.249077e-01	2.157040e-01	2.252364e-01	2.160327e-01	2.249077e-01	2.163614e-01	2.255651e-01	2.163614e-01	2.262225e-01	2.163614e-01	2.262225e-01	2.163614e-01	2.258938e-01	2.170188e-01	2.262225e-01	2.166901e-01	2.262225e-01	2.163614e-01	2.265512e-01	2.170188e-01	2.268799e-01	2.166901e-01	2.268799e-01	2.173475e-01	2.268799e-01	2.176762e-01	2.275374e-01	2.176762e-01	2.268799e-01	2.176762e-01	2.278661e-01	2.176762e-01	2.275374e-01	2.176762e-01	2.272086e-01	2.180049e-01	2.278661e-01	2.176762e-01	2.278661e-01	2.180049e-01	2.281948e-01	2.183336e-01	2.278661e-01	2.180049e-01	2.281948e-01
1.654122e-01	1.782317e-01	1.779030e-01	1.871067e-01	1.844771e-01	1.923660e-01	1.884215e-01	1.969679e-01	1.923660e-01	1.995975e-01	1.959817e-01	2.022271e-01	1.989401e-01	2.051855e-01	2.012410e-01	2.074864e-01	2.025558e-01	2.081438e-01	2.041993e-01	2.097873e-01	2.055142e-01	2.111021e-01	2.071577e-01	2.120883e-01	2.084725e-01	2.130744e-01	2.091299e-01	2.137318e-01	2.097873e-01	2.153753e-01	2.111021e-01	2.160327e-01	2.117595e-01	2.163614e-01	2.130744e-01	2.173475e-01	2.134031e-01	2.176762e-01	2.143892e-01	2.176762e-01	2.143892e-01	2.180049e-01	2.153753e-01	2.189910e-01	2.157040e-01	2.189910e-01	2.160327e-01	2.196484e-01	2.170188e-01	2.196484e-01	2.166901e-01	2.196484e-01	2.173475e-01	2.206346e-01	2.180049e-01	2.206346e-01	2.180049e-01	2.203059e-01	2.183336e-01	2.206346e-01	2.189910e-01	2.209633e-01	2.186623e-01	2.216207e-01	2.196484e-01	2.212920e-01	2.196484e-01	2.209633e-01	2.196484e-01	2.219494e-01	2.206346e-01	2.212920e-01	2.203059e-01	2.216207e-01	2.209633e-01	2.222781e-01	2.209633e-01	2.222781e-01	2.209633e-01	2.219494e-01	2.216207e-01	2.222781e-01	2.212920e-01	2.222781e-01	2.216207e-01	2.226068e-01	2.216207e-01	2.222781e-01	2.219494e-01	2.226068e-01	2.222781e-01	2.226068e-01	2.232642e-01	2.222781e-01	2.222781e-01	2.226068e-01	2.229355e-01	2.226068e-01	2.229355e-01	2.226068e-01	2.232642e-01	2.229355e-01	2.229355e-01	2.229355e-01	2.239216e-01	2.222781e-01	2.235929e-01	2.226068e-01	2.239216e-01	2.232642e-01	2.239216e-01	2.229355e-01	2.242503e-01	2.222781e-01	2.245790e-01	2.222781e-01	2.242503e-01	2.229355e-01	2.245790e-01	2.232642e-01	2.245790e-01
