#Saved Data from the class odmr_logic on 23.06.2022 at 17h50m02s.
#
#Parameters:
#===========
#
#Microwave CW Power (dBm): -1.0000000000000000e+01
#Microwave Sweep Power (dBm): 0.0000000000000000e+00
#Run Time (s): 1.8000000000000000e+02
#Number of frequency sweeps (#): 12
#Start Frequencies (Hz): [2800000000.0]
#Stop Frequencies (Hz): [2950000000.0]
#Step sizes (Hz): [500000.0]
#Clock Frequencies (Hz): 20
#Channel: 0: /Dev1/Ctr3
#
#Data:
#=====
#count data (counts/s)
2.791680e+06	2.790160e+06	2.793500e+06	2.797200e+06	2.792860e+06	2.794020e+06	2.804620e+06	2.798240e+06	2.796380e+06	2.798240e+06	2.787600e+06	2.795500e+06	2.804840e+06	2.788540e+06	2.804180e+06	2.802960e+06	2.784420e+06	2.793420e+06	2.787120e+06	2.797860e+06	2.796380e+06	2.791440e+06	2.795020e+06	2.800780e+06	2.794960e+06	2.795260e+06	2.798580e+06	2.776200e+06	2.805800e+06	2.796680e+06	2.802360e+06	2.790300e+06	2.785800e+06	2.793200e+06	2.803200e+06	2.796020e+06	2.782300e+06	2.811920e+06	2.799320e+06	2.803040e+06	2.804220e+06	2.795640e+06	2.795260e+06	2.800060e+06	2.797260e+06	2.801860e+06	2.801400e+06	2.806880e+06	2.788600e+06	2.794420e+06	2.781860e+06	2.793960e+06	2.810860e+06	2.794320e+06	2.793780e+06	2.801480e+06	2.796240e+06	2.792340e+06	2.789340e+06	2.780200e+06	2.787200e+06	2.786400e+06	2.786840e+06	2.796300e+06	2.788680e+06	2.785880e+06	2.793280e+06	2.787400e+06	2.790120e+06	2.802600e+06	2.787900e+06	2.797700e+06	2.802900e+06	2.787140e+06	2.785100e+06	2.792420e+06	2.790140e+06	2.807560e+06	2.788940e+06	2.793160e+06	2.796520e+06	2.797340e+06	2.809740e+06	2.786800e+06	2.786860e+06	2.789000e+06	2.792340e+06	2.789880e+06	2.800100e+06	2.794260e+06	2.801880e+06	2.787480e+06	2.789440e+06	2.792120e+06	2.784940e+06	2.786020e+06	2.789940e+06	2.788200e+06	2.794440e+06	2.793340e+06	2.791160e+06	2.787980e+06	2.795040e+06	2.781620e+06	2.779240e+06	2.789120e+06	2.788520e+06	2.770320e+06	2.775120e+06	2.779900e+06	2.784260e+06	2.780600e+06	2.779160e+06	2.768260e+06	2.771060e+06	2.789820e+06	2.782620e+06	2.773520e+06	2.771780e+06	2.783700e+06	2.777640e+06	2.769040e+06	2.774660e+06	2.788440e+06	2.793240e+06	2.773660e+06	2.787000e+06	2.774560e+06	2.778160e+06	2.780220e+06	2.777220e+06	2.780160e+06	2.778820e+06	2.785700e+06	2.784440e+06	2.770260e+06	2.779860e+06	2.789200e+06	2.786180e+06	2.792120e+06	2.790860e+06	2.792520e+06	2.788660e+06	2.792780e+06	2.792160e+06	2.787680e+06	2.789940e+06	2.771320e+06	2.782460e+06	2.782920e+06	2.776480e+06	2.782660e+06	2.800080e+06	2.788940e+06	2.777180e+06	2.774540e+06	2.782180e+06	2.786300e+06	2.767160e+06	2.786380e+06	2.778400e+06	2.769020e+06	2.784180e+06	2.781720e+06	2.777140e+06	2.764980e+06	2.772460e+06	2.784320e+06	2.780800e+06	2.774700e+06	2.782000e+06	2.785100e+06	2.787500e+06	2.789140e+06	2.775980e+06	2.785160e+06	2.785980e+06	2.769660e+06	2.781840e+06	2.769780e+06	2.785860e+06	2.788920e+06	2.787760e+06	2.786320e+06	2.782280e+06	2.793640e+06	2.788220e+06	2.788140e+06	2.795620e+06	2.791980e+06	2.782440e+06	2.782420e+06	2.788000e+06	2.803460e+06	2.798280e+06	2.794280e+06	2.790520e+06	2.789500e+06	2.804840e+06	2.793780e+06	2.782080e+06	2.786520e+06	2.794380e+06	2.809840e+06	2.794580e+06	2.795660e+06	2.786860e+06	2.790420e+06	2.789080e+06	2.794300e+06	2.796900e+06	2.798720e+06	2.800940e+06	2.788680e+06	2.784880e+06	2.795040e+06	2.790660e+06	2.803220e+06	2.792380e+06	2.793740e+06	2.790040e+06	2.797300e+06	2.790560e+06	2.787160e+06	2.790120e+06	2.795780e+06	2.789880e+06	2.799280e+06	2.787520e+06	2.793620e+06	2.794500e+06	2.801160e+06	2.784780e+06	2.780680e+06	2.789960e+06	2.791260e+06	2.798500e+06	2.795920e+06	2.789120e+06	2.788220e+06	2.787680e+06	2.794740e+06	2.794100e+06	2.781920e+06	2.777720e+06	2.790120e+06	2.791220e+06	2.789000e+06	2.782000e+06	2.774460e+06	2.805560e+06	2.792520e+06	2.799320e+06	2.804260e+06	2.790360e+06	2.795560e+06	2.791940e+06	2.787780e+06	2.798040e+06	2.786320e+06	2.789060e+06	2.789900e+06	2.782420e+06	2.800580e+06	2.797960e+06	2.794140e+06	2.786880e+06	2.799380e+06	2.789680e+06	2.801060e+06	2.783560e+06	2.802340e+06	2.781240e+06	2.783500e+06	2.788760e+06	2.796080e+06	2.792360e+06	2.791340e+06	2.787400e+06	2.803040e+06	2.795720e+06	2.783160e+06	2.775800e+06	2.771160e+06	2.781060e+06	2.786040e+06	2.793800e+06	2.788200e+06	2.787820e+06	2.789380e+06	2.785180e+06	2.793440e+06	2.802300e+06	2.787500e+06	2.792560e+06	2.786120e+06	2.781220e+06	2.782840e+06	2.794800e+06	2.786680e+06	2.782040e+06
2.794640e+06	2.791340e+06	2.799020e+06	2.789440e+06	2.803600e+06	2.794460e+06	2.786880e+06	2.797020e+06	2.802040e+06	2.799400e+06	2.799200e+06	2.789600e+06	2.803300e+06	2.798060e+06	2.790240e+06	2.803300e+06	2.790880e+06	2.803980e+06	2.801380e+06	2.808560e+06	2.782800e+06	2.797500e+06	2.800720e+06	2.788920e+06	2.787620e+06	2.794220e+06	2.794100e+06	2.817100e+06	2.803880e+06	2.796860e+06	2.786420e+06	2.800560e+06	2.796800e+06	2.799160e+06	2.802320e+06	2.802200e+06	2.795460e+06	2.790880e+06	2.791000e+06	2.799500e+06	2.809820e+06	2.789180e+06	2.793360e+06	2.798600e+06	2.791160e+06	2.783240e+06	2.797300e+06	2.783260e+06	2.789020e+06	2.798320e+06	2.808940e+06	2.801420e+06	2.801240e+06	2.796140e+06	2.801160e+06	2.792320e+06	2.790620e+06	2.796860e+06	2.800480e+06	2.796380e+06	2.800960e+06	2.798280e+06	2.786300e+06	2.801520e+06	2.785360e+06	2.790940e+06	2.790940e+06	2.782420e+06	2.799100e+06	2.798380e+06	2.788240e+06	2.787480e+06	2.801940e+06	2.805260e+06	2.804420e+06	2.796740e+06	2.805280e+06	2.788020e+06	2.797340e+06	2.792880e+06	2.811020e+06	2.804420e+06	2.795700e+06	2.783620e+06	2.791680e+06	2.786440e+06	2.795460e+06	2.801940e+06	2.787760e+06	2.792460e+06	2.789600e+06	2.785940e+06	2.798440e+06	2.794900e+06	2.791380e+06	2.781080e+06	2.787760e+06	2.789320e+06	2.805140e+06	2.792740e+06	2.786080e+06	2.788540e+06	2.781740e+06	2.774460e+06	2.793100e+06	2.782280e+06	2.783020e+06	2.777700e+06	2.785320e+06	2.795380e+06	2.795560e+06	2.790060e+06	2.793860e+06	2.777620e+06	2.795340e+06	2.774380e+06	2.777340e+06	2.784740e+06	2.787420e+06	2.772620e+06	2.790580e+06	2.773460e+06	2.783080e+06	2.781480e+06	2.779520e+06	2.788120e+06	2.768920e+06	2.784720e+06	2.777240e+06	2.787720e+06	2.783800e+06	2.777800e+06	2.786360e+06	2.787100e+06	2.791560e+06	2.788200e+06	2.782500e+06	2.793740e+06	2.801020e+06	2.800100e+06	2.801160e+06	2.790620e+06	2.798880e+06	2.790000e+06	2.786420e+06	2.785680e+06	2.785560e+06	2.779960e+06	2.799780e+06	2.787860e+06	2.776080e+06	2.785880e+06	2.784420e+06	2.770980e+06	2.785980e+06	2.774260e+06	2.793580e+06	2.782880e+06	2.786320e+06	2.786100e+06	2.776840e+06	2.794100e+06	2.782660e+06	2.766120e+06	2.775320e+06	2.772560e+06	2.782600e+06	2.786960e+06	2.786160e+06	2.787600e+06	2.775560e+06	2.779320e+06	2.777180e+06	2.771900e+06	2.783940e+06	2.780980e+06	2.785040e+06	2.800540e+06	2.790980e+06	2.790020e+06	2.782800e+06	2.784280e+06	2.799760e+06	2.774860e+06	2.794100e+06	2.791800e+06	2.796660e+06	2.802660e+06	2.767320e+06	2.794680e+06	2.788040e+06	2.801200e+06	2.799020e+06	2.802760e+06	2.787000e+06	2.787680e+06	2.790640e+06	2.792280e+06	2.800320e+06	2.797040e+06	2.790260e+06	2.786220e+06	2.796920e+06	2.790320e+06	2.797560e+06	2.790120e+06	2.800800e+06	2.801520e+06	2.795540e+06	2.797000e+06	2.800580e+06	2.793660e+06	2.786920e+06	2.787600e+06	2.791080e+06	2.800560e+06	2.796580e+06	2.798860e+06	2.783400e+06	2.799040e+06	2.800560e+06	2.789960e+06	2.796240e+06	2.797560e+06	2.800540e+06	2.794180e+06	2.802400e+06	2.796140e+06	2.804580e+06	2.790320e+06	2.797180e+06	2.794420e+06	2.785620e+06	2.802000e+06	2.802180e+06	2.798360e+06	2.795520e+06	2.799120e+06	2.802080e+06	2.798820e+06	2.796000e+06	2.803780e+06	2.784920e+06	2.789080e+06	2.798300e+06	2.796980e+06	2.794900e+06	2.802820e+06	2.786080e+06	2.799920e+06	2.795820e+06	2.777980e+06	2.797140e+06	2.785200e+06	2.795020e+06	2.790740e+06	2.791700e+06	2.793360e+06	2.787200e+06	2.785460e+06	2.796260e+06	2.806360e+06	2.790120e+06	2.805500e+06	2.786980e+06	2.793960e+06	2.789860e+06	2.785220e+06	2.796160e+06	2.797040e+06	2.792420e+06	2.795940e+06	2.797020e+06	2.782560e+06	2.792920e+06	2.790740e+06	2.800200e+06	2.801960e+06	2.793180e+06	2.802120e+06	2.794140e+06	2.800460e+06	2.806300e+06	2.799780e+06	2.786080e+06	2.800120e+06	2.791920e+06	2.786460e+06	2.799220e+06	2.792260e+06	2.793240e+06	2.798520e+06	2.791720e+06	2.797800e+06	2.791680e+06	2.798500e+06	2.792600e+06	2.806540e+06	2.806340e+06	2.803240e+06	2.808120e+06
2.796660e+06	2.793540e+06	2.796380e+06	2.800200e+06	2.794460e+06	2.796140e+06	2.808060e+06	2.804320e+06	2.796200e+06	2.780880e+06	2.807520e+06	2.797280e+06	2.791200e+06	2.782560e+06	2.804100e+06	2.806400e+06	2.807840e+06	2.797500e+06	2.793980e+06	2.794120e+06	2.799400e+06	2.805380e+06	2.800760e+06	2.797800e+06	2.799920e+06	2.799720e+06	2.802060e+06	2.786380e+06	2.801800e+06	2.793980e+06	2.788480e+06	2.807980e+06	2.791160e+06	2.790220e+06	2.803620e+06	2.790140e+06	2.800260e+06	2.801720e+06	2.804420e+06	2.785840e+06	2.806640e+06	2.798660e+06	2.798800e+06	2.806140e+06	2.798420e+06	2.791020e+06	2.801860e+06	2.793820e+06	2.815020e+06	2.806300e+06	2.800340e+06	2.803400e+06	2.794520e+06	2.790040e+06	2.787600e+06	2.810360e+06	2.803060e+06	2.804180e+06	2.800900e+06	2.805960e+06	2.792900e+06	2.803280e+06	2.799240e+06	2.795360e+06	2.806140e+06	2.801700e+06	2.793000e+06	2.790860e+06	2.795820e+06	2.801280e+06	2.793160e+06	2.784320e+06	2.797920e+06	2.801020e+06	2.814200e+06	2.796600e+06	2.796500e+06	2.785020e+06	2.795140e+06	2.793480e+06	2.799520e+06	2.801600e+06	2.799340e+06	2.796300e+06	2.801620e+06	2.796300e+06	2.784420e+06	2.790780e+06	2.801580e+06	2.804480e+06	2.797820e+06	2.805240e+06	2.801500e+06	2.797320e+06	2.800700e+06	2.786480e+06	2.793920e+06	2.790180e+06	2.803220e+06	2.786420e+06	2.775360e+06	2.795260e+06	2.789380e+06	2.785860e+06	2.785900e+06	2.782060e+06	2.786520e+06	2.782320e+06	2.784460e+06	2.799920e+06	2.776300e+06	2.794160e+06	2.783820e+06	2.776760e+06	2.774400e+06	2.787000e+06	2.784880e+06	2.783480e+06	2.787500e+06	2.781600e+06	2.783720e+06	2.784680e+06	2.785140e+06	2.780180e+06	2.772060e+06	2.792960e+06	2.781980e+06	2.778820e+06	2.779460e+06	2.780860e+06	2.792620e+06	2.798300e+06	2.778960e+06	2.787140e+06	2.790160e+06	2.791240e+06	2.789620e+06	2.790720e+06	2.789560e+06	2.803720e+06	2.802020e+06	2.782800e+06	2.799700e+06	2.787380e+06	2.787960e+06	2.791720e+06	2.801020e+06	2.788960e+06	2.782580e+06	2.784540e+06	2.778780e+06	2.781560e+06	2.779000e+06	2.796920e+06	2.768620e+06	2.781980e+06	2.770880e+06	2.795680e+06	2.788440e+06	2.782780e+06	2.791800e+06	2.781300e+06	2.790420e+06	2.791080e+06	2.786040e+06	2.773560e+06	2.795100e+06	2.796440e+06	2.781620e+06	2.786460e+06	2.783220e+06	2.779640e+06	2.784420e+06	2.783140e+06	2.790140e+06	2.794620e+06	2.787500e+06	2.802580e+06	2.795080e+06	2.788980e+06	2.792380e+06	2.798120e+06	2.789880e+06	2.800900e+06	2.787380e+06	2.811380e+06	2.791840e+06	2.783520e+06	2.790880e+06	2.793940e+06	2.798020e+06	2.795860e+06	2.796120e+06	2.793760e+06	2.799640e+06	2.792300e+06	2.805600e+06	2.790580e+06	2.794520e+06	2.806580e+06	2.798940e+06	2.804740e+06	2.786700e+06	2.799040e+06	2.800880e+06	2.791640e+06	2.800240e+06	2.795840e+06	2.800480e+06	2.801220e+06	2.790560e+06	2.793700e+06	2.791720e+06	2.789180e+06	2.788860e+06	2.787940e+06	2.802340e+06	2.796700e+06	2.794740e+06	2.793880e+06	2.795600e+06	2.790480e+06	2.792600e+06	2.796740e+06	2.807560e+06	2.796740e+06	2.781320e+06	2.790100e+06	2.795760e+06	2.792920e+06	2.788880e+06	2.784720e+06	2.797840e+06	2.792540e+06	2.790000e+06	2.806560e+06	2.797260e+06	2.785340e+06	2.793940e+06	2.796300e+06	2.792860e+06	2.784940e+06	2.794700e+06	2.780500e+06	2.781080e+06	2.800180e+06	2.792020e+06	2.793540e+06	2.783780e+06	2.794680e+06	2.784500e+06	2.792880e+06	2.784880e+06	2.791060e+06	2.794740e+06	2.785820e+06	2.788980e+06	2.795220e+06	2.784640e+06	2.787740e+06	2.798460e+06	2.795740e+06	2.790240e+06	2.797040e+06	2.784040e+06	2.794260e+06	2.805180e+06	2.780640e+06	2.795900e+06	2.790840e+06	2.789760e+06	2.794360e+06	2.791020e+06	2.799180e+06	2.791680e+06	2.793800e+06	2.788220e+06	2.782060e+06	2.796780e+06	2.797220e+06	2.797040e+06	2.796560e+06	2.787300e+06	2.791880e+06	2.792360e+06	2.789520e+06	2.790180e+06	2.804820e+06	2.790280e+06	2.803720e+06	2.774840e+06	2.793000e+06	2.788760e+06	2.802360e+06	2.798940e+06	2.801800e+06	2.804560e+06	2.801040e+06	2.800820e+06	2.794240e+06	2.799700e+06
2.781020e+06	2.786560e+06	2.794040e+06	2.793820e+06	2.795140e+06	2.787460e+06	2.787580e+06	2.786560e+06	2.785180e+06	2.788400e+06	2.782780e+06	2.785600e+06	2.789260e+06	2.773660e+06	2.792540e+06	2.782240e+06	2.775920e+06	2.797400e+06	2.792140e+06	2.789540e+06	2.792300e+06	2.791180e+06	2.781100e+06	2.789040e+06	2.789020e+06	2.793500e+06	2.784860e+06	2.799380e+06	2.784460e+06	2.795500e+06	2.802200e+06	2.792500e+06	2.794520e+06	2.790000e+06	2.793040e+06	2.787280e+06	2.783560e+06	2.800100e+06	2.786000e+06	2.800440e+06	2.793040e+06	2.797680e+06	2.788080e+06	2.794220e+06	2.784140e+06	2.793160e+06	2.791580e+06	2.801120e+06	2.793320e+06	2.791280e+06	2.802320e+06	2.788920e+06	2.799180e+06	2.792240e+06	2.795460e+06	2.788780e+06	2.792260e+06	2.802380e+06	2.787700e+06	2.795080e+06	2.790020e+06	2.797100e+06	2.795140e+06	2.794760e+06	2.789500e+06	2.784860e+06	2.792100e+06	2.797040e+06	2.796460e+06	2.794260e+06	2.810900e+06	2.795600e+06	2.788180e+06	2.808820e+06	2.794260e+06	2.791360e+06	2.785180e+06	2.794740e+06	2.789880e+06	2.795780e+06	2.790720e+06	2.800120e+06	2.800260e+06	2.795300e+06	2.791760e+06	2.797540e+06	2.794520e+06	2.788280e+06	2.787120e+06	2.802480e+06	2.793060e+06	2.799060e+06	2.789780e+06	2.791100e+06	2.785940e+06	2.785560e+06	2.800200e+06	2.786680e+06	2.779940e+06	2.788440e+06	2.800420e+06	2.791700e+06	2.787400e+06	2.776400e+06	2.776020e+06	2.789900e+06	2.785040e+06	2.786720e+06	2.767800e+06	2.786200e+06	2.784500e+06	2.781940e+06	2.779400e+06	2.773080e+06	2.782980e+06	2.774000e+06	2.777420e+06	2.787840e+06	2.783540e+06	2.789300e+06	2.775780e+06	2.769880e+06	2.779660e+06	2.786520e+06	2.795120e+06	2.785400e+06	2.761980e+06	2.788520e+06	2.792120e+06	2.799520e+06	2.795880e+06	2.787080e+06	2.789720e+06	2.782760e+06	2.787700e+06	2.784320e+06	2.778000e+06	2.800580e+06	2.793820e+06	2.794480e+06	2.782240e+06	2.792380e+06	2.780140e+06	2.796920e+06	2.779700e+06	2.784080e+06	2.788920e+06	2.795340e+06	2.798120e+06	2.796100e+06	2.786580e+06	2.779440e+06	2.782800e+06	2.789020e+06	2.783480e+06	2.781660e+06	2.784560e+06	2.787900e+06	2.784760e+06	2.782420e+06	2.779360e+06	2.787660e+06	2.779740e+06	2.790240e+06	2.775160e+06	2.784740e+06	2.787740e+06	2.775360e+06	2.781540e+06	2.777500e+06	2.779280e+06	2.785340e+06	2.783960e+06	2.783700e+06	2.784300e+06	2.783320e+06	2.785060e+06	2.791100e+06	2.785820e+06	2.780740e+06	2.797100e+06	2.783300e+06	2.791360e+06	2.792980e+06	2.793160e+06	2.783800e+06	2.798000e+06	2.787280e+06	2.782500e+06	2.794900e+06	2.798600e+06	2.798980e+06	2.797260e+06	2.795900e+06	2.791960e+06	2.786400e+06	2.796040e+06	2.787380e+06	2.803760e+06	2.798360e+06	2.792140e+06	2.786680e+06	2.792780e+06	2.796780e+06	2.798220e+06	2.786180e+06	2.795300e+06	2.795720e+06	2.793920e+06	2.803660e+06	2.814720e+06	2.801560e+06	2.799360e+06	2.804680e+06	2.797000e+06	2.796940e+06	2.801800e+06	2.793260e+06	2.794840e+06	2.794020e+06	2.794740e+06	2.798700e+06	2.790220e+06	2.799080e+06	2.781080e+06	2.797340e+06	2.804160e+06	2.801440e+06	2.791800e+06	2.792720e+06	2.786820e+06	2.798780e+06	2.797540e+06	2.803800e+06	2.792040e+06	2.804220e+06	2.793240e+06	2.792320e+06	2.804660e+06	2.802040e+06	2.809160e+06	2.793940e+06	2.796580e+06	2.790240e+06	2.798720e+06	2.802060e+06	2.794300e+06	2.793580e+06	2.792540e+06	2.807540e+06	2.803360e+06	2.796300e+06	2.794340e+06	2.791180e+06	2.787880e+06	2.795480e+06	2.788660e+06	2.793800e+06	2.797620e+06	2.805100e+06	2.803420e+06	2.802580e+06	2.795440e+06	2.798420e+06	2.789060e+06	2.789740e+06	2.792220e+06	2.791760e+06	2.786680e+06	2.804200e+06	2.799560e+06	2.795680e+06	2.807160e+06	2.804180e+06	2.788240e+06	2.782120e+06	2.796800e+06	2.808680e+06	2.794680e+06	2.791920e+06	2.801960e+06	2.793020e+06	2.802080e+06	2.796920e+06	2.788520e+06	2.802480e+06	2.804000e+06	2.795920e+06	2.794580e+06	2.800660e+06	2.787100e+06	2.786060e+06	2.790060e+06	2.796740e+06	2.803320e+06	2.789640e+06	2.797360e+06	2.806480e+06	2.793280e+06	2.790540e+06	2.809440e+06
2.799820e+06	2.782140e+06	2.773580e+06	2.798640e+06	2.791940e+06	2.797660e+06	2.775580e+06	2.787020e+06	2.787880e+06	2.789640e+06	2.803460e+06	2.788920e+06	2.798460e+06	2.783460e+06	2.782160e+06	2.796600e+06	2.779060e+06	2.787060e+06	2.798880e+06	2.789240e+06	2.796100e+06	2.791600e+06	2.782680e+06	2.791380e+06	2.795440e+06	2.797680e+06	2.781420e+06	2.785740e+06	2.768420e+06	2.788460e+06	2.776220e+06	2.786380e+06	2.793800e+06	2.778820e+06	2.788300e+06	2.788280e+06	2.784140e+06	2.785460e+06	2.788980e+06	2.794800e+06	2.786520e+06	2.779720e+06	2.781700e+06	2.779440e+06	2.780940e+06	2.794360e+06	2.788420e+06	2.784640e+06	2.794080e+06	2.792740e+06	2.788780e+06	2.783960e+06	2.789540e+06	2.786380e+06	2.798660e+06	2.783720e+06	2.780060e+06	2.780280e+06	2.785780e+06	2.785640e+06	2.791060e+06	2.785980e+06	2.777400e+06	2.785840e+06	2.767260e+06	2.788060e+06	2.782920e+06	2.796620e+06	2.797080e+06	2.785280e+06	2.785860e+06	2.785760e+06	2.785000e+06	2.790320e+06	2.777900e+06	2.778080e+06	2.791560e+06	2.798600e+06	2.783480e+06	2.778000e+06	2.781660e+06	2.795340e+06	2.788340e+06	2.780480e+06	2.783260e+06	2.782240e+06	2.790920e+06	2.771080e+06	2.793500e+06	2.803680e+06	2.782860e+06	2.780620e+06	2.781020e+06	2.779460e+06	2.774680e+06	2.784180e+06	2.781240e+06	2.789420e+06	2.784700e+06	2.773920e+06	2.780000e+06	2.788140e+06	2.777200e+06	2.778480e+06	2.782060e+06	2.782500e+06	2.797720e+06	2.788060e+06	2.771720e+06	2.773760e+06	2.774300e+06	2.769580e+06	2.770120e+06	2.780860e+06	2.777300e+06	2.770740e+06	2.773600e+06	2.766320e+06	2.778740e+06	2.774980e+06	2.757380e+06	2.775860e+06	2.766680e+06	2.781860e+06	2.771540e+06	2.776380e+06	2.762320e+06	2.769300e+06	2.769260e+06	2.779380e+06	2.760180e+06	2.778100e+06	2.772360e+06	2.778060e+06	2.787960e+06	2.775200e+06	2.781400e+06	2.778700e+06	2.789580e+06	2.782620e+06	2.778900e+06	2.787580e+06	2.789100e+06	2.790060e+06	2.782060e+06	2.781960e+06	2.768540e+06	2.769520e+06	2.778340e+06	2.768120e+06	2.778200e+06	2.771280e+06	2.771080e+06	2.776140e+06	2.770640e+06	2.778480e+06	2.761600e+06	2.783560e+06	2.782660e+06	2.780300e+06	2.780520e+06	2.777180e+06	2.768780e+06	2.779300e+06	2.771360e+06	2.778680e+06	2.778520e+06	2.790720e+06	2.782480e+06	2.785560e+06	2.770340e+06	2.778820e+06	2.780980e+06	2.780620e+06	2.767260e+06	2.773280e+06	2.782020e+06	2.770860e+06	2.774040e+06	2.778320e+06	2.771720e+06	2.773200e+06	2.795920e+06	2.782240e+06	2.797020e+06	2.791480e+06	2.783940e+06	2.787480e+06	2.789680e+06	2.785800e+06	2.790520e+06	2.782080e+06	2.787640e+06	2.797360e+06	2.799440e+06	2.779020e+06	2.778380e+06	2.779400e+06	2.790260e+06	2.771340e+06	2.774660e+06	2.793380e+06	2.786000e+06	2.775060e+06	2.787320e+06	2.784000e+06	2.791300e+06	2.792460e+06	2.782040e+06	2.790180e+06	2.773640e+06	2.778540e+06	2.793520e+06	2.792700e+06	2.781740e+06	2.794880e+06	2.784480e+06	2.787980e+06	2.773500e+06	2.785300e+06	2.773420e+06	2.777520e+06	2.788060e+06	2.784340e+06	2.796560e+06	2.788560e+06	2.794780e+06	2.788240e+06	2.790880e+06	2.792720e+06	2.773180e+06	2.785760e+06	2.778560e+06	2.778760e+06	2.792800e+06	2.784480e+06	2.777080e+06	2.788980e+06	2.788160e+06	2.798600e+06	2.784840e+06	2.785360e+06	2.776840e+06	2.777620e+06	2.781220e+06	2.792540e+06	2.773340e+06	2.793880e+06	2.784940e+06	2.795340e+06	2.776440e+06	2.788280e+06	2.797980e+06	2.785760e+06	2.796620e+06	2.780280e+06	2.790400e+06	2.775080e+06	2.780440e+06	2.786440e+06	2.781280e+06	2.776000e+06	2.786960e+06	2.784520e+06	2.784300e+06	2.791740e+06	2.795260e+06	2.782180e+06	2.781020e+06	2.795080e+06	2.787740e+06	2.792860e+06	2.788680e+06	2.785240e+06	2.788940e+06	2.791760e+06	2.784960e+06	2.794560e+06	2.795000e+06	2.791220e+06	2.789660e+06	2.788720e+06	2.791980e+06	2.802020e+06	2.788740e+06	2.807120e+06	2.780600e+06	2.790020e+06	2.793820e+06	2.790280e+06	2.771260e+06	2.781520e+06	2.775740e+06	2.787740e+06	2.781980e+06	2.795120e+06	2.803400e+06	2.791980e+06	2.793180e+06	2.786180e+06	2.792140e+06
2.789160e+06	2.784700e+06	2.801860e+06	2.786500e+06	2.782680e+06	2.794640e+06	2.787420e+06	2.791640e+06	2.794320e+06	2.788940e+06	2.792800e+06	2.789720e+06	2.783320e+06	2.778760e+06	2.778600e+06	2.795400e+06	2.783900e+06	2.785820e+06	2.790600e+06	2.788880e+06	2.780980e+06	2.786140e+06	2.795840e+06	2.783480e+06	2.798720e+06	2.790540e+06	2.780920e+06	2.791600e+06	2.773380e+06	2.802260e+06	2.789900e+06	2.801300e+06	2.781120e+06	2.791860e+06	2.789320e+06	2.788620e+06	2.784940e+06	2.782440e+06	2.793260e+06	2.796200e+06	2.776380e+06	2.792920e+06	2.793060e+06	2.788020e+06	2.787320e+06	2.792700e+06	2.783700e+06	2.783040e+06	2.802840e+06	2.790780e+06	2.786300e+06	2.778420e+06	2.788560e+06	2.785680e+06	2.774200e+06	2.788300e+06	2.783100e+06	2.784940e+06	2.788220e+06	2.790300e+06	2.795720e+06	2.794200e+06	2.785220e+06	2.785100e+06	2.785740e+06	2.789940e+06	2.784560e+06	2.791800e+06	2.783800e+06	2.783680e+06	2.790160e+06	2.784540e+06	2.779580e+06	2.781680e+06	2.792020e+06	2.801600e+06	2.794620e+06	2.786480e+06	2.789140e+06	2.781660e+06	2.794500e+06	2.788340e+06	2.783860e+06	2.796220e+06	2.795640e+06	2.790300e+06	2.785520e+06	2.787280e+06	2.800560e+06	2.784560e+06	2.786920e+06	2.786920e+06	2.773520e+06	2.796300e+06	2.793140e+06	2.777280e+06	2.789220e+06	2.787920e+06	2.784260e+06	2.779280e+06	2.777340e+06	2.786040e+06	2.789340e+06	2.772220e+06	2.778740e+06	2.775180e+06	2.770440e+06	2.784940e+06	2.768400e+06	2.781380e+06	2.762120e+06	2.769620e+06	2.769060e+06	2.766520e+06	2.785360e+06	2.775280e+06	2.774580e+06	2.767680e+06	2.777380e+06	2.772440e+06	2.780400e+06	2.762460e+06	2.780620e+06	2.780500e+06	2.780720e+06	2.773140e+06	2.766960e+06	2.760080e+06	2.769400e+06	2.774160e+06	2.787940e+06	2.778500e+06	2.770960e+06	2.781440e+06	2.792000e+06	2.772140e+06	2.773040e+06	2.785660e+06	2.777380e+06	2.781980e+06	2.790340e+06	2.792340e+06	2.787100e+06	2.785800e+06	2.775200e+06	2.792800e+06	2.795780e+06	2.776060e+06	2.773720e+06	2.774940e+06	2.777460e+06	2.782900e+06	2.779880e+06	2.763800e+06	2.766020e+06	2.770340e+06	2.771280e+06	2.774960e+06	2.786140e+06	2.770100e+06	2.769560e+06	2.773840e+06	2.779480e+06	2.787740e+06	2.775720e+06	2.784760e+06	2.778020e+06	2.779700e+06	2.780120e+06	2.780620e+06	2.775900e+06	2.770000e+06	2.779780e+06	2.774760e+06	2.780020e+06	2.784400e+06	2.781960e+06	2.777620e+06	2.781180e+06	2.787120e+06	2.776960e+06	2.781660e+06	2.788780e+06	2.785100e+06	2.793860e+06	2.795100e+06	2.775900e+06	2.791660e+06	2.785360e+06	2.792400e+06	2.781420e+06	2.781920e+06	2.780220e+06	2.784000e+06	2.790440e+06	2.786320e+06	2.784820e+06	2.788220e+06	2.775840e+06	2.794600e+06	2.795920e+06	2.790380e+06	2.796580e+06	2.780180e+06	2.779340e+06	2.793560e+06	2.799080e+06	2.778660e+06	2.775620e+06	2.797440e+06	2.786940e+06	2.796520e+06	2.787420e+06	2.801780e+06	2.797640e+06	2.789200e+06	2.796460e+06	2.796520e+06	2.786820e+06	2.796920e+06	2.797400e+06	2.784280e+06	2.797480e+06	2.785980e+06	2.784600e+06	2.776780e+06	2.791460e+06	2.791460e+06	2.803720e+06	2.781380e+06	2.774680e+06	2.787940e+06	2.797520e+06	2.801220e+06	2.791040e+06	2.781800e+06	2.786320e+06	2.780100e+06	2.787980e+06	2.785880e+06	2.788620e+06	2.788700e+06	2.796080e+06	2.773840e+06	2.791820e+06	2.781060e+06	2.791780e+06	2.787900e+06	2.793520e+06	2.793720e+06	2.783580e+06	2.786380e+06	2.795380e+06	2.787460e+06	2.779920e+06	2.785600e+06	2.792140e+06	2.786980e+06	2.778820e+06	2.783780e+06	2.784960e+06	2.784340e+06	2.785440e+06	2.769960e+06	2.791760e+06	2.787320e+06	2.781820e+06	2.784980e+06	2.788080e+06	2.789720e+06	2.781420e+06	2.779600e+06	2.786720e+06	2.777560e+06	2.788420e+06	2.788800e+06	2.787780e+06	2.797100e+06	2.782620e+06	2.793400e+06	2.785920e+06	2.789200e+06	2.799100e+06	2.788400e+06	2.782720e+06	2.793560e+06	2.778900e+06	2.793100e+06	2.793160e+06	2.786280e+06	2.788780e+06	2.786880e+06	2.797980e+06	2.779500e+06	2.780940e+06	2.787380e+06	2.794300e+06	2.785780e+06	2.788440e+06	2.793280e+06	2.779920e+06
2.796560e+06	2.787100e+06	2.778280e+06	2.794120e+06	2.794000e+06	2.780840e+06	2.791540e+06	2.793700e+06	2.791820e+06	2.783160e+06	2.790200e+06	2.804160e+06	2.793700e+06	2.779260e+06	2.789940e+06	2.796620e+06	2.804780e+06	2.779600e+06	2.799420e+06	2.789400e+06	2.786520e+06	2.797720e+06	2.784660e+06	2.794440e+06	2.793700e+06	2.785440e+06	2.787900e+06	2.790320e+06	2.780880e+06	2.794480e+06	2.794080e+06	2.794840e+06	2.798740e+06	2.800860e+06	2.805700e+06	2.786620e+06	2.791160e+06	2.796380e+06	2.788380e+06	2.793180e+06	2.798320e+06	2.790300e+06	2.790500e+06	2.779860e+06	2.789640e+06	2.782160e+06	2.787760e+06	2.793120e+06	2.794860e+06	2.793660e+06	2.770620e+06	2.782560e+06	2.786760e+06	2.784900e+06	2.797540e+06	2.788060e+06	2.788000e+06	2.794680e+06	2.798600e+06	2.784660e+06	2.790100e+06	2.801920e+06	2.783940e+06	2.775480e+06	2.787020e+06	2.783980e+06	2.779360e+06	2.786240e+06	2.794000e+06	2.779500e+06	2.801700e+06	2.797260e+06	2.788220e+06	2.784840e+06	2.792120e+06	2.786560e+06	2.797900e+06	2.798760e+06	2.781480e+06	2.781560e+06	2.788460e+06	2.799660e+06	2.787680e+06	2.789120e+06	2.787600e+06	2.797420e+06	2.786420e+06	2.783260e+06	2.788600e+06	2.782860e+06	2.795500e+06	2.787800e+06	2.786980e+06	2.790380e+06	2.784700e+06	2.776660e+06	2.792020e+06	2.793880e+06	2.790280e+06	2.781840e+06	2.774600e+06	2.787420e+06	2.785500e+06	2.778920e+06	2.782140e+06	2.782420e+06	2.784740e+06	2.772600e+06	2.772900e+06	2.788300e+06	2.775240e+06	2.784220e+06	2.784880e+06	2.783380e+06	2.775840e+06	2.788520e+06	2.782880e+06	2.782560e+06	2.770860e+06	2.781240e+06	2.776440e+06	2.787600e+06	2.771700e+06	2.766840e+06	2.776000e+06	2.778740e+06	2.774900e+06	2.772980e+06	2.774440e+06	2.786660e+06	2.776940e+06	2.772680e+06	2.790060e+06	2.780520e+06	2.781680e+06	2.803940e+06	2.781640e+06	2.786060e+06	2.783580e+06	2.777860e+06	2.787520e+06	2.794060e+06	2.782300e+06	2.782840e+06	2.777580e+06	2.791360e+06	2.778300e+06	2.781000e+06	2.776360e+06	2.788520e+06	2.783880e+06	2.776300e+06	2.775420e+06	2.791140e+06	2.779400e+06	2.778380e+06	2.777520e+06	2.766300e+06	2.771280e+06	2.790200e+06	2.770180e+06	2.773500e+06	2.765180e+06	2.778140e+06	2.784760e+06	2.776000e+06	2.784200e+06	2.776800e+06	2.782580e+06	2.786300e+06	2.778140e+06	2.779640e+06	2.785480e+06	2.766540e+06	2.785200e+06	2.780240e+06	2.772880e+06	2.793100e+06	2.790540e+06	2.779500e+06	2.774020e+06	2.798920e+06	2.793340e+06	2.790000e+06	2.785920e+06	2.778680e+06	2.787900e+06	2.782580e+06	2.795420e+06	2.788940e+06	2.781720e+06	2.780800e+06	2.794460e+06	2.787560e+06	2.782200e+06	2.798060e+06	2.796440e+06	2.781820e+06	2.790360e+06	2.783780e+06	2.798380e+06	2.788080e+06	2.795840e+06	2.794540e+06	2.774540e+06	2.792160e+06	2.801120e+06	2.795000e+06	2.796780e+06	2.791720e+06	2.797100e+06	2.788540e+06	2.788880e+06	2.798960e+06	2.783200e+06	2.795700e+06	2.781040e+06	2.790600e+06	2.771900e+06	2.795840e+06	2.797260e+06	2.779640e+06	2.781820e+06	2.776720e+06	2.792920e+06	2.784720e+06	2.796340e+06	2.787280e+06	2.785740e+06	2.787560e+06	2.777400e+06	2.784400e+06	2.794380e+06	2.788400e+06	2.784260e+06	2.790940e+06	2.782940e+06	2.792060e+06	2.790840e+06	2.791440e+06	2.793160e+06	2.776700e+06	2.791700e+06	2.793160e+06	2.795020e+06	2.794120e+06	2.788560e+06	2.797000e+06	2.783640e+06	2.805220e+06	2.791080e+06	2.788760e+06	2.781540e+06	2.785840e+06	2.794360e+06	2.806860e+06	2.787700e+06	2.790160e+06	2.793560e+06	2.793900e+06	2.791340e+06	2.804660e+06	2.803580e+06	2.795820e+06	2.785880e+06	2.795880e+06	2.781020e+06	2.793700e+06	2.791440e+06	2.796140e+06	2.788880e+06	2.792240e+06	2.785900e+06	2.785420e+06	2.797320e+06	2.777680e+06	2.789000e+06	2.783980e+06	2.794700e+06	2.776140e+06	2.780520e+06	2.793760e+06	2.794540e+06	2.795420e+06	2.782480e+06	2.785920e+06	2.789780e+06	2.798120e+06	2.799580e+06	2.794420e+06	2.774520e+06	2.783720e+06	2.792180e+06	2.785220e+06	2.800700e+06	2.791340e+06	2.795360e+06	2.783000e+06	2.790180e+06	2.786600e+06	2.781540e+06
2.808300e+06	2.784420e+06	2.787900e+06	2.802820e+06	2.784600e+06	2.785380e+06	2.798820e+06	2.799860e+06	2.791660e+06	2.797880e+06	2.797500e+06	2.805280e+06	2.801920e+06	2.795100e+06	2.804780e+06	2.808200e+06	2.800340e+06	2.790220e+06	2.788740e+06	2.800940e+06	2.789920e+06	2.804620e+06	2.797840e+06	2.793600e+06	2.789640e+06	2.805220e+06	2.791340e+06	2.799000e+06	2.799400e+06	2.801820e+06	2.801240e+06	2.790500e+06	2.809580e+06	2.791100e+06	2.801300e+06	2.810660e+06	2.801180e+06	2.789760e+06	2.790420e+06	2.799700e+06	2.799600e+06	2.800680e+06	2.800100e+06	2.810940e+06	2.803320e+06	2.789440e+06	2.785420e+06	2.793760e+06	2.801640e+06	2.802060e+06	2.811700e+06	2.786320e+06	2.803040e+06	2.802320e+06	2.794060e+06	2.799280e+06	2.797460e+06	2.804740e+06	2.797620e+06	2.793000e+06	2.795000e+06	2.782780e+06	2.812380e+06	2.791620e+06	2.799120e+06	2.798760e+06	2.786900e+06	2.797180e+06	2.790460e+06	2.799440e+06	2.797820e+06	2.807480e+06	2.797020e+06	2.801940e+06	2.791960e+06	2.784040e+06	2.786940e+06	2.791240e+06	2.799700e+06	2.793020e+06	2.790720e+06	2.811780e+06	2.804160e+06	2.801080e+06	2.802700e+06	2.806000e+06	2.796720e+06	2.796440e+06	2.788900e+06	2.800240e+06	2.796840e+06	2.802960e+06	2.793380e+06	2.800100e+06	2.807080e+06	2.804660e+06	2.807860e+06	2.794620e+06	2.787420e+06	2.794300e+06	2.790160e+06	2.796780e+06	2.796340e+06	2.785220e+06	2.790240e+06	2.778120e+06	2.805820e+06	2.792000e+06	2.795040e+06	2.795620e+06	2.777980e+06	2.793140e+06	2.783920e+06	2.796880e+06	2.787260e+06	2.787600e+06	2.805660e+06	2.788760e+06	2.789380e+06	2.786380e+06	2.788900e+06	2.804460e+06	2.789880e+06	2.774060e+06	2.800640e+06	2.788040e+06	2.783560e+06	2.794360e+06	2.782000e+06	2.800720e+06	2.797200e+06	2.792180e+06	2.777980e+06	2.794420e+06	2.791480e+06	2.795740e+06	2.790840e+06	2.795220e+06	2.799800e+06	2.783520e+06	2.781340e+06	2.792700e+06	2.796980e+06	2.797040e+06	2.786680e+06	2.793180e+06	2.795620e+06	2.784720e+06	2.782340e+06	2.796940e+06	2.783820e+06	2.783440e+06	2.784040e+06	2.782460e+06	2.794680e+06	2.774980e+06	2.779060e+06	2.786480e+06	2.784900e+06	2.786660e+06	2.781280e+06	2.787380e+06	2.782700e+06	2.785560e+06	2.799500e+06	2.776840e+06	2.788400e+06	2.777380e+06	2.790820e+06	2.780820e+06	2.776360e+06	2.790900e+06	2.775480e+06	2.790360e+06	2.781900e+06	2.779620e+06	2.778500e+06	2.784880e+06	2.795220e+06	2.785920e+06	2.783600e+06	2.785480e+06	2.803800e+06	2.786940e+06	2.794920e+06	2.792860e+06	2.805680e+06	2.792440e+06	2.809780e+06	2.790380e+06	2.788640e+06	2.797740e+06	2.808280e+06	2.793280e+06	2.783860e+06	2.791620e+06	2.796520e+06	2.789920e+06	2.802560e+06	2.807340e+06	2.800120e+06	2.785120e+06	2.787080e+06	2.812620e+06	2.797480e+06	2.777440e+06	2.789000e+06	2.795800e+06	2.792080e+06	2.785540e+06	2.809260e+06	2.790480e+06	2.805240e+06	2.803860e+06	2.791480e+06	2.791080e+06	2.800460e+06	2.812920e+06	2.794180e+06	2.793820e+06	2.810400e+06	2.796280e+06	2.800620e+06	2.797780e+06	2.800420e+06	2.796080e+06	2.797600e+06	2.785500e+06	2.804300e+06	2.790140e+06	2.800760e+06	2.792680e+06	2.803020e+06	2.795060e+06	2.801240e+06	2.804020e+06	2.803400e+06	2.803900e+06	2.790160e+06	2.797760e+06	2.799140e+06	2.792900e+06	2.784240e+06	2.787640e+06	2.803340e+06	2.803720e+06	2.801760e+06	2.800600e+06	2.820400e+06	2.806620e+06	2.798320e+06	2.803680e+06	2.782400e+06	2.794220e+06	2.797000e+06	2.791480e+06	2.805720e+06	2.786240e+06	2.793680e+06	2.794540e+06	2.797040e+06	2.795280e+06	2.799540e+06	2.792920e+06	2.796720e+06	2.800340e+06	2.786200e+06	2.790520e+06	2.797560e+06	2.794480e+06	2.797520e+06	2.786720e+06	2.789520e+06	2.801540e+06	2.793380e+06	2.803600e+06	2.799760e+06	2.783340e+06	2.794360e+06	2.795560e+06	2.791900e+06	2.782840e+06	2.788220e+06	2.794940e+06	2.797120e+06	2.797960e+06	2.795060e+06	2.794200e+06	2.793460e+06	2.795940e+06	2.805220e+06	2.790120e+06	2.799100e+06	2.796660e+06	2.804540e+06	2.781480e+06	2.784800e+06	2.798720e+06	2.793220e+06	2.805480e+06	2.787320e+06
2.803980e+06	2.803780e+06	2.802020e+06	2.813820e+06	2.804080e+06	2.798820e+06	2.810920e+06	2.811560e+06	2.798680e+06	2.801820e+06	2.818600e+06	2.808560e+06	2.805940e+06	2.812580e+06	2.803020e+06	2.805220e+06	2.806600e+06	2.792960e+06	2.804420e+06	2.809020e+06	2.805840e+06	2.806920e+06	2.813580e+06	2.819840e+06	2.815300e+06	2.807160e+06	2.812520e+06	2.798920e+06	2.809220e+06	2.807760e+06	2.814080e+06	2.810240e+06	2.808380e+06	2.805860e+06	2.798740e+06	2.812620e+06	2.799840e+06	2.800060e+06	2.808360e+06	2.814820e+06	2.812220e+06	2.819400e+06	2.803680e+06	2.805200e+06	2.812840e+06	2.812640e+06	2.802660e+06	2.810940e+06	2.819540e+06	2.805340e+06	2.795560e+06	2.801840e+06	2.816940e+06	2.815180e+06	2.816120e+06	2.820040e+06	2.801880e+06	2.799100e+06	2.815180e+06	2.798860e+06	2.809780e+06	2.811980e+06	2.791300e+06	2.810900e+06	2.799260e+06	2.806020e+06	2.819000e+06	2.801000e+06	2.794100e+06	2.790340e+06	2.806800e+06	2.816500e+06	2.815380e+06	2.811540e+06	2.804960e+06	2.793680e+06	2.799640e+06	2.815260e+06	2.792380e+06	2.810780e+06	2.799360e+06	2.799280e+06	2.800500e+06	2.805560e+06	2.798740e+06	2.811380e+06	2.811460e+06	2.800360e+06	2.806240e+06	2.798980e+06	2.812940e+06	2.800260e+06	2.799900e+06	2.808780e+06	2.806800e+06	2.785420e+06	2.806000e+06	2.801840e+06	2.797800e+06	2.804560e+06	2.779760e+06	2.802380e+06	2.790300e+06	2.806080e+06	2.797240e+06	2.789960e+06	2.788800e+06	2.787980e+06	2.790620e+06	2.806000e+06	2.787080e+06	2.790440e+06	2.794800e+06	2.803320e+06	2.786360e+06	2.795980e+06	2.784420e+06	2.784480e+06	2.789280e+06	2.796440e+06	2.785180e+06	2.792860e+06	2.799540e+06	2.788440e+06	2.793840e+06	2.790760e+06	2.769600e+06	2.774200e+06	2.783080e+06	2.801140e+06	2.794060e+06	2.792400e+06	2.789300e+06	2.797780e+06	2.794180e+06	2.795220e+06	2.788940e+06	2.796020e+06	2.796400e+06	2.802940e+06	2.803200e+06	2.798080e+06	2.789160e+06	2.787340e+06	2.811960e+06	2.784040e+06	2.789580e+06	2.799980e+06	2.794800e+06	2.799380e+06	2.788500e+06	2.794000e+06	2.791340e+06	2.794300e+06	2.800260e+06	2.776760e+06	2.781040e+06	2.792400e+06	2.786740e+06	2.793040e+06	2.790180e+06	2.776580e+06	2.786580e+06	2.795940e+06	2.800540e+06	2.791080e+06	2.791740e+06	2.805060e+06	2.782200e+06	2.787380e+06	2.785980e+06	2.797520e+06	2.788420e+06	2.796300e+06	2.799320e+06	2.790080e+06	2.801700e+06	2.803380e+06	2.794500e+06	2.787640e+06	2.802060e+06	2.793100e+06	2.805260e+06	2.781660e+06	2.797680e+06	2.801360e+06	2.802800e+06	2.792340e+06	2.800600e+06	2.796820e+06	2.793500e+06	2.804420e+06	2.798060e+06	2.800260e+06	2.797640e+06	2.795220e+06	2.790720e+06	2.802120e+06	2.797220e+06	2.805020e+06	2.810200e+06	2.801380e+06	2.792380e+06	2.805720e+06	2.800640e+06	2.808360e+06	2.794760e+06	2.797800e+06	2.800060e+06	2.800860e+06	2.793080e+06	2.812060e+06	2.811180e+06	2.805400e+06	2.799980e+06	2.796000e+06	2.804480e+06	2.797380e+06	2.802580e+06	2.808020e+06	2.806280e+06	2.811180e+06	2.801200e+06	2.796240e+06	2.804400e+06	2.803220e+06	2.807540e+06	2.802680e+06	2.806980e+06	2.809000e+06	2.801140e+06	2.803140e+06	2.803400e+06	2.802860e+06	2.803240e+06	2.803320e+06	2.804460e+06	2.798940e+06	2.796000e+06	2.799140e+06	2.794540e+06	2.796960e+06	2.794600e+06	2.805200e+06	2.801100e+06	2.794560e+06	2.791880e+06	2.805800e+06	2.803780e+06	2.793460e+06	2.802680e+06	2.797220e+06	2.819420e+06	2.790660e+06	2.795980e+06	2.792580e+06	2.796560e+06	2.795120e+06	2.804460e+06	2.792980e+06	2.801700e+06	2.792660e+06	2.799480e+06	2.791740e+06	2.797380e+06	2.794700e+06	2.802960e+06	2.804140e+06	2.799100e+06	2.794100e+06	2.795880e+06	2.797400e+06	2.787080e+06	2.797400e+06	2.807580e+06	2.802520e+06	2.794740e+06	2.800520e+06	2.791100e+06	2.799140e+06	2.802180e+06	2.798260e+06	2.803680e+06	2.789920e+06	2.793900e+06	2.800020e+06	2.800940e+06	2.799940e+06	2.802100e+06	2.799800e+06	2.798300e+06	2.812740e+06	2.798780e+06	2.794660e+06	2.796860e+06	2.813780e+06	2.792720e+06	2.798900e+06	2.802820e+06	2.805680e+06	2.780000e+06
2.826400e+06	2.818020e+06	2.816780e+06	2.824240e+06	2.831440e+06	2.820680e+06	2.806220e+06	2.812220e+06	2.813120e+06	2.819240e+06	2.800380e+06	2.823560e+06	2.823940e+06	2.814060e+06	2.813580e+06	2.816860e+06	2.821200e+06	2.810360e+06	2.819180e+06	2.799020e+06	2.816540e+06	2.821900e+06	2.818500e+06	2.821040e+06	2.818600e+06	2.817980e+06	2.807600e+06	2.818460e+06	2.817660e+06	2.814860e+06	2.809980e+06	2.817600e+06	2.821120e+06	2.824380e+06	2.813860e+06	2.819300e+06	2.820680e+06	2.821420e+06	2.810120e+06	2.809320e+06	2.822840e+06	2.799340e+06	2.814300e+06	2.816960e+06	2.813900e+06	2.819720e+06	2.818960e+06	2.809100e+06	2.823520e+06	2.801020e+06	2.807960e+06	2.823740e+06	2.804840e+06	2.813400e+06	2.816400e+06	2.814120e+06	2.813160e+06	2.817480e+06	2.810140e+06	2.813460e+06	2.822400e+06	2.804100e+06	2.802520e+06	2.822840e+06	2.813860e+06	2.805880e+06	2.811800e+06	2.812480e+06	2.813780e+06	2.820880e+06	2.817960e+06	2.814860e+06	2.807440e+06	2.816340e+06	2.809320e+06	2.806720e+06	2.810100e+06	2.810120e+06	2.811500e+06	2.811580e+06	2.804100e+06	2.803360e+06	2.815000e+06	2.798520e+06	2.800860e+06	2.803860e+06	2.814720e+06	2.814800e+06	2.807180e+06	2.813500e+06	2.805600e+06	2.822400e+06	2.813720e+06	2.811540e+06	2.813040e+06	2.806040e+06	2.806520e+06	2.806980e+06	2.807440e+06	2.807620e+06	2.805740e+06	2.812360e+06	2.810300e+06	2.806780e+06	2.791080e+06	2.811460e+06	2.802780e+06	2.793860e+06	2.800000e+06	2.804480e+06	2.804440e+06	2.798880e+06	2.800440e+06	2.790020e+06	2.794960e+06	2.796740e+06	2.800460e+06	2.800260e+06	2.801440e+06	2.802400e+06	2.791960e+06	2.793040e+06	2.793340e+06	2.797240e+06	2.798240e+06	2.797980e+06	2.804200e+06	2.798300e+06	2.791620e+06	2.813700e+06	2.808920e+06	2.809900e+06	2.809500e+06	2.813520e+06	2.808260e+06	2.810800e+06	2.800220e+06	2.797660e+06	2.809020e+06	2.813140e+06	2.816600e+06	2.805420e+06	2.802760e+06	2.805880e+06	2.813140e+06	2.799700e+06	2.821100e+06	2.806040e+06	2.811060e+06	2.808560e+06	2.797980e+06	2.801900e+06	2.798580e+06	2.797900e+06	2.800340e+06	2.796560e+06	2.796860e+06	2.805560e+06	2.800380e+06	2.792820e+06	2.799920e+06	2.798220e+06	2.791880e+06	2.800800e+06	2.811420e+06	2.795900e+06	2.802060e+06	2.794020e+06	2.806540e+06	2.792620e+06	2.787180e+06	2.791760e+06	2.802980e+06	2.807400e+06	2.786040e+06	2.802720e+06	2.813840e+06	2.805140e+06	2.809740e+06	2.808740e+06	2.797880e+06	2.798380e+06	2.813720e+06	2.804300e+06	2.819560e+06	2.815720e+06	2.812020e+06	2.809400e+06	2.803920e+06	2.797320e+06	2.809420e+06	2.803080e+06	2.813300e+06	2.805860e+06	2.816720e+06	2.827540e+06	2.805860e+06	2.810620e+06	2.817680e+06	2.822520e+06	2.808640e+06	2.813980e+06	2.816480e+06	2.805180e+06	2.813220e+06	2.805520e+06	2.795120e+06	2.811020e+06	2.814300e+06	2.801840e+06	2.812240e+06	2.805900e+06	2.810620e+06	2.804180e+06	2.810000e+06	2.800260e+06	2.808580e+06	2.798600e+06	2.814000e+06	2.799920e+06	2.805880e+06	2.797880e+06	2.816480e+06	2.814940e+06	2.802340e+06	2.817840e+06	2.814580e+06	2.805180e+06	2.822480e+06	2.803280e+06	2.812160e+06	2.803800e+06	2.810600e+06	2.812240e+06	2.819840e+06	2.802060e+06	2.814160e+06	2.806380e+06	2.797000e+06	2.810640e+06	2.803320e+06	2.812060e+06	2.820280e+06	2.802540e+06	2.815220e+06	2.816060e+06	2.821080e+06	2.805920e+06	2.817900e+06	2.819580e+06	2.804460e+06	2.798600e+06	2.810900e+06	2.817680e+06	2.818200e+06	2.811620e+06	2.815760e+06	2.810140e+06	2.804640e+06	2.812280e+06	2.825620e+06	2.810660e+06	2.808860e+06	2.803940e+06	2.814160e+06	2.810460e+06	2.805860e+06	2.803960e+06	2.804680e+06	2.811520e+06	2.811560e+06	2.816420e+06	2.818160e+06	2.811200e+06	2.814920e+06	2.827700e+06	2.809380e+06	2.807340e+06	2.814660e+06	2.801080e+06	2.795760e+06	2.813920e+06	2.794760e+06	2.827300e+06	2.815100e+06	2.811060e+06	2.817640e+06	2.802760e+06	2.815180e+06	2.803260e+06	2.823720e+06	2.799740e+06	2.819440e+06	2.803240e+06	2.818000e+06	2.817880e+06	2.815200e+06	2.805100e+06	2.798320e+06	2.801720e+06	2.822620e+06
2.811980e+06	2.813460e+06	2.808480e+06	2.823000e+06	2.813660e+06	2.819380e+06	2.827620e+06	2.813260e+06	2.811400e+06	2.813920e+06	2.809300e+06	2.801420e+06	2.816300e+06	2.806240e+06	2.817480e+06	2.815940e+06	2.816480e+06	2.814060e+06	2.807940e+06	2.797900e+06	2.807000e+06	2.817940e+06	2.822140e+06	2.807600e+06	2.812420e+06	2.818040e+06	2.824400e+06	2.814740e+06	2.803160e+06	2.818580e+06	2.817740e+06	2.811140e+06	2.804500e+06	2.815320e+06	2.826380e+06	2.814240e+06	2.819220e+06	2.810660e+06	2.807440e+06	2.808120e+06	2.820700e+06	2.824740e+06	2.814760e+06	2.811740e+06	2.814920e+06	2.813680e+06	2.819120e+06	2.820140e+06	2.813900e+06	2.817800e+06	2.824020e+06	2.816840e+06	2.808140e+06	2.807560e+06	2.811860e+06	2.806600e+06	2.804060e+06	2.803640e+06	2.818460e+06	2.810660e+06	2.812300e+06	2.809100e+06	2.814180e+06	2.812200e+06	2.811360e+06	2.822000e+06	2.821340e+06	2.809080e+06	2.816680e+06	2.814640e+06	2.818180e+06	2.820560e+06	2.808900e+06	2.824340e+06	2.822560e+06	2.812040e+06	2.821200e+06	2.803220e+06	2.820320e+06	2.816140e+06	2.804560e+06	2.814840e+06	2.819480e+06	2.814060e+06	2.809540e+06	2.818000e+06	2.809200e+06	2.824920e+06	2.821260e+06	2.808100e+06	2.808580e+06	2.800060e+06	2.819080e+06	2.817000e+06	2.810580e+06	2.814940e+06	2.824040e+06	2.801240e+06	2.817940e+06	2.823740e+06	2.802280e+06	2.804900e+06	2.808300e+06	2.809320e+06	2.804420e+06	2.806640e+06	2.800780e+06	2.799680e+06	2.795580e+06	2.796400e+06	2.812240e+06	2.799520e+06	2.803260e+06	2.794820e+06	2.793680e+06	2.796600e+06	2.796140e+06	2.798940e+06	2.807860e+06	2.801740e+06	2.811140e+06	2.787800e+06	2.796240e+06	2.808580e+06	2.800140e+06	2.789480e+06	2.808420e+06	2.794620e+06	2.807700e+06	2.813080e+06	2.799820e+06	2.804200e+06	2.814460e+06	2.808260e+06	2.802980e+06	2.802160e+06	2.802520e+06	2.805560e+06	2.794860e+06	2.819500e+06	2.818060e+06	2.812320e+06	2.807080e+06	2.807440e+06	2.805840e+06	2.819160e+06	2.808780e+06	2.812020e+06	2.799600e+06	2.812360e+06	2.804160e+06	2.788640e+06	2.805140e+06	2.806720e+06	2.803500e+06	2.788720e+06	2.794580e+06	2.803600e+06	2.810300e+06	2.800520e+06	2.808040e+06	2.784440e+06	2.785080e+06	2.808560e+06	2.792660e+06	2.796260e+06	2.802960e+06	2.809000e+06	2.803680e+06	2.804840e+06	2.789380e+06	2.811600e+06	2.803120e+06	2.803240e+06	2.805880e+06	2.805120e+06	2.815480e+06	2.811000e+06	2.805600e+06	2.801700e+06	2.812800e+06	2.819660e+06	2.802860e+06	2.822260e+06	2.813280e+06	2.804160e+06	2.805240e+06	2.825200e+06	2.809400e+06	2.819200e+06	2.812800e+06	2.807180e+06	2.811180e+06	2.811380e+06	2.813060e+06	2.811600e+06	2.815380e+06	2.810700e+06	2.820100e+06	2.810320e+06	2.814340e+06	2.804500e+06	2.803600e+06	2.809920e+06	2.818660e+06	2.815340e+06	2.808760e+06	2.808480e+06	2.819660e+06	2.801960e+06	2.815100e+06	2.808740e+06	2.815900e+06	2.813840e+06	2.820700e+06	2.807140e+06	2.811980e+06	2.816560e+06	2.805800e+06	2.817600e+06	2.808080e+06	2.815100e+06	2.813520e+06	2.820080e+06	2.812860e+06	2.801300e+06	2.824060e+06	2.813120e+06	2.820160e+06	2.812920e+06	2.814040e+06	2.815660e+06	2.809900e+06	2.817360e+06	2.815260e+06	2.824740e+06	2.809900e+06	2.812260e+06	2.814480e+06	2.809960e+06	2.818420e+06	2.813460e+06	2.807620e+06	2.807800e+06	2.812940e+06	2.815300e+06	2.821880e+06	2.802740e+06	2.819880e+06	2.801340e+06	2.802460e+06	2.804020e+06	2.815520e+06	2.825800e+06	2.806620e+06	2.816820e+06	2.814260e+06	2.819180e+06	2.814780e+06	2.817080e+06	2.799020e+06	2.803660e+06	2.812900e+06	2.817100e+06	2.817640e+06	2.819660e+06	2.810160e+06	2.827620e+06	2.802420e+06	2.816180e+06	2.824720e+06	2.812280e+06	2.829460e+06	2.818220e+06	2.821980e+06	2.805100e+06	2.800740e+06	2.809400e+06	2.823260e+06	2.807700e+06	2.808280e+06	2.807160e+06	2.816920e+06	2.820620e+06	2.811760e+06	2.812840e+06	2.812920e+06	2.812660e+06	2.817540e+06	2.816300e+06	2.808700e+06	2.805880e+06	2.812540e+06	2.808520e+06	2.822220e+06	2.808360e+06	2.810040e+06	2.825720e+06	2.810820e+06	2.825600e+06	2.817440e+06
2.817000e+06	2.815980e+06	2.819140e+06	2.816220e+06	2.810160e+06	2.806900e+06	2.810340e+06	2.822780e+06	2.815660e+06	2.807680e+06	2.810440e+06	2.814580e+06	2.821580e+06	2.811200e+06	2.818960e+06	2.825120e+06	2.812500e+06	2.815120e+06	2.824140e+06	2.817640e+06	2.812520e+06	2.813580e+06	2.826980e+06	2.813380e+06	2.817980e+06	2.827300e+06	2.799720e+06	2.815800e+06	2.816540e+06	2.808760e+06	2.819400e+06	2.822860e+06	2.819940e+06	2.813120e+06	2.822120e+06	2.816600e+06	2.817900e+06	2.806020e+06	2.814100e+06	2.819700e+06	2.807140e+06	2.812660e+06	2.818620e+06	2.820420e+06	2.815260e+06	2.825500e+06	2.812060e+06	2.814660e+06	2.807920e+06	2.816300e+06	2.821600e+06	2.819640e+06	2.810120e+06	2.823240e+06	2.814300e+06	2.809760e+06	2.824760e+06	2.816200e+06	2.813660e+06	2.812980e+06	2.824460e+06	2.814900e+06	2.810260e+06	2.812960e+06	2.821060e+06	2.825300e+06	2.814440e+06	2.818960e+06	2.810620e+06	2.815400e+06	2.809340e+06	2.821500e+06	2.807180e+06	2.811020e+06	2.811960e+06	2.816120e+06	2.807860e+06	2.819580e+06	2.814460e+06	2.812740e+06	2.810700e+06	2.827720e+06	2.821040e+06	2.804600e+06	2.824440e+06	2.818280e+06	2.819520e+06	2.810540e+06	2.815320e+06	2.821900e+06	2.810300e+06	2.819760e+06	2.817020e+06	2.830180e+06	2.804960e+06	2.808480e+06	2.821400e+06	2.809920e+06	2.816600e+06	2.796360e+06	2.826540e+06	2.812060e+06	2.802740e+06	2.813980e+06	2.793320e+06	2.810420e+06	2.809240e+06	2.803680e+06	2.806400e+06	2.810500e+06	2.809480e+06	2.814700e+06	2.803340e+06	2.796600e+06	2.809320e+06	2.803240e+06	2.803220e+06	2.805360e+06	2.799480e+06	2.806320e+06	2.804400e+06	2.805040e+06	2.789020e+06	2.807680e+06	2.811820e+06	2.795520e+06	2.805640e+06	2.798120e+06	2.798340e+06	2.799080e+06	2.814260e+06	2.807480e+06	2.796900e+06	2.809300e+06	2.791420e+06	2.800240e+06	2.807040e+06	2.810960e+06	2.804840e+06	2.810680e+06	2.822740e+06	2.799100e+06	2.809660e+06	2.798940e+06	2.807780e+06	2.805400e+06	2.806320e+06	2.803840e+06	2.800680e+06	2.813280e+06	2.792480e+06	2.809220e+06	2.808920e+06	2.811220e+06	2.791920e+06	2.799520e+06	2.790820e+06	2.799540e+06	2.805380e+06	2.801620e+06	2.809120e+06	2.801660e+06	2.806560e+06	2.801980e+06	2.799740e+06	2.806880e+06	2.803500e+06	2.806860e+06	2.807300e+06	2.791780e+06	2.800520e+06	2.801540e+06	2.803980e+06	2.810500e+06	2.797960e+06	2.801940e+06	2.813540e+06	2.801900e+06	2.805900e+06	2.807720e+06	2.812580e+06	2.811160e+06	2.818800e+06	2.816240e+06	2.817720e+06	2.819360e+06	2.810400e+06	2.817720e+06	2.819660e+06	2.815720e+06	2.819280e+06	2.815260e+06	2.812160e+06	2.803100e+06	2.825900e+06	2.815900e+06	2.818700e+06	2.809180e+06	2.817380e+06	2.814200e+06	2.820780e+06	2.815020e+06	2.823240e+06	2.823400e+06	2.819600e+06	2.825320e+06	2.815920e+06	2.808640e+06	2.813120e+06	2.816200e+06	2.813140e+06	2.804840e+06	2.810440e+06	2.815800e+06	2.811400e+06	2.821300e+06	2.814440e+06	2.815740e+06	2.803880e+06	2.815800e+06	2.805880e+06	2.809900e+06	2.807460e+06	2.815560e+06	2.821660e+06	2.807860e+06	2.811360e+06	2.812920e+06	2.817440e+06	2.816320e+06	2.821100e+06	2.810000e+06	2.814440e+06	2.815660e+06	2.821940e+06	2.823960e+06	2.800840e+06	2.807460e+06	2.814880e+06	2.817280e+06	2.824660e+06	2.819780e+06	2.804440e+06	2.827860e+06	2.810920e+06	2.818480e+06	2.816360e+06	2.809580e+06	2.819360e+06	2.815860e+06	2.816560e+06	2.812740e+06	2.815500e+06	2.810640e+06	2.812740e+06	2.804000e+06	2.824580e+06	2.815000e+06	2.810800e+06	2.815100e+06	2.815800e+06	2.815340e+06	2.820680e+06	2.821980e+06	2.810920e+06	2.817140e+06	2.828900e+06	2.816880e+06	2.814560e+06	2.806160e+06	2.810060e+06	2.823000e+06	2.807940e+06	2.810260e+06	2.815340e+06	2.819540e+06	2.816940e+06	2.814600e+06	2.809480e+06	2.810160e+06	2.802040e+06	2.818640e+06	2.817480e+06	2.806160e+06	2.806340e+06	2.810020e+06	2.821320e+06	2.818020e+06	2.819700e+06	2.823900e+06	2.810520e+06	2.822780e+06	2.822940e+06	2.815140e+06	2.817700e+06	2.810160e+06	2.812440e+06	2.825520e+06	2.811960e+06	2.810080e+06	2.813500e+06
