#Saved Data from the class odmr_logic on 23.06.2022 at 18h43m21s.
#
#Parameters:
#===========
#
#Microwave CW Power (dBm): -1.0000000000000000e+01
#Microwave Sweep Power (dBm): 0.0000000000000000e+00
#Run Time (s): 1.8000000000000000e+02
#Number of frequency sweeps (#): 12
#Start Frequency (Hz): 2.8000000000000000000000000
#Stop Frequency (Hz): 2.9500000000000000000000000
#Step size (Hz): 5.0000000000000000e+05
#Clock Frequencies (Hz): 20
#Channel: 0: /Dev1/Ctr3
#frequency range: 0
#
#Data:
#=====
#frequency (Hz)	count data (counts/s)	
2800000000000	2240042000
2800500000000	2238324000
2801000000000	2242889000
2801500000000	2241093000
2802000000000	2240151000
2802500000000	2240807000
2803000000000	2238802000
2803500000000	2240002000
2804000000000	2242255000
2804500000000	2242056000
2805000000000	2238169000
2805500000000	2239245000
2806000000000	2241913000
2806500000000	2243271000
2807000000000	2237867000
2807500000000	2239438000
2808000000000	2241631000
2808500000000	2241905000
2809000000000	2239855000
2809500000000	2240455000
2810000000000	2241422000
2810500000000	2239342000
2811000000000	2241333000
2811500000000	2241709000
2812000000000	2244320000
2812500000000	2242171000
2813000000000	2241033000
2813500000000	2234171000
2814000000000	2239105000
2814500000000	2242009000
2815000000000	2240816000
2815500000000	2240264000
2816000000000	2241931000
2816500000000	2240355000
2817000000000	2239647000
2817500000000	2240715000
2818000000000	2238656000
2818500000000	2237011000
2819000000000	2239056000
2819500000000	2241187000
2820000000000	2238545000
2820500000000	2240747000
2821000000000	2240769000
2821500000000	2241093000
2822000000000	2240429000
2822500000000	2240022000
2823000000000	2237109000
2823500000000	2239011000
2824000000000	2240645000
2824500000000	2243140000
2825000000000	2239600000
2825500000000	2238216000
2826000000000	2240625000
2826500000000	2239315000
2827000000000	2238782000
2827500000000	2238578000
2828000000000	2237567000
2828500000000	2241076000
2829000000000	2239295000
2829500000000	2240155000
2830000000000	2238440000
2830500000000	2242609000
2831000000000	2239216000
2831500000000	2237987000
2832000000000	2238969000
2832500000000	2239175000
2833000000000	2240411000
2833500000000	2241787000
2834000000000	2239985000
2834500000000	2239573000
2835000000000	2237509000
2835500000000	2234204000
2836000000000	2233576000
2836500000000	2232109000
2837000000000	2232938000
2837500000000	2238282000
2838000000000	2233544000
2838500000000	2233122000
2839000000000	2236265000
2839500000000	2234329000
2840000000000	2234289000
2840500000000	2234438000
2841000000000	2232165000
2841500000000	2233851000
2842000000000	2235122000
2842500000000	2237836000
2843000000000	2237475000
2843500000000	2239135000
2844000000000	2238516000
2844500000000	2237635000
2845000000000	2232558000
2845500000000	2232416000
2846000000000	2233082000
2846500000000	2231520000
2847000000000	2236871000
2847500000000	2231175000
2848000000000	2231707000
2848500000000	2230247000
2849000000000	2232907000
2849500000000	2236151000
2850000000000	2232755000
2850500000000	2230751000
2851000000000	2233545000
2851500000000	2241753000
2852000000000	2238311000
2852500000000	2238855000
2853000000000	2238280000
2853500000000	2238636000
2854000000000	2238476000
2854500000000	2241244000
2855000000000	2240738000
2855500000000	2238255000
2856000000000	2238136000
2856500000000	2236051000
2857000000000	2236758000
2857500000000	2239282000
2858000000000	2237447000
2858500000000	2238609000
2859000000000	2239245000
2859500000000	2241444000
2860000000000	2236256000
2860500000000	2234222000
2861000000000	2237309000
2861500000000	2234976000
2862000000000	2230209000
2862500000000	2228933000
2863000000000	2231805000
2863500000000	2229916000
2864000000000	2227611000
2864500000000	2230895000
2865000000000	2221053000
2865500000000	2220898000
2866000000000	2225369000
2866500000000	2226735000
2867000000000	2221138000
2867500000000	2227071000
2868000000000	2228755000
2868500000000	2235038000
2869000000000	2230507000
2869500000000	2229758000
2870000000000	2232551000
2870500000000	2231491000
2871000000000	2238629000
2871500000000	2234340000
2872000000000	2232222000
2872500000000	2231527000
2873000000000	2232902000
2873500000000	2229005000
2874000000000	2230416000
2874500000000	2224891000
2875000000000	2223058000
2875500000000	2223624000
2876000000000	2229195000
2876500000000	2227069000
2877000000000	2223722000
2877500000000	2227109000
2878000000000	2233545000
2878500000000	2230033000
2879000000000	2232004000
2879500000000	2231869000
2880000000000	2235858000
2880500000000	2234376000
2881000000000	2234905000
2881500000000	2236971000
2882000000000	2240407000
2882500000000	2238209000
2883000000000	2236855000
2883500000000	2239113000
2884000000000	2239544000
2884500000000	2238393000
2885000000000	2238342000
2885500000000	2239044000
2886000000000	2240820000
2886500000000	2237296000
2887000000000	2238640000
2887500000000	2236076000
2888000000000	2237207000
2888500000000	2234689000
2889000000000	2236291000
2889500000000	2237120000
2890000000000	2236415000
2890500000000	2232831000
2891000000000	2231789000
2891500000000	2232353000
2892000000000	2231862000
2892500000000	2233795000
2893000000000	2234785000
2893500000000	2232031000
2894000000000	2237615000
2894500000000	2232720000
2895000000000	2238124000
2895500000000	2233749000
2896000000000	2236013000
2896500000000	2235895000
2897000000000	2236647000
2897500000000	2238284000
2898000000000	2238462000
2898500000000	2237902000
2899000000000	2237698000
2899500000000	2234380000
2900000000000	2232265000
2900500000000	2233553000
2901000000000	2233082000
2901500000000	2236025000
2902000000000	2235776000
2902500000000	2234049000
2903000000000	2233867000
2903500000000	2241220000
2904000000000	2235336000
2904500000000	2234647000
2905000000000	2231909000
2905500000000	2235109000
2906000000000	2235424000
2906500000000	2240482000
2907000000000	2239618000
2907500000000	2239789000
2908000000000	2238531000
2908500000000	2241216000
2909000000000	2239935000
2909500000000	2237745000
2910000000000	2239747000
2910500000000	2240135000
2911000000000	2239193000
2911500000000	2240947000
2912000000000	2241978000
2912500000000	2237411000
2913000000000	2240051000
2913500000000	2243505000
2914000000000	2239607000
2914500000000	2240540000
2915000000000	2238940000
2915500000000	2238631000
2916000000000	2242460000
2916500000000	2237253000
2917000000000	2239531000
2917500000000	2243325000
2918000000000	2240913000
2918500000000	2244180000
2919000000000	2243016000
2919500000000	2240209000
2920000000000	2240033000
2920500000000	2241631000
2921000000000	2242615000
2921500000000	2243818000
2922000000000	2242167000
2922500000000	2241525000
2923000000000	2242196000
2923500000000	2241435000
2924000000000	2242833000
2924500000000	2239427000
2925000000000	2240453000
2925500000000	2241358000
2926000000000	2244244000
2926500000000	2240056000
2927000000000	2238882000
2927500000000	2237924000
2928000000000	2244318000
2928500000000	2240613000
2929000000000	2241433000
2929500000000	2239204000
2930000000000	2242151000
2930500000000	2243738000
2931000000000	2240116000
2931500000000	2241055000
2932000000000	2241716000
2932500000000	2238364000
2933000000000	2242415000
2933500000000	2242545000
2934000000000	2237642000
2934500000000	2243100000
2935000000000	2242547000
2935500000000	2241638000
2936000000000	2238631000
2936500000000	2239720000
2937000000000	2241622000
2937500000000	2240747000
2938000000000	2242182000
2938500000000	2240707000
2939000000000	2241373000
2939500000000	2241100000
2940000000000	2242989000
2940500000000	2240105000
2941000000000	2242893000
2941500000000	2243955000
2942000000000	2241273000
2942500000000	2242385000
2943000000000	2242747000
2943500000000	2241125000
2944000000000	2238982000
2944500000000	2239698000
2945000000000	2240295000
2945500000000	2239444000
2946000000000	2237449000
2946500000000	2240035000
2947000000000	2239211000
2947500000000	2243220000
2948000000000	2244378000
2948500000000	2241980000
2949000000000	2238285000
2949500000000	2240422000
2950000000000	2238162000
