#Saved Data from the class odmr_logic on 15.07.2022 at 12h35m33s.
#
#Parameters:
#===========
#
#Microwave CW Power (dBm): -1.0000000000000000e+01
#Microwave Sweep Power (dBm): 0.0000000000000000e+00
#Run Time (s): 3.0000000000000000e+02
#Number of frequency sweeps (#): 74
#Start Frequencies (Hz): [2800000000.0]
#Stop Frequencies (Hz): [2950000000.0]
#Step sizes (Hz): [2000000.0]
#Clock Frequencies (Hz): 20
#Channel: 0: /Dev1/Ctr3
#
#Data:
#=====
#count data (counts/s)
4.331420e+06	4.316000e+06	4.298600e+06	4.333240e+06	4.322500e+06	4.316280e+06	4.323860e+06	4.337720e+06	4.327080e+06	4.331200e+06	4.337440e+06	4.335740e+06	4.315840e+06	4.304700e+06	4.336140e+06	4.321700e+06	4.300120e+06	4.329240e+06	4.310420e+06	4.319140e+06	4.315460e+06	4.318160e+06	4.321000e+06	4.318020e+06	4.323200e+06	4.313600e+06	4.322680e+06	4.303120e+06	4.320320e+06	4.324480e+06	4.317880e+06	4.322920e+06	4.338040e+06	4.340500e+06	4.337460e+06	4.325580e+06	4.333380e+06	4.333060e+06	4.327840e+06	4.333360e+06	4.328840e+06	4.333600e+06	4.327480e+06	4.333920e+06	4.345920e+06	4.320820e+06	4.317720e+06	4.318120e+06	4.305680e+06	4.318860e+06	4.299340e+06	4.289180e+06	4.342300e+06	4.320780e+06	4.325620e+06	4.323780e+06	4.309960e+06	4.326680e+06	4.326100e+06	4.326880e+06	4.326280e+06	4.322740e+06	4.331720e+06	4.338120e+06	4.330560e+06	4.339300e+06	4.328880e+06	4.318040e+06	4.336620e+06	4.333520e+06	4.328260e+06	4.351680e+06	4.346940e+06	4.331560e+06	4.333260e+06	4.340420e+06
4.327960e+06	4.322640e+06	4.317600e+06	4.338180e+06	4.328160e+06	4.327640e+06	4.319080e+06	4.329020e+06	4.324180e+06	4.320800e+06	4.320420e+06	4.314220e+06	4.325020e+06	4.317120e+06	4.332220e+06	4.303660e+06	4.315500e+06	4.335400e+06	4.307360e+06	4.313760e+06	4.309120e+06	4.315100e+06	4.313200e+06	4.312980e+06	4.318140e+06	4.296140e+06	4.315440e+06	4.325920e+06	4.322600e+06	4.320440e+06	4.326260e+06	4.328300e+06	4.331400e+06	4.332380e+06	4.322940e+06	4.327420e+06	4.329160e+06	4.331320e+06	4.324700e+06	4.329260e+06	4.319060e+06	4.325180e+06	4.323240e+06	4.315200e+06	4.318440e+06	4.320040e+06	4.324040e+06	4.329760e+06	4.329880e+06	4.328020e+06	4.299060e+06	4.314620e+06	4.315580e+06	4.346480e+06	4.327200e+06	4.319960e+06	4.310340e+06	4.307700e+06	4.324240e+06	4.315220e+06	4.337280e+06	4.328680e+06	4.329560e+06	4.338300e+06	4.340020e+06	4.325760e+06	4.328320e+06	4.325640e+06	4.326760e+06	4.323960e+06	4.345780e+06	4.317460e+06	4.317400e+06	4.339060e+06	4.333960e+06	4.326340e+06
4.318920e+06	4.324620e+06	4.314560e+06	4.332200e+06	4.331000e+06	4.323660e+06	4.321880e+06	4.320420e+06	4.321040e+06	4.329980e+06	4.327160e+06	4.319460e+06	4.322200e+06	4.316720e+06	4.311880e+06	4.310800e+06	4.313740e+06	4.322380e+06	4.325880e+06	4.316520e+06	4.317380e+06	4.309820e+06	4.316980e+06	4.318940e+06	4.328520e+06	4.305920e+06	4.312180e+06	4.322020e+06	4.317640e+06	4.325660e+06	4.334980e+06	4.326280e+06	4.334240e+06	4.337600e+06	4.337240e+06	4.342200e+06	4.321140e+06	4.330020e+06	4.309360e+06	4.318080e+06	4.322100e+06	4.324520e+06	4.322920e+06	4.321540e+06	4.327880e+06	4.305000e+06	4.326080e+06	4.306000e+06	4.317140e+06	4.316700e+06	4.309680e+06	4.309020e+06	4.318260e+06	4.306740e+06	4.309540e+06	4.310700e+06	4.318520e+06	4.309160e+06	4.318480e+06	4.310000e+06	4.327780e+06	4.322540e+06	4.311820e+06	4.314640e+06	4.325140e+06	4.323820e+06	4.330500e+06	4.323280e+06	4.328480e+06	4.337060e+06	4.317600e+06	4.327780e+06	4.329920e+06	4.319200e+06	4.337400e+06	4.315660e+06
4.325600e+06	4.312660e+06	4.318960e+06	4.316100e+06	4.319040e+06	4.315800e+06	4.338400e+06	4.332540e+06	4.322160e+06	4.334920e+06	4.310560e+06	4.324700e+06	4.314500e+06	4.316820e+06	4.306340e+06	4.309120e+06	4.328980e+06	4.332120e+06	4.316680e+06	4.326520e+06	4.325380e+06	4.295960e+06	4.313740e+06	4.336380e+06	4.323900e+06	4.326540e+06	4.318500e+06	4.316480e+06	4.334760e+06	4.326800e+06	4.328580e+06	4.328160e+06	4.330960e+06	4.334440e+06	4.313960e+06	4.334000e+06	4.326520e+06	4.320640e+06	4.317840e+06	4.320100e+06	4.329400e+06	4.325280e+06	4.327720e+06	4.318280e+06	4.320180e+06	4.329700e+06	4.320260e+06	4.326320e+06	4.315560e+06	4.312060e+06	4.299880e+06	4.301760e+06	4.322260e+06	4.325880e+06	4.320860e+06	4.309780e+06	4.317760e+06	4.296720e+06	4.317000e+06	4.316900e+06	4.324000e+06	4.328500e+06	4.331740e+06	4.330700e+06	4.307780e+06	4.331540e+06	4.329300e+06	4.326640e+06	4.309140e+06	4.324660e+06	4.322560e+06	4.315620e+06	4.304280e+06	4.334840e+06	4.333660e+06	4.322280e+06
4.331320e+06	4.319860e+06	4.321280e+06	4.321480e+06	4.331060e+06	4.336040e+06	4.320140e+06	4.317400e+06	4.318520e+06	4.323080e+06	4.330560e+06	4.334880e+06	4.319660e+06	4.308660e+06	4.314860e+06	4.312500e+06	4.303260e+06	4.310060e+06	4.316640e+06	4.318780e+06	4.314940e+06	4.319400e+06	4.318140e+06	4.325600e+06	4.317580e+06	4.322300e+06	4.308120e+06	4.320360e+06	4.313680e+06	4.324680e+06	4.333740e+06	4.321500e+06	4.315740e+06	4.321140e+06	4.334000e+06	4.327160e+06	4.314040e+06	4.328720e+06	4.340300e+06	4.343860e+06	4.330040e+06	4.327060e+06	4.332640e+06	4.324500e+06	4.321500e+06	4.315860e+06	4.328820e+06	4.337200e+06	4.324840e+06	4.327380e+06	4.303500e+06	4.303460e+06	4.322140e+06	4.320500e+06	4.326560e+06	4.319420e+06	4.317640e+06	4.317080e+06	4.334280e+06	4.327300e+06	4.318400e+06	4.326780e+06	4.334780e+06	4.331100e+06	4.324460e+06	4.326940e+06	4.338660e+06	4.337040e+06	4.324560e+06	4.328160e+06	4.345320e+06	4.312520e+06	4.323060e+06	4.326120e+06	4.332380e+06	4.339720e+06
4.330460e+06	4.332920e+06	4.336720e+06	4.330700e+06	4.323660e+06	4.333660e+06	4.321640e+06	4.328860e+06	4.331720e+06	4.316040e+06	4.313740e+06	4.311680e+06	4.309820e+06	4.316460e+06	4.318780e+06	4.313560e+06	4.321780e+06	4.322820e+06	4.325280e+06	4.314380e+06	4.310180e+06	4.325620e+06	4.310660e+06	4.318440e+06	4.320200e+06	4.321540e+06	4.318860e+06	4.324500e+06	4.324460e+06	4.323160e+06	4.338780e+06	4.328220e+06	4.331380e+06	4.349300e+06	4.320540e+06	4.327960e+06	4.328220e+06	4.341880e+06	4.330140e+06	4.338280e+06	4.333640e+06	4.341420e+06	4.324400e+06	4.333200e+06	4.335080e+06	4.322400e+06	4.308400e+06	4.311660e+06	4.321440e+06	4.321400e+06	4.315700e+06	4.291500e+06	4.324740e+06	4.318300e+06	4.318520e+06	4.314380e+06	4.309820e+06	4.312420e+06	4.325480e+06	4.339100e+06	4.331700e+06	4.331180e+06	4.334800e+06	4.340280e+06	4.321200e+06	4.314860e+06	4.339760e+06	4.331380e+06	4.318740e+06	4.330360e+06	4.335760e+06	4.332020e+06	4.330900e+06	4.341000e+06	4.321940e+06	4.333180e+06
4.335060e+06	4.340120e+06	4.317880e+06	4.340900e+06	4.320700e+06	4.331960e+06	4.337900e+06	4.335580e+06	4.325860e+06	4.336600e+06	4.327320e+06	4.324000e+06	4.325620e+06	4.312660e+06	4.324080e+06	4.321280e+06	4.312460e+06	4.321480e+06	4.339760e+06	4.339140e+06	4.321060e+06	4.315440e+06	4.329400e+06	4.318900e+06	4.321920e+06	4.333680e+06	4.331880e+06	4.330740e+06	4.327440e+06	4.337060e+06	4.339680e+06	4.335460e+06	4.331740e+06	4.318500e+06	4.317780e+06	4.341200e+06	4.329280e+06	4.330760e+06	4.321660e+06	4.326120e+06	4.333160e+06	4.338660e+06	4.321380e+06	4.337120e+06	4.324560e+06	4.333620e+06	4.305400e+06	4.316520e+06	4.330500e+06	4.323120e+06	4.306740e+06	4.315920e+06	4.332680e+06	4.324060e+06	4.315980e+06	4.313320e+06	4.322420e+06	4.319640e+06	4.321480e+06	4.335500e+06	4.330340e+06	4.338760e+06	4.346980e+06	4.337860e+06	4.332300e+06	4.332980e+06	4.326940e+06	4.327120e+06	4.329240e+06	4.338160e+06	4.338360e+06	4.342220e+06	4.335680e+06	4.328740e+06	4.335920e+06	4.334180e+06
4.349280e+06	4.325040e+06	4.330620e+06	4.349460e+06	4.345040e+06	4.333560e+06	4.346460e+06	4.338440e+06	4.335380e+06	4.334600e+06	4.337920e+06	4.313980e+06	4.327940e+06	4.340020e+06	4.326880e+06	4.319660e+06	4.312940e+06	4.330920e+06	4.318280e+06	4.315020e+06	4.311600e+06	4.312640e+06	4.304080e+06	4.322380e+06	4.323660e+06	4.328780e+06	4.319500e+06	4.322100e+06	4.335300e+06	4.328360e+06	4.318140e+06	4.337540e+06	4.317420e+06	4.337320e+06	4.341960e+06	4.332540e+06	4.332140e+06	4.341020e+06	4.316200e+06	4.321400e+06	4.318580e+06	4.332800e+06	4.326260e+06	4.333320e+06	4.327740e+06	4.322680e+06	4.344200e+06	4.316740e+06	4.332100e+06	4.330400e+06	4.323900e+06	4.315820e+06	4.337400e+06	4.322200e+06	4.326780e+06	4.316600e+06	4.321740e+06	4.321620e+06	4.331280e+06	4.339420e+06	4.328660e+06	4.324280e+06	4.351100e+06	4.332880e+06	4.342320e+06	4.336400e+06	4.329160e+06	4.341880e+06	4.345620e+06	4.328240e+06	4.340620e+06	4.320000e+06	4.331760e+06	4.347780e+06	4.340240e+06	4.341720e+06
4.345980e+06	4.337180e+06	4.325100e+06	4.310640e+06	4.325460e+06	4.329120e+06	4.332620e+06	4.333120e+06	4.329560e+06	4.332760e+06	4.333320e+06	4.339200e+06	4.334600e+06	4.322980e+06	4.312360e+06	4.310760e+06	4.323220e+06	4.323060e+06	4.319420e+06	4.313800e+06	4.308840e+06	4.319600e+06	4.312800e+06	4.315020e+06	4.323760e+06	4.329080e+06	4.319120e+06	4.330980e+06	4.336200e+06	4.321240e+06	4.339460e+06	4.333740e+06	4.333900e+06	4.337760e+06	4.335980e+06	4.321140e+06	4.331300e+06	4.333420e+06	4.332140e+06	4.336420e+06	4.325100e+06	4.341580e+06	4.336220e+06	4.328080e+06	4.323540e+06	4.336580e+06	4.320360e+06	4.322220e+06	4.334660e+06	4.307480e+06	4.334460e+06	4.311080e+06	4.323540e+06	4.328140e+06	4.326920e+06	4.309780e+06	4.317600e+06	4.322060e+06	4.347300e+06	4.317040e+06	4.317340e+06	4.326040e+06	4.328820e+06	4.331480e+06	4.337220e+06	4.336500e+06	4.325720e+06	4.322300e+06	4.334780e+06	4.332280e+06	4.327000e+06	4.333240e+06	4.344400e+06	4.332740e+06	4.338980e+06	4.342880e+06
4.323700e+06	4.338840e+06	4.334720e+06	4.321020e+06	4.348040e+06	4.319820e+06	4.336180e+06	4.324640e+06	4.332780e+06	4.351100e+06	4.359900e+06	4.344960e+06	4.331740e+06	4.331020e+06	4.324840e+06	4.335600e+06	4.317960e+06	4.333780e+06	4.329020e+06	4.314340e+06	4.335120e+06	4.337480e+06	4.321020e+06	4.319860e+06	4.312600e+06	4.332300e+06	4.319740e+06	4.325880e+06	4.330300e+06	4.332180e+06	4.342320e+06	4.323740e+06	4.334460e+06	4.329060e+06	4.339900e+06	4.332720e+06	4.338060e+06	4.335600e+06	4.344200e+06	4.334560e+06	4.326120e+06	4.334340e+06	4.332600e+06	4.334700e+06	4.326720e+06	4.327060e+06	4.329900e+06	4.326440e+06	4.331900e+06	4.305540e+06	4.319340e+06	4.309420e+06	4.329260e+06	4.336700e+06	4.342860e+06	4.312340e+06	4.314100e+06	4.318160e+06	4.316420e+06	4.317100e+06	4.334500e+06	4.337520e+06	4.336100e+06	4.326740e+06	4.330540e+06	4.345780e+06	4.324720e+06	4.330820e+06	4.320100e+06	4.334380e+06	4.332460e+06	4.338220e+06	4.347440e+06	4.337940e+06	4.328220e+06	4.332220e+06
4.342820e+06	4.337900e+06	4.351880e+06	4.350440e+06	4.340140e+06	4.329880e+06	4.339440e+06	4.339040e+06	4.347520e+06	4.343600e+06	4.332180e+06	4.334120e+06	4.331960e+06	4.342300e+06	4.332400e+06	4.326760e+06	4.322380e+06	4.323920e+06	4.336060e+06	4.341400e+06	4.326460e+06	4.332760e+06	4.332260e+06	4.325240e+06	4.334460e+06	4.331480e+06	4.329100e+06	4.328140e+06	4.317520e+06	4.336300e+06	4.340220e+06	4.349060e+06	4.339580e+06	4.346920e+06	4.335880e+06	4.338120e+06	4.333980e+06	4.348380e+06	4.348360e+06	4.331620e+06	4.336880e+06	4.323340e+06	4.340180e+06	4.323500e+06	4.337100e+06	4.322800e+06	4.334740e+06	4.313940e+06	4.335420e+06	4.315380e+06	4.312640e+06	4.322720e+06	4.321520e+06	4.341360e+06	4.327100e+06	4.321580e+06	4.335380e+06	4.336580e+06	4.333440e+06	4.326820e+06	4.331520e+06	4.346680e+06	4.355600e+06	4.335860e+06	4.327480e+06	4.342820e+06	4.343660e+06	4.326780e+06	4.335120e+06	4.341140e+06	4.340140e+06	4.333340e+06	4.336500e+06	4.334540e+06	4.343440e+06	4.340380e+06
4.343180e+06	4.353520e+06	4.349700e+06	4.340640e+06	4.353320e+06	4.351900e+06	4.351760e+06	4.340220e+06	4.326820e+06	4.339820e+06	4.341260e+06	4.347560e+06	4.344860e+06	4.336800e+06	4.325580e+06	4.328100e+06	4.314520e+06	4.321700e+06	4.328760e+06	4.325180e+06	4.330800e+06	4.342400e+06	4.311320e+06	4.309060e+06	4.342720e+06	4.329640e+06	4.332100e+06	4.344980e+06	4.322940e+06	4.329120e+06	4.331140e+06	4.342840e+06	4.357380e+06	4.331320e+06	4.344060e+06	4.354180e+06	4.343980e+06	4.331060e+06	4.349540e+06	4.338760e+06	4.345640e+06	4.334480e+06	4.327940e+06	4.331480e+06	4.328380e+06	4.341900e+06	4.325380e+06	4.339340e+06	4.325160e+06	4.321680e+06	4.330100e+06	4.335300e+06	4.337620e+06	4.338740e+06	4.337620e+06	4.330340e+06	4.321680e+06	4.337500e+06	4.347320e+06	4.338880e+06	4.329800e+06	4.322780e+06	4.328260e+06	4.330480e+06	4.335680e+06	4.339280e+06	4.321980e+06	4.335660e+06	4.345300e+06	4.335060e+06	4.337600e+06	4.342680e+06	4.343880e+06	4.339480e+06	4.338320e+06	4.333860e+06
4.341960e+06	4.346600e+06	4.357220e+06	4.352680e+06	4.369200e+06	4.361480e+06	4.357300e+06	4.347120e+06	4.346200e+06	4.344300e+06	4.345020e+06	4.351080e+06	4.342440e+06	4.345900e+06	4.334500e+06	4.324640e+06	4.332700e+06	4.333320e+06	4.341400e+06	4.334160e+06	4.338880e+06	4.342340e+06	4.320080e+06	4.328140e+06	4.356800e+06	4.316160e+06	4.326320e+06	4.334040e+06	4.346160e+06	4.339240e+06	4.336600e+06	4.340560e+06	4.336680e+06	4.335740e+06	4.349840e+06	4.351240e+06	4.338560e+06	4.332520e+06	4.330040e+06	4.337800e+06	4.343740e+06	4.343340e+06	4.341660e+06	4.343500e+06	4.353380e+06	4.331080e+06	4.340560e+06	4.345260e+06	4.322020e+06	4.324500e+06	4.312980e+06	4.325640e+06	4.327220e+06	4.341120e+06	4.329240e+06	4.332700e+06	4.305960e+06	4.335520e+06	4.333540e+06	4.344820e+06	4.341940e+06	4.336520e+06	4.347300e+06	4.359380e+06	4.349700e+06	4.336380e+06	4.347340e+06	4.348320e+06	4.342760e+06	4.344720e+06	4.331080e+06	4.349280e+06	4.363440e+06	4.341680e+06	4.327260e+06	4.337900e+06
4.352560e+06	4.351640e+06	4.341340e+06	4.332760e+06	4.354720e+06	4.346100e+06	4.341780e+06	4.345500e+06	4.336080e+06	4.348800e+06	4.345820e+06	4.350740e+06	4.344520e+06	4.351640e+06	4.335980e+06	4.324920e+06	4.329040e+06	4.344720e+06	4.339800e+06	4.321180e+06	4.355260e+06	4.308540e+06	4.331240e+06	4.333280e+06	4.323040e+06	4.321540e+06	4.328280e+06	4.338780e+06	4.355400e+06	4.331040e+06	4.339900e+06	4.334340e+06	4.345020e+06	4.339440e+06	4.336140e+06	4.353840e+06	4.349920e+06	4.336540e+06	4.338920e+06	4.340720e+06	4.354200e+06	4.339500e+06	4.338860e+06	4.346080e+06	4.341140e+06	4.346740e+06	4.350880e+06	4.331280e+06	4.343500e+06	4.317240e+06	4.320580e+06	4.326220e+06	4.339420e+06	4.340620e+06	4.328520e+06	4.348640e+06	4.339980e+06	4.336980e+06	4.344860e+06	4.337080e+06	4.345060e+06	4.348520e+06	4.353300e+06	4.349220e+06	4.352060e+06	4.342780e+06	4.355800e+06	4.349180e+06	4.354380e+06	4.357420e+06	4.344620e+06	4.343700e+06	4.349020e+06	4.351200e+06	4.324420e+06	4.333080e+06
4.340620e+06	4.329780e+06	4.324620e+06	4.339020e+06	4.340440e+06	4.329740e+06	4.333760e+06	4.332380e+06	4.341920e+06	4.347600e+06	4.326600e+06	4.338880e+06	4.331940e+06	4.336000e+06	4.334640e+06	4.314440e+06	4.319380e+06	4.327880e+06	4.322440e+06	4.327180e+06	4.319640e+06	4.328060e+06	4.327720e+06	4.332580e+06	4.328800e+06	4.325180e+06	4.325660e+06	4.344860e+06	4.365980e+06	4.347700e+06	4.341380e+06	4.341120e+06	4.357880e+06	4.355560e+06	4.345480e+06	4.358420e+06	4.342980e+06	4.345680e+06	4.351200e+06	4.335360e+06	4.363220e+06	4.348080e+06	4.359400e+06	4.354640e+06	4.346380e+06	4.344360e+06	4.326280e+06	4.326700e+06	4.324840e+06	4.323740e+06	4.339980e+06	4.301800e+06	4.316920e+06	4.350980e+06	4.324820e+06	4.335460e+06	4.330260e+06	4.326320e+06	4.342920e+06	4.335060e+06	4.346640e+06	4.350280e+06	4.342600e+06	4.336720e+06	4.351560e+06	4.349700e+06	4.335800e+06	4.330520e+06	4.349940e+06	4.340320e+06	4.334640e+06	4.351140e+06	4.340980e+06	4.349660e+06	4.351140e+06	4.343760e+06
4.327180e+06	4.334260e+06	4.328720e+06	4.330540e+06	4.333840e+06	4.332360e+06	4.336080e+06	4.324200e+06	4.327880e+06	4.334520e+06	4.327300e+06	4.323380e+06	4.345400e+06	4.329140e+06	4.321700e+06	4.309580e+06	4.312460e+06	4.339920e+06	4.336580e+06	4.327760e+06	4.326240e+06	4.328060e+06	4.323120e+06	4.324480e+06	4.345900e+06	4.321860e+06	4.316440e+06	4.321900e+06	4.324920e+06	4.344580e+06	4.337040e+06	4.334480e+06	4.337060e+06	4.330940e+06	4.317140e+06	4.326600e+06	4.330060e+06	4.331300e+06	4.336780e+06	4.338500e+06	4.347500e+06	4.340240e+06	4.341320e+06	4.320440e+06	4.329820e+06	4.331100e+06	4.328580e+06	4.329260e+06	4.322220e+06	4.319200e+06	4.324900e+06	4.314540e+06	4.324640e+06	4.353060e+06	4.334140e+06	4.312220e+06	4.325380e+06	4.326120e+06	4.325760e+06	4.324280e+06	4.343580e+06	4.331780e+06	4.338280e+06	4.328460e+06	4.339380e+06	4.339900e+06	4.324920e+06	4.337440e+06	4.322920e+06	4.332440e+06	4.328220e+06	4.343860e+06	4.334560e+06	4.338440e+06	4.330120e+06	4.338900e+06
4.347520e+06	4.336020e+06	4.327680e+06	4.337140e+06	4.325720e+06	4.335920e+06	4.325720e+06	4.333200e+06	4.335720e+06	4.342980e+06	4.322940e+06	4.335740e+06	4.322640e+06	4.323120e+06	4.319580e+06	4.331880e+06	4.330280e+06	4.331240e+06	4.324940e+06	4.339720e+06	4.319180e+06	4.320280e+06	4.319180e+06	4.329680e+06	4.347400e+06	4.322320e+06	4.326140e+06	4.329600e+06	4.333480e+06	4.323480e+06	4.336840e+06	4.331340e+06	4.327780e+06	4.347320e+06	4.343440e+06	4.344720e+06	4.335140e+06	4.333840e+06	4.348520e+06	4.331560e+06	4.333940e+06	4.330060e+06	4.328740e+06	4.332760e+06	4.335100e+06	4.339520e+06	4.342920e+06	4.325280e+06	4.332820e+06	4.323720e+06	4.330380e+06	4.301880e+06	4.322040e+06	4.349920e+06	4.331100e+06	4.321600e+06	4.319440e+06	4.321300e+06	4.347780e+06	4.322920e+06	4.331180e+06	4.331400e+06	4.328080e+06	4.332200e+06	4.355280e+06	4.336300e+06	4.355840e+06	4.336480e+06	4.337080e+06	4.325940e+06	4.337020e+06	4.335960e+06	4.343380e+06	4.339880e+06	4.322100e+06	4.325420e+06
4.447000e+06	4.435240e+06	4.421520e+06	4.429280e+06	4.419300e+06	4.328000e+06	4.345040e+06	4.335200e+06	4.342700e+06	4.337920e+06	4.332260e+06	4.333300e+06	4.329940e+06	4.320480e+06	4.310720e+06	4.316580e+06	4.325980e+06	4.318400e+06	4.342060e+06	4.339140e+06	4.329420e+06	4.311740e+06	4.315460e+06	4.325420e+06	4.326440e+06	4.332380e+06	4.341660e+06	4.325260e+06	4.320320e+06	4.329540e+06	4.341980e+06	4.332580e+06	4.334660e+06	4.340520e+06	4.346980e+06	4.332920e+06	4.333400e+06	4.345160e+06	4.327220e+06	4.335360e+06	4.333080e+06	4.348520e+06	4.344660e+06	4.334000e+06	4.326480e+06	4.333440e+06	4.332680e+06	4.332880e+06	4.333100e+06	4.324680e+06	4.318020e+06	4.319720e+06	4.336760e+06	4.343760e+06	4.317800e+06	4.313720e+06	4.323220e+06	4.319720e+06	4.340720e+06	4.343960e+06	4.346140e+06	4.334880e+06	4.336560e+06	4.337240e+06	4.331940e+06	4.336200e+06	4.325380e+06	4.328740e+06	4.334480e+06	4.328120e+06	4.334820e+06	4.346560e+06	4.346200e+06	4.343960e+06	4.331700e+06	4.339360e+06
4.454440e+06	4.448200e+06	4.442720e+06	4.437480e+06	4.440460e+06	4.438420e+06	4.445760e+06	4.432420e+06	4.435940e+06	4.445020e+06	4.431360e+06	4.431820e+06	4.445000e+06	4.423020e+06	4.438420e+06	4.447400e+06	4.441260e+06	4.421820e+06	4.427580e+06	4.436580e+06	4.433380e+06	4.435660e+06	4.431980e+06	4.424440e+06	4.436000e+06	4.420600e+06	4.426080e+06	4.428100e+06	4.439760e+06	4.433120e+06	4.439080e+06	4.442740e+06	4.435720e+06	4.435260e+06	4.435780e+06	4.429760e+06	4.442940e+06	4.434480e+06	4.434040e+06	4.438920e+06	4.423120e+06	4.417540e+06	4.433160e+06	4.425240e+06	4.430700e+06	4.425380e+06	4.404100e+06	4.418380e+06	4.419960e+06	4.410560e+06	4.422600e+06	4.399960e+06	4.399920e+06	4.419340e+06	4.425100e+06	4.421600e+06	4.392880e+06	4.400140e+06	4.432300e+06	4.423140e+06	4.421600e+06	4.425400e+06	4.431080e+06	4.425960e+06	4.423660e+06	4.421240e+06	4.430060e+06	4.415880e+06	4.435360e+06	4.433080e+06	4.437860e+06	4.429140e+06	4.432720e+06	4.434960e+06	4.426040e+06	4.435020e+06
4.448460e+06	4.442100e+06	4.437240e+06	4.443180e+06	4.446340e+06	4.443500e+06	4.440900e+06	4.436080e+06	4.425000e+06	4.443100e+06	4.440640e+06	4.440560e+06	4.446660e+06	4.440440e+06	4.445220e+06	4.435400e+06	4.440460e+06	4.432520e+06	4.431960e+06	4.434160e+06	4.419660e+06	4.424580e+06	4.433520e+06	4.415400e+06	4.439980e+06	4.434320e+06	4.439920e+06	4.431020e+06	4.447960e+06	4.438680e+06	4.453000e+06	4.436900e+06	4.439560e+06	4.456140e+06	4.434340e+06	4.436960e+06	4.449440e+06	4.452800e+06	4.443600e+06	4.436580e+06	4.452180e+06	4.471860e+06	4.447120e+06	4.456160e+06	4.451140e+06	4.433980e+06	4.436900e+06	4.433180e+06	4.439320e+06	4.417920e+06	4.414940e+06	4.418520e+06	4.428020e+06	4.427900e+06	4.434200e+06	4.417660e+06	4.425320e+06	4.423180e+06	4.438000e+06	4.430440e+06	4.434780e+06	4.441740e+06	4.437600e+06	4.433780e+06	4.423260e+06	4.438860e+06	4.440640e+06	4.437080e+06	4.455960e+06	4.433120e+06	4.436680e+06	4.444980e+06	4.445980e+06	4.439000e+06	4.440800e+06	4.440500e+06
4.449420e+06	4.432180e+06	4.447140e+06	4.450140e+06	4.442480e+06	4.448320e+06	4.435480e+06	4.456140e+06	4.438220e+06	4.456800e+06	4.449620e+06	4.440440e+06	4.437360e+06	4.440260e+06	4.437340e+06	4.435340e+06	4.436820e+06	4.448920e+06	4.437900e+06	4.441920e+06	4.433040e+06	4.438880e+06	4.437500e+06	4.414060e+06	4.441560e+06	4.438900e+06	4.432300e+06	4.451860e+06	4.454980e+06	4.444420e+06	4.444940e+06	4.449780e+06	4.436560e+06	4.456600e+06	4.450320e+06	4.455540e+06	4.460320e+06	4.434180e+06	4.417700e+06	4.443720e+06	4.444100e+06	4.455920e+06	4.435080e+06	4.440020e+06	4.455000e+06	4.442660e+06	4.450640e+06	4.451720e+06	4.433140e+06	4.432780e+06	4.426340e+06	4.411840e+06	4.423840e+06	4.438160e+06	4.442060e+06	4.432920e+06	4.434480e+06	4.433360e+06	4.430580e+06	4.447760e+06	4.439420e+06	4.450500e+06	4.436740e+06	4.442860e+06	4.446440e+06	4.447940e+06	4.437960e+06	4.422000e+06	4.434700e+06	4.450860e+06	4.449740e+06	4.445000e+06	4.441620e+06	4.431560e+06	4.448640e+06	4.442160e+06
4.426800e+06	4.446040e+06	4.441720e+06	4.445460e+06	4.429460e+06	4.428260e+06	4.442540e+06	4.427600e+06	4.430540e+06	4.437620e+06	4.449440e+06	4.433540e+06	4.432400e+06	4.439560e+06	4.424860e+06	4.431340e+06	4.418820e+06	4.427720e+06	4.441520e+06	4.427820e+06	4.423980e+06	4.423120e+06	4.427720e+06	4.421980e+06	4.434140e+06	4.421040e+06	4.419980e+06	4.429100e+06	4.448160e+06	4.445660e+06	4.440400e+06	4.437420e+06	4.456340e+06	4.445240e+06	4.440960e+06	4.460160e+06	4.434620e+06	4.437540e+06	4.453620e+06	4.432940e+06	4.434220e+06	4.419260e+06	4.447000e+06	4.438600e+06	4.426640e+06	4.435740e+06	4.446120e+06	4.444080e+06	4.443160e+06	4.435380e+06	4.423420e+06	4.423640e+06	4.442040e+06	4.445560e+06	4.447820e+06	4.433180e+06	4.439760e+06	4.444360e+06	4.438760e+06	4.449980e+06	4.447820e+06	4.444720e+06	4.446620e+06	4.448160e+06	4.455080e+06	4.452220e+06	4.450520e+06	4.447400e+06	4.454800e+06	4.452620e+06	4.452060e+06	4.434420e+06	4.449620e+06	4.454000e+06	4.439240e+06	4.446080e+06
4.420020e+06	4.425420e+06	4.441620e+06	4.449380e+06	4.429600e+06	4.441200e+06	4.437120e+06	4.437580e+06	4.442000e+06	4.437060e+06	4.437160e+06	4.419900e+06	4.430240e+06	4.424320e+06	4.415520e+06	4.418140e+06	4.414020e+06	4.426520e+06	4.414940e+06	4.413020e+06	4.422560e+06	4.414860e+06	4.422760e+06	4.423320e+06	4.440360e+06	4.423160e+06	4.416920e+06	4.436560e+06	4.440860e+06	4.434900e+06	4.423740e+06	4.425440e+06	4.423940e+06	4.437260e+06	4.439300e+06	4.434360e+06	4.432960e+06	4.436020e+06	4.442960e+06	4.441840e+06	4.432000e+06	4.436960e+06	4.436440e+06	4.424880e+06	4.422760e+06	4.426580e+06	4.426620e+06	4.419560e+06	4.440500e+06	4.408160e+06	4.407460e+06	4.419580e+06	4.419980e+06	4.428500e+06	4.432560e+06	4.416900e+06	4.415640e+06	4.431600e+06	4.437820e+06	4.441820e+06	4.437140e+06	4.413120e+06	4.420460e+06	4.428860e+06	4.447140e+06	4.437100e+06	4.432080e+06	4.437420e+06	4.431760e+06	4.437180e+06	4.436760e+06	4.441640e+06	4.433240e+06	4.430440e+06	4.434540e+06	4.436120e+06
4.428460e+06	4.427020e+06	4.422920e+06	4.411240e+06	4.401680e+06	4.417520e+06	4.424160e+06	4.426660e+06	4.426020e+06	4.417740e+06	4.426840e+06	4.425860e+06	4.435540e+06	4.429040e+06	4.408900e+06	4.409700e+06	4.409640e+06	4.417880e+06	4.418240e+06	4.403620e+06	4.415560e+06	4.404580e+06	4.425660e+06	4.414220e+06	4.421960e+06	4.420840e+06	4.423600e+06	4.420520e+06	4.420720e+06	4.430480e+06	4.426540e+06	4.412400e+06	4.412420e+06	4.434160e+06	4.421980e+06	4.425460e+06	4.413500e+06	4.415900e+06	4.439280e+06	4.424420e+06	4.441920e+06	4.428540e+06	4.431120e+06	4.428880e+06	4.432460e+06	4.423220e+06	4.409340e+06	4.427480e+06	4.414780e+06	4.421620e+06	4.421220e+06	4.412220e+06	4.421800e+06	4.433920e+06	4.407460e+06	4.404840e+06	4.415800e+06	4.423400e+06	4.421840e+06	4.419420e+06	4.431100e+06	4.429460e+06	4.438440e+06	4.429040e+06	4.429920e+06	4.436460e+06	4.423440e+06	4.430920e+06	4.433760e+06	4.424380e+06	4.427160e+06	4.434760e+06	4.432340e+06	4.436680e+06	4.438940e+06	4.444000e+06
4.415980e+06	4.406080e+06	4.408760e+06	4.419880e+06	4.420900e+06	4.419420e+06	4.403880e+06	4.404700e+06	4.420660e+06	4.414700e+06	4.416300e+06	4.402420e+06	4.421740e+06	4.411340e+06	4.395520e+06	4.409980e+06	4.412020e+06	4.414940e+06	4.419380e+06	4.408340e+06	4.402680e+06	4.386180e+06	4.407060e+06	4.417680e+06	4.422540e+06	4.397780e+06	4.401600e+06	4.406280e+06	4.411880e+06	4.416360e+06	4.421580e+06	4.409740e+06	4.417740e+06	4.411480e+06	4.412600e+06	4.413060e+06	4.412260e+06	4.412780e+06	4.423320e+06	4.414000e+06	4.404300e+06	4.424060e+06	4.418960e+06	4.422800e+06	4.414400e+06	4.403100e+06	4.397640e+06	4.411960e+06	4.409560e+06	4.396060e+06	4.401100e+06	4.388080e+06	4.404580e+06	4.406580e+06	4.426500e+06	4.405400e+06	4.401120e+06	4.399340e+06	4.410720e+06	4.417800e+06	4.408320e+06	4.408280e+06	4.420460e+06	4.413420e+06	4.411840e+06	4.423360e+06	4.407000e+06	4.437840e+06	4.433060e+06	4.424920e+06	4.408180e+06	4.415340e+06	4.413260e+06	4.420320e+06	4.421880e+06	4.420740e+06
4.426040e+06	4.397940e+06	4.411920e+06	4.418720e+06	4.411100e+06	4.407380e+06	4.403280e+06	4.407860e+06	4.398060e+06	4.403440e+06	4.419920e+06	4.403860e+06	4.416260e+06	4.388540e+06	4.407040e+06	4.390900e+06	4.403400e+06	4.391700e+06	4.402720e+06	4.412520e+06	4.392720e+06	4.412960e+06	4.397540e+06	4.391080e+06	4.402420e+06	4.409100e+06	4.410600e+06	4.410480e+06	4.411240e+06	4.405860e+06	4.404840e+06	4.408040e+06	4.410980e+06	4.418600e+06	4.427240e+06	4.413560e+06	4.394240e+06	4.401440e+06	4.414180e+06	4.424960e+06	4.429080e+06	4.399720e+06	4.403640e+06	4.399160e+06	4.412860e+06	4.409000e+06	4.396100e+06	4.400480e+06	4.408400e+06	4.394660e+06	4.396020e+06	4.392680e+06	4.398740e+06	4.407260e+06	4.424720e+06	4.406060e+06	4.410520e+06	4.404180e+06	4.417780e+06	4.418980e+06	4.430800e+06	4.403980e+06	4.415080e+06	4.432820e+06	4.431240e+06	4.415980e+06	4.422680e+06	4.416140e+06	4.426220e+06	4.418740e+06	4.421520e+06	4.416540e+06	4.421640e+06	4.417620e+06	4.413420e+06	4.421360e+06
4.402360e+06	4.395600e+06	4.401380e+06	4.408220e+06	4.412240e+06	4.405400e+06	4.397940e+06	4.402700e+06	4.395980e+06	4.407880e+06	4.394860e+06	4.410660e+06	4.414820e+06	4.398260e+06	4.391100e+06	4.390960e+06	4.404500e+06	4.396100e+06	4.412920e+06	4.410140e+06	4.404640e+06	4.398140e+06	4.401380e+06	4.396820e+06	4.409660e+06	4.398740e+06	4.388640e+06	4.394620e+06	4.411020e+06	4.401740e+06	4.409360e+06	4.387060e+06	4.407540e+06	4.412540e+06	4.389540e+06	4.399960e+06	4.417340e+06	4.410260e+06	4.407640e+06	4.399120e+06	4.402420e+06	4.396400e+06	4.404100e+06	4.411120e+06	4.414760e+06	4.391920e+06	4.390360e+06	4.406880e+06	4.406860e+06	4.388540e+06	4.379820e+06	4.384540e+06	4.396500e+06	4.390520e+06	4.401260e+06	4.390780e+06	4.400080e+06	4.398800e+06	4.393860e+06	4.412640e+06	4.404280e+06	4.409260e+06	4.411360e+06	4.406540e+06	4.411640e+06	4.411880e+06	4.425360e+06	4.402700e+06	4.409180e+06	4.400280e+06	4.414660e+06	4.413100e+06	4.409000e+06	4.414040e+06	4.406440e+06	4.408560e+06
4.400040e+06	4.411820e+06	4.422220e+06	4.410140e+06	4.411020e+06	4.406700e+06	4.400600e+06	4.405020e+06	4.399300e+06	4.404880e+06	4.414720e+06	4.416240e+06	4.409320e+06	4.399880e+06	4.394700e+06	4.406640e+06	4.392280e+06	4.390360e+06	4.396540e+06	4.396640e+06	4.394560e+06	4.383080e+06	4.385060e+06	4.377820e+06	4.388480e+06	4.398880e+06	4.389200e+06	4.392060e+06	4.390880e+06	4.410060e+06	4.401460e+06	4.408900e+06	4.409420e+06	4.409520e+06	4.411760e+06	4.409820e+06	4.401680e+06	4.410140e+06	4.412980e+06	4.399540e+06	4.400520e+06	4.407080e+06	4.413420e+06	4.400840e+06	4.393180e+06	4.392280e+06	4.399060e+06	4.409220e+06	4.394400e+06	4.379820e+06	4.372240e+06	4.396040e+06	4.393640e+06	4.392360e+06	4.419080e+06	4.391480e+06	4.374840e+06	4.383080e+06	4.394080e+06	4.395120e+06	4.397920e+06	4.384880e+06	4.388100e+06	4.393280e+06	4.402920e+06	4.413160e+06	4.409420e+06	4.403000e+06	4.410040e+06	4.392620e+06	4.405700e+06	4.415680e+06	4.396400e+06	4.401220e+06	4.408620e+06	4.412060e+06
4.399480e+06	4.408200e+06	4.403140e+06	4.395180e+06	4.393020e+06	4.402120e+06	4.411720e+06	4.413300e+06	4.392220e+06	4.392480e+06	4.402380e+06	4.409900e+06	4.398260e+06	4.380600e+06	4.387020e+06	4.375340e+06	4.369680e+06	4.396320e+06	4.395580e+06	4.392000e+06	4.390000e+06	4.397880e+06	4.393420e+06	4.390140e+06	4.397180e+06	4.397300e+06	4.390320e+06	4.417640e+06	4.404460e+06	4.400260e+06	4.403240e+06	4.389880e+06	4.401200e+06	4.419820e+06	4.403500e+06	4.403680e+06	4.398300e+06	4.395620e+06	4.412920e+06	4.396920e+06	4.404280e+06	4.390320e+06	4.406460e+06	4.401020e+06	4.399960e+06	4.396600e+06	4.389860e+06	4.394420e+06	4.395520e+06	4.387660e+06	4.370760e+06	4.377440e+06	4.395520e+06	4.392640e+06	4.393260e+06	4.393980e+06	4.383920e+06	4.391520e+06	4.403740e+06	4.402860e+06	4.402120e+06	4.394240e+06	4.403720e+06	4.403100e+06	4.403720e+06	4.417140e+06	4.406480e+06	4.411140e+06	4.419880e+06	4.406220e+06	4.418000e+06	4.409300e+06	4.409820e+06	4.410380e+06	4.403500e+06	4.415160e+06
4.400540e+06	4.390080e+06	4.404120e+06	4.413060e+06	4.401720e+06	4.410840e+06	4.428360e+06	4.407020e+06	4.405960e+06	4.422580e+06	4.409060e+06	4.404160e+06	4.404040e+06	4.393760e+06	4.395060e+06	4.378200e+06	4.396120e+06	4.411780e+06	4.406180e+06	4.395600e+06	4.401920e+06	4.391800e+06	4.391880e+06	4.379700e+06	4.397640e+06	4.387760e+06	4.397560e+06	4.389100e+06	4.399680e+06	4.414320e+06	4.403860e+06	4.392040e+06	4.403460e+06	4.420200e+06	4.415460e+06	4.419740e+06	4.387420e+06	4.416300e+06	4.389240e+06	4.400640e+06	4.404100e+06	4.419560e+06	4.407460e+06	4.400520e+06	4.387560e+06	4.386420e+06	4.393940e+06	4.398840e+06	4.408680e+06	4.396740e+06	4.382200e+06	4.389560e+06	4.396920e+06	4.390940e+06	4.414940e+06	4.395860e+06	4.382660e+06	4.406420e+06	4.404900e+06	4.388580e+06	4.416120e+06	4.405140e+06	4.415640e+06	4.406840e+06	4.389880e+06	4.411280e+06	4.413600e+06	4.377780e+06	4.381060e+06	4.410320e+06	4.404820e+06	4.399220e+06	4.416760e+06	4.411600e+06	4.407660e+06	4.410660e+06
4.386320e+06	4.382080e+06	4.385440e+06	4.385460e+06	4.390300e+06	4.388460e+06	4.388600e+06	4.392940e+06	4.379180e+06	4.400060e+06	4.384400e+06	4.388700e+06	4.385980e+06	4.378380e+06	4.375420e+06	4.377180e+06	4.373780e+06	4.380640e+06	4.391360e+06	4.377840e+06	4.372560e+06	4.382820e+06	4.392180e+06	4.387340e+06	4.378780e+06	4.379880e+06	4.378560e+06	4.376960e+06	4.395200e+06	4.380840e+06	4.389840e+06	4.393480e+06	4.387680e+06	4.382720e+06	4.401120e+06	4.409100e+06	4.405820e+06	4.414760e+06	4.383080e+06	4.386640e+06	4.398100e+06	4.382860e+06	4.388920e+06	4.384640e+06	4.395380e+06	4.388960e+06	4.393100e+06	4.376240e+06	4.393220e+06	4.381580e+06	4.378480e+06	4.372440e+06	4.387540e+06	4.390940e+06	4.392480e+06	4.387540e+06	4.385380e+06	4.390800e+06	4.389320e+06	4.404200e+06	4.413920e+06	4.397200e+06	4.403580e+06	4.404100e+06	4.402120e+06	4.410420e+06	4.394340e+06	4.398920e+06	4.394080e+06	4.404740e+06	4.391340e+06	4.402020e+06	4.411940e+06	4.409080e+06	4.399960e+06	4.400500e+06
4.389580e+06	4.394280e+06	4.382740e+06	4.387940e+06	4.403800e+06	4.405480e+06	4.400840e+06	4.401160e+06	4.400960e+06	4.393540e+06	4.383480e+06	4.383380e+06	4.391680e+06	4.385200e+06	4.374220e+06	4.369940e+06	4.378940e+06	4.403280e+06	4.379180e+06	4.375820e+06	4.379360e+06	4.373280e+06	4.364200e+06	4.374640e+06	4.377720e+06	4.376220e+06	4.380500e+06	4.369720e+06	4.372940e+06	4.384680e+06	4.376320e+06	4.384820e+06	4.377620e+06	4.398220e+06	4.389260e+06	4.386840e+06	4.384860e+06	4.394100e+06	4.379560e+06	4.388840e+06	4.382680e+06	4.386560e+06	4.384840e+06	4.396020e+06	4.376400e+06	4.385400e+06	4.387900e+06	4.382740e+06	4.377180e+06	4.376400e+06	4.380640e+06	4.372140e+06	4.381340e+06	4.373800e+06	4.390600e+06	4.381480e+06	4.383620e+06	4.373080e+06	4.380040e+06	4.385980e+06	4.381560e+06	4.397660e+06	4.380460e+06	4.384940e+06	4.407100e+06	4.389660e+06	4.396080e+06	4.395340e+06	4.392740e+06	4.396280e+06	4.383780e+06	4.387820e+06	4.387540e+06	4.382300e+06	4.388380e+06	4.389400e+06
4.396920e+06	4.386000e+06	4.385700e+06	4.398360e+06	4.391700e+06	4.380700e+06	4.414040e+06	4.413400e+06	4.400980e+06	4.396760e+06	4.378800e+06	4.388700e+06	4.395780e+06	4.388780e+06	4.385180e+06	4.368560e+06	4.373200e+06	4.368780e+06	4.399000e+06	4.384220e+06	4.367160e+06	4.371580e+06	4.383380e+06	4.383180e+06	4.382620e+06	4.372680e+06	4.377460e+06	4.395520e+06	4.391160e+06	4.385460e+06	4.385620e+06	4.379860e+06	4.391320e+06	4.378960e+06	4.385760e+06	4.376340e+06	4.384740e+06	4.393980e+06	4.407520e+06	4.404580e+06	4.393040e+06	4.392840e+06	4.381000e+06	4.403320e+06	4.391820e+06	4.389820e+06	4.376340e+06	4.382400e+06	4.388920e+06	4.381400e+06	4.378520e+06	4.372680e+06	4.375100e+06	4.381620e+06	4.360580e+06	4.376820e+06	4.386900e+06	4.383940e+06	4.387740e+06	4.388460e+06	4.376960e+06	4.392560e+06	4.390880e+06	4.377560e+06	4.380000e+06	4.382780e+06	4.368780e+06	4.386400e+06	4.391280e+06	4.397240e+06	4.404700e+06	4.391400e+06	4.386260e+06	4.390620e+06	4.391180e+06	4.380080e+06
4.408420e+06	4.419160e+06	4.400460e+06	4.416620e+06	4.409340e+06	4.410940e+06	4.410020e+06	4.404280e+06	4.406380e+06	4.430480e+06	4.416580e+06	4.411400e+06	4.398940e+06	4.390680e+06	4.402240e+06	4.387920e+06	4.409720e+06	4.401440e+06	4.415300e+06	4.411360e+06	4.387640e+06	4.412460e+06	4.394700e+06	4.395860e+06	4.386820e+06	4.397740e+06	4.402520e+06	4.399120e+06	4.412760e+06	4.403420e+06	4.403420e+06	4.403740e+06	4.404020e+06	4.415680e+06	4.420140e+06	4.399060e+06	4.407580e+06	4.417520e+06	4.407940e+06	4.403160e+06	4.401780e+06	4.411720e+06	4.408920e+06	4.411020e+06	4.409360e+06	4.406980e+06	4.405780e+06	4.405160e+06	4.386540e+06	4.371820e+06	4.388880e+06	4.392980e+06	4.396560e+06	4.398620e+06	4.403840e+06	4.389600e+06	4.401440e+06	4.396840e+06	4.401300e+06	4.398220e+06	4.400600e+06	4.393800e+06	4.394140e+06	4.405000e+06	4.396500e+06	4.399660e+06	4.416300e+06	4.393700e+06	4.405500e+06	4.405800e+06	4.413040e+06	4.401220e+06	4.404060e+06	4.399920e+06	4.395560e+06	4.416100e+06
4.419000e+06	4.404980e+06	4.397920e+06	4.400700e+06	4.423080e+06	4.418620e+06	4.410300e+06	4.397300e+06	4.398580e+06	4.409640e+06	4.416860e+06	4.411980e+06	4.402420e+06	4.398180e+06	4.387760e+06	4.407120e+06	4.399300e+06	4.408100e+06	4.385280e+06	4.386320e+06	4.418800e+06	4.404780e+06	4.415340e+06	4.387820e+06	4.405460e+06	4.403000e+06	4.401460e+06	4.398160e+06	4.415020e+06	4.411520e+06	4.413660e+06	4.404940e+06	4.406740e+06	4.416800e+06	4.414200e+06	4.409040e+06	4.399740e+06	4.403240e+06	4.403660e+06	4.422660e+06	4.416360e+06	4.402140e+06	4.411740e+06	4.411800e+06	4.408440e+06	4.405440e+06	4.413260e+06	4.409360e+06	4.410560e+06	4.401300e+06	4.405440e+06	4.378000e+06	4.391020e+06	4.408920e+06	4.411880e+06	4.392400e+06	4.389580e+06	4.395520e+06	4.409520e+06	4.401520e+06	4.402780e+06	4.396020e+06	4.414700e+06	4.410900e+06	4.391340e+06	4.412180e+06	4.404760e+06	4.422780e+06	4.419600e+06	4.406860e+06	4.412900e+06	4.419120e+06	4.430800e+06	4.403280e+06	4.401220e+06	4.410900e+06
4.386600e+06	4.401740e+06	4.417220e+06	4.408740e+06	4.421400e+06	4.405120e+06	4.421660e+06	4.415360e+06	4.430880e+06	4.408220e+06	4.414460e+06	4.403380e+06	4.414620e+06	4.400600e+06	4.399460e+06	4.391780e+06	4.387160e+06	4.401560e+06	4.392220e+06	4.400120e+06	4.391660e+06	4.409860e+06	4.405120e+06	4.400840e+06	4.421680e+06	4.408820e+06	4.399840e+06	4.406420e+06	4.382760e+06	4.412820e+06	4.422520e+06	4.396980e+06	4.401760e+06	4.413160e+06	4.412640e+06	4.409400e+06	4.411800e+06	4.410600e+06	4.406780e+06	4.417500e+06	4.425960e+06	4.426700e+06	4.413540e+06	4.422120e+06	4.404220e+06	4.421100e+06	4.412980e+06	4.397100e+06	4.402660e+06	4.400980e+06	4.391200e+06	4.398420e+06	4.412380e+06	4.389920e+06	4.394060e+06	4.388780e+06	4.407060e+06	4.400520e+06	4.415340e+06	4.406460e+06	4.411600e+06	4.414800e+06	4.414920e+06	4.417920e+06	4.419740e+06	4.398300e+06	4.408820e+06	4.407860e+06	4.401300e+06	4.396960e+06	4.407160e+06	4.412220e+06	4.417980e+06	4.416600e+06	4.425180e+06	4.411260e+06
4.399820e+06	4.409140e+06	4.415440e+06	4.410860e+06	4.403820e+06	4.402940e+06	4.394340e+06	4.405220e+06	4.400040e+06	4.410960e+06	4.403160e+06	4.398340e+06	4.396840e+06	4.389500e+06	4.405140e+06	4.395900e+06	4.389820e+06	4.411360e+06	4.394020e+06	4.396080e+06	4.403160e+06	4.400400e+06	4.394680e+06	4.386580e+06	4.399360e+06	4.405580e+06	4.398480e+06	4.400100e+06	4.411620e+06	4.412740e+06	4.413420e+06	4.400900e+06	4.398000e+06	4.401820e+06	4.405540e+06	4.415920e+06	4.398780e+06	4.399640e+06	4.395400e+06	4.409880e+06	4.403660e+06	4.408660e+06	4.402300e+06	4.413880e+06	4.407260e+06	4.399100e+06	4.404800e+06	4.394040e+06	4.405560e+06	4.389920e+06	4.386580e+06	4.402520e+06	4.402000e+06	4.405500e+06	4.404440e+06	4.393580e+06	4.391400e+06	4.399500e+06	4.403920e+06	4.400520e+06	4.426100e+06	4.418780e+06	4.404300e+06	4.408700e+06	4.403260e+06	4.396880e+06	4.418240e+06	4.412000e+06	4.417860e+06	4.406700e+06	4.399420e+06	4.424800e+06	4.428140e+06	4.398240e+06	4.404040e+06	4.408040e+06
4.409280e+06	4.403860e+06	4.410540e+06	4.421600e+06	4.408220e+06	4.416340e+06	4.406500e+06	4.417100e+06	4.391780e+06	4.409120e+06	4.410380e+06	4.407520e+06	4.392920e+06	4.403620e+06	4.391960e+06	4.392900e+06	4.400620e+06	4.398460e+06	4.395240e+06	4.396160e+06	4.406140e+06	4.397840e+06	4.380720e+06	4.384120e+06	4.402740e+06	4.402000e+06	4.409380e+06	4.404360e+06	4.400900e+06	4.408840e+06	4.408680e+06	4.409600e+06	4.416840e+06	4.411640e+06	4.406740e+06	4.412160e+06	4.402120e+06	4.397820e+06	4.403560e+06	4.418640e+06	4.393140e+06	4.418300e+06	4.421640e+06	4.396120e+06	4.395440e+06	4.402980e+06	4.412420e+06	4.386700e+06	4.406900e+06	4.376400e+06	4.385680e+06	4.390820e+06	4.387340e+06	4.398020e+06	4.406560e+06	4.371360e+06	4.396460e+06	4.394600e+06	4.393840e+06	4.379340e+06	4.408960e+06	4.405520e+06	4.405920e+06	4.387380e+06	4.398880e+06	4.399880e+06	4.407100e+06	4.396720e+06	4.408380e+06	4.412520e+06	4.398000e+06	4.398280e+06	4.412540e+06	4.402300e+06	4.407040e+06	4.391060e+06
4.418440e+06	4.408020e+06	4.413060e+06	4.407360e+06	4.400540e+06	4.398900e+06	4.403640e+06	4.408420e+06	4.412140e+06	4.406360e+06	4.408280e+06	4.395160e+06	4.414520e+06	4.393160e+06	4.389420e+06	4.403640e+06	4.390680e+06	4.413500e+06	4.399060e+06	4.410420e+06	4.408160e+06	4.385680e+06	4.398080e+06	4.398620e+06	4.401400e+06	4.390220e+06	4.385560e+06	4.387540e+06	4.414420e+06	4.414380e+06	4.415700e+06	4.399860e+06	4.397920e+06	4.408580e+06	4.430040e+06	4.391340e+06	4.404800e+06	4.418600e+06	4.416100e+06	4.399980e+06	4.406260e+06	4.402980e+06	4.410860e+06	4.414460e+06	4.390560e+06	4.406280e+06	4.383280e+06	4.400860e+06	4.402700e+06	4.398320e+06	4.401340e+06	4.374980e+06	4.390120e+06	4.405420e+06	4.400000e+06	4.405900e+06	4.388920e+06	4.407040e+06	4.415500e+06	4.386860e+06	4.407120e+06	4.408820e+06	4.408400e+06	4.419880e+06	4.414080e+06	4.413400e+06	4.422320e+06	4.418820e+06	4.416160e+06	4.404920e+06	4.413800e+06	4.404160e+06	4.419540e+06	4.420760e+06	4.407300e+06	4.415000e+06
4.398160e+06	4.405480e+06	4.396720e+06	4.400220e+06	4.406320e+06	4.405120e+06	4.394640e+06	4.402880e+06	4.395020e+06	4.412020e+06	4.408700e+06	4.402360e+06	4.389720e+06	4.382840e+06	4.396180e+06	4.383220e+06	4.388560e+06	4.391740e+06	4.385080e+06	4.399640e+06	4.386200e+06	4.388200e+06	4.399080e+06	4.385040e+06	4.392200e+06	4.397280e+06	4.391340e+06	4.405440e+06	4.392460e+06	4.404440e+06	4.401860e+06	4.407180e+06	4.401120e+06	4.405460e+06	4.386640e+06	4.403700e+06	4.407340e+06	4.404080e+06	4.398340e+06	4.401520e+06	4.394520e+06	4.415180e+06	4.408520e+06	4.418300e+06	4.394320e+06	4.386120e+06	4.395060e+06	4.414380e+06	4.385300e+06	4.390260e+06	4.379680e+06	4.398400e+06	4.407100e+06	4.407360e+06	4.417220e+06	4.399100e+06	4.385340e+06	4.403940e+06	4.409340e+06	4.402560e+06	4.416640e+06	4.398560e+06	4.406160e+06	4.399520e+06	4.398520e+06	4.399320e+06	4.396040e+06	4.405080e+06	4.397840e+06	4.409080e+06	4.411060e+06	4.404280e+06	4.400720e+06	4.397840e+06	4.396620e+06	4.403440e+06
4.405560e+06	4.398460e+06	4.402880e+06	4.404300e+06	4.402360e+06	4.402800e+06	4.402100e+06	4.393240e+06	4.403860e+06	4.396060e+06	4.391580e+06	4.391480e+06	4.402420e+06	4.390000e+06	4.391880e+06	4.366360e+06	4.383520e+06	4.387660e+06	4.394220e+06	4.388140e+06	4.380460e+06	4.381960e+06	4.381700e+06	4.392520e+06	4.379380e+06	4.385800e+06	4.382460e+06	4.385860e+06	4.404380e+06	4.403560e+06	4.388560e+06	4.392780e+06	4.378640e+06	4.412420e+06	4.397600e+06	4.417900e+06	4.398100e+06	4.400300e+06	4.388960e+06	4.398680e+06	4.394620e+06	4.406440e+06	4.391940e+06	4.394040e+06	4.391440e+06	4.386860e+06	4.388680e+06	4.383140e+06	4.391720e+06	4.396340e+06	4.393480e+06	4.374240e+06	4.386720e+06	4.390000e+06	4.396560e+06	4.395520e+06	4.403080e+06	4.399960e+06	4.385940e+06	4.395880e+06	4.391620e+06	4.401820e+06	4.408080e+06	4.387520e+06	4.408560e+06	4.402720e+06	4.392840e+06	4.390320e+06	4.394400e+06	4.392160e+06	4.408960e+06	4.405100e+06	4.406520e+06	4.394360e+06	4.397380e+06	4.394040e+06
4.414880e+06	4.389260e+06	4.396160e+06	4.397980e+06	4.397340e+06	4.403380e+06	4.405620e+06	4.398880e+06	4.408220e+06	4.407280e+06	4.408180e+06	4.394500e+06	4.391280e+06	4.397660e+06	4.393960e+06	4.391300e+06	4.396640e+06	4.397860e+06	4.388720e+06	4.385380e+06	4.387480e+06	4.387960e+06	4.382060e+06	4.392840e+06	4.408480e+06	4.380520e+06	4.405020e+06	4.382460e+06	4.388560e+06	4.389100e+06	4.388980e+06	4.403620e+06	4.402320e+06	4.419960e+06	4.397940e+06	4.402500e+06	4.403620e+06	4.397000e+06	4.411240e+06	4.409440e+06	4.391300e+06	4.409200e+06	4.405180e+06	4.408160e+06	4.396940e+06	4.396380e+06	4.411560e+06	4.409640e+06	4.403220e+06	4.386200e+06	4.385900e+06	4.387760e+06	4.396120e+06	4.386100e+06	4.387200e+06	4.399060e+06	4.394980e+06	4.408040e+06	4.401680e+06	4.389940e+06	4.404060e+06	4.410940e+06	4.390820e+06	4.405140e+06	4.390000e+06	4.406880e+06	4.392540e+06	4.393120e+06	4.396880e+06	4.387480e+06	4.402060e+06	4.410120e+06	4.405680e+06	4.397900e+06	4.411160e+06	4.396980e+06
4.402460e+06	4.409340e+06	4.413160e+06	4.409820e+06	4.414080e+06	4.416000e+06	4.414520e+06	4.403720e+06	4.395140e+06	4.405860e+06	4.408740e+06	4.396840e+06	4.403800e+06	4.389820e+06	4.401300e+06	4.386400e+06	4.391840e+06	4.415560e+06	4.384620e+06	4.402120e+06	4.404580e+06	4.395460e+06	4.396180e+06	4.393440e+06	4.397600e+06	4.405320e+06	4.389640e+06	4.397500e+06	4.399020e+06	4.404180e+06	4.411940e+06	4.396980e+06	4.405980e+06	4.398560e+06	4.408500e+06	4.411260e+06	4.418000e+06	4.410380e+06	4.408340e+06	4.388260e+06	4.400700e+06	4.416860e+06	4.399140e+06	4.397300e+06	4.402580e+06	4.413100e+06	4.407960e+06	4.376720e+06	4.403520e+06	4.381960e+06	4.390020e+06	4.394120e+06	4.400760e+06	4.389140e+06	4.393900e+06	4.389420e+06	4.372380e+06	4.401640e+06	4.399980e+06	4.387040e+06	4.394820e+06	4.411240e+06	4.414920e+06	4.394160e+06	4.389880e+06	4.396260e+06	4.397160e+06	4.399040e+06	4.396280e+06	4.393320e+06	4.403980e+06	4.409580e+06	4.404560e+06	4.404600e+06	4.401900e+06	4.400320e+06
4.401540e+06	4.404760e+06	4.410580e+06	4.419340e+06	4.413200e+06	4.413620e+06	4.415080e+06	4.416840e+06	4.401660e+06	4.421080e+06	4.398260e+06	4.406960e+06	4.399640e+06	4.382160e+06	4.399420e+06	4.387100e+06	4.380360e+06	4.395920e+06	4.404200e+06	4.404840e+06	4.387920e+06	4.395060e+06	4.402660e+06	4.401800e+06	4.420180e+06	4.410940e+06	4.384140e+06	4.381680e+06	4.423540e+06	4.410000e+06	4.412900e+06	4.402580e+06	4.401660e+06	4.401660e+06	4.417980e+06	4.394420e+06	4.403960e+06	4.421660e+06	4.413740e+06	4.408640e+06	4.394620e+06	4.399980e+06	4.385900e+06	4.415980e+06	4.408700e+06	4.409500e+06	4.393160e+06	4.396100e+06	4.391740e+06	4.396320e+06	4.389500e+06	4.393220e+06	4.392960e+06	4.394980e+06	4.417240e+06	4.405080e+06	4.399100e+06	4.399940e+06	4.398780e+06	4.404780e+06	4.400020e+06	4.411220e+06	4.397280e+06	4.410620e+06	4.413960e+06	4.394800e+06	4.404200e+06	4.400660e+06	4.404360e+06	4.411200e+06	4.404020e+06	4.410240e+06	4.407340e+06	4.404100e+06	4.412420e+06	4.400480e+06
4.419940e+06	4.409220e+06	4.417600e+06	4.415040e+06	4.413480e+06	4.410660e+06	4.397600e+06	4.415440e+06	4.406840e+06	4.411880e+06	4.408240e+06	4.416740e+06	4.431900e+06	4.394620e+06	4.398740e+06	4.396360e+06	4.398540e+06	4.414360e+06	4.415160e+06	4.409680e+06	4.421440e+06	4.399840e+06	4.422700e+06	4.392680e+06	4.396460e+06	4.422980e+06	4.419380e+06	4.411040e+06	4.412920e+06	4.408060e+06	4.409260e+06	4.427060e+06	4.416180e+06	4.409400e+06	4.404680e+06	4.406700e+06	4.409760e+06	4.399880e+06	4.404360e+06	4.410980e+06	4.409100e+06	4.434200e+06	4.418140e+06	4.409080e+06	4.420980e+06	4.404400e+06	4.404080e+06	4.401640e+06	4.394520e+06	4.394960e+06	4.375500e+06	4.404740e+06	4.408880e+06	4.409640e+06	4.409920e+06	4.414060e+06	4.400140e+06	4.402120e+06	4.403020e+06	4.393360e+06	4.412420e+06	4.402420e+06	4.421300e+06	4.418760e+06	4.393120e+06	4.386680e+06	4.397420e+06	4.405140e+06	4.412900e+06	4.410900e+06	4.391940e+06	4.411880e+06	4.414440e+06	4.420120e+06	4.418780e+06	4.421200e+06
4.419040e+06	4.404180e+06	4.428200e+06	4.432480e+06	4.422360e+06	4.429840e+06	4.426060e+06	4.413880e+06	4.422740e+06	4.425160e+06	4.413460e+06	4.417640e+06	4.414300e+06	4.407680e+06	4.413520e+06	4.409660e+06	4.398600e+06	4.420960e+06	4.403140e+06	4.421500e+06	4.398580e+06	4.402740e+06	4.400220e+06	4.404260e+06	4.404400e+06	4.415920e+06	4.416000e+06	4.431880e+06	4.424840e+06	4.415820e+06	4.423660e+06	4.429700e+06	4.434400e+06	4.422400e+06	4.426180e+06	4.419020e+06	4.415440e+06	4.438260e+06	4.421160e+06	4.436220e+06	4.411680e+06	4.409880e+06	4.414260e+06	4.417580e+06	4.410960e+06	4.409700e+06	4.410740e+06	4.409240e+06	4.409000e+06	4.401120e+06	4.395920e+06	4.390760e+06	4.413780e+06	4.406880e+06	4.430360e+06	4.413600e+06	4.407280e+06	4.425200e+06	4.409680e+06	4.420980e+06	4.412240e+06	4.416000e+06	4.407180e+06	4.420080e+06	4.422720e+06	4.411860e+06	4.416320e+06	4.423560e+06	4.399160e+06	4.430980e+06	4.427720e+06	4.429760e+06	4.415120e+06	4.416000e+06	4.422980e+06	4.415400e+06
4.424280e+06	4.417940e+06	4.421120e+06	4.419960e+06	4.425380e+06	4.429860e+06	4.427000e+06	4.419640e+06	4.422960e+06	4.431880e+06	4.428080e+06	4.427980e+06	4.434120e+06	4.405600e+06	4.412720e+06	4.411760e+06	4.420780e+06	4.403720e+06	4.420920e+06	4.416640e+06	4.411340e+06	4.394400e+06	4.425220e+06	4.412820e+06	4.419460e+06	4.420560e+06	4.416160e+06	4.413660e+06	4.419720e+06	4.424380e+06	4.421180e+06	4.423680e+06	4.421440e+06	4.422860e+06	4.423700e+06	4.438780e+06	4.423080e+06	4.428600e+06	4.431740e+06	4.419660e+06	4.420360e+06	4.431380e+06	4.413980e+06	4.429700e+06	4.425920e+06	4.428020e+06	4.416980e+06	4.405480e+06	4.423480e+06	4.409460e+06	4.405960e+06	4.423060e+06	4.419820e+06	4.420460e+06	4.415540e+06	4.415840e+06	4.412540e+06	4.389480e+06	4.419240e+06	4.421260e+06	4.408580e+06	4.421960e+06	4.430780e+06	4.437700e+06	4.432840e+06	4.433280e+06	4.432580e+06	4.418620e+06	4.428260e+06	4.419420e+06	4.400640e+06	4.406280e+06	4.430180e+06	4.410280e+06	4.407260e+06	4.414040e+06
4.439900e+06	4.428060e+06	4.428920e+06	4.431460e+06	4.412840e+06	4.415680e+06	4.433540e+06	4.439120e+06	4.424640e+06	4.418760e+06	4.419780e+06	4.425460e+06	4.427060e+06	4.418840e+06	4.422700e+06	4.417000e+06	4.412480e+06	4.420820e+06	4.416760e+06	4.419300e+06	4.425120e+06	4.421700e+06	4.423260e+06	4.423920e+06	4.421020e+06	4.419120e+06	4.429120e+06	4.418100e+06	4.430940e+06	4.424740e+06	4.430940e+06	4.437020e+06	4.420600e+06	4.424400e+06	4.450940e+06	4.422980e+06	4.434780e+06	4.433080e+06	4.437820e+06	4.431640e+06	4.434100e+06	4.422980e+06	4.438100e+06	4.424280e+06	4.424020e+06	4.422580e+06	4.407600e+06	4.411260e+06	4.420740e+06	4.396680e+06	4.423380e+06	4.415440e+06	4.433940e+06	4.414160e+06	4.426640e+06	4.417620e+06	4.420180e+06	4.417600e+06	4.405380e+06	4.432080e+06	4.432780e+06	4.435820e+06	4.431280e+06	4.429600e+06	4.445780e+06	4.430060e+06	4.409980e+06	4.433760e+06	4.414340e+06	4.435160e+06	4.423260e+06	4.431740e+06	4.429060e+06	4.428300e+06	4.419080e+06	4.423220e+06
4.418980e+06	4.425020e+06	4.418440e+06	4.418500e+06	4.404140e+06	4.410680e+06	4.422700e+06	4.413720e+06	4.410940e+06	4.413340e+06	4.412340e+06	4.413500e+06	4.410440e+06	4.415160e+06	4.393940e+06	4.407840e+06	4.409180e+06	4.399520e+06	4.404500e+06	4.419820e+06	4.416440e+06	4.408580e+06	4.404380e+06	4.398840e+06	4.414940e+06	4.428080e+06	4.415640e+06	4.410060e+06	4.397240e+06	4.425240e+06	4.418660e+06	4.415140e+06	4.424600e+06	4.414860e+06	4.426300e+06	4.425420e+06	4.435160e+06	4.419840e+06	4.403360e+06	4.416680e+06	4.431480e+06	4.419420e+06	4.425400e+06	4.406500e+06	4.410400e+06	4.418740e+06	4.415540e+06	4.414040e+06	4.422000e+06	4.408280e+06	4.400280e+06	4.414040e+06	4.418180e+06	4.415560e+06	4.427020e+06	4.425920e+06	4.404420e+06	4.413700e+06	4.420760e+06	4.403260e+06	4.428140e+06	4.433200e+06	4.427960e+06	4.426220e+06	4.416700e+06	4.425960e+06	4.418260e+06	4.427620e+06	4.425420e+06	4.412020e+06	4.420180e+06	4.413200e+06	4.421640e+06	4.417160e+06	4.418360e+06	4.426560e+06
4.399260e+06	4.411040e+06	4.421260e+06	4.414080e+06	4.411760e+06	4.391640e+06	4.419620e+06	4.406880e+06	4.405180e+06	4.414560e+06	4.400540e+06	4.404240e+06	4.407440e+06	4.399660e+06	4.387000e+06	4.392360e+06	4.379800e+06	4.398160e+06	4.417700e+06	4.414220e+06	4.404700e+06	4.395460e+06	4.386840e+06	4.402740e+06	4.397240e+06	4.402480e+06	4.386580e+06	4.408440e+06	4.409980e+06	4.388620e+06	4.414040e+06	4.405400e+06	4.404760e+06	4.411200e+06	4.411600e+06	4.405560e+06	4.418160e+06	4.415160e+06	4.414400e+06	4.409940e+06	4.398680e+06	4.403420e+06	4.410740e+06	4.405060e+06	4.413800e+06	4.403220e+06	4.404780e+06	4.407020e+06	4.417340e+06	4.404020e+06	4.401540e+06	4.388500e+06	4.396740e+06	4.409100e+06	4.403060e+06	4.406720e+06	4.418140e+06	4.404340e+06	4.413320e+06	4.399720e+06	4.413540e+06	4.417900e+06	4.413940e+06	4.406620e+06	4.429720e+06	4.420360e+06	4.400960e+06	4.427720e+06	4.402020e+06	4.407800e+06	4.415280e+06	4.413440e+06	4.425920e+06	4.413500e+06	4.404260e+06	4.402860e+06
4.417260e+06	4.423500e+06	4.416240e+06	4.406040e+06	4.418780e+06	4.417440e+06	4.404100e+06	4.416200e+06	4.414740e+06	4.417580e+06	4.398900e+06	4.417700e+06	4.412380e+06	4.407980e+06	4.414540e+06	4.410300e+06	4.417500e+06	4.412160e+06	4.413920e+06	4.384380e+06	4.409680e+06	4.396220e+06	4.403000e+06	4.397960e+06	4.408040e+06	4.410000e+06	4.405340e+06	4.405720e+06	4.414660e+06	4.411480e+06	4.403160e+06	4.407660e+06	4.420560e+06	4.398760e+06	4.413040e+06	4.397000e+06	4.413920e+06	4.410020e+06	4.409620e+06	4.399820e+06	4.403760e+06	4.414000e+06	4.405200e+06	4.395560e+06	4.413160e+06	4.414420e+06	4.399440e+06	4.408800e+06	4.400100e+06	4.406520e+06	4.391460e+06	4.373220e+06	4.408840e+06	4.399840e+06	4.411100e+06	4.391380e+06	4.403620e+06	4.404300e+06	4.403260e+06	4.411560e+06	4.414520e+06	4.407420e+06	4.416680e+06	4.406560e+06	4.413500e+06	4.419220e+06	4.405580e+06	4.400780e+06	4.387120e+06	4.412120e+06	4.415440e+06	4.409020e+06	4.400180e+06	4.404620e+06	4.425400e+06	4.394280e+06
4.419160e+06	4.406620e+06	4.409840e+06	4.416680e+06	4.419160e+06	4.418660e+06	4.414220e+06	4.404520e+06	4.412080e+06	4.417780e+06	4.397580e+06	4.418100e+06	4.411760e+06	4.399640e+06	4.389000e+06	4.398620e+06	4.399400e+06	4.388500e+06	4.398160e+06	4.403040e+06	4.410680e+06	4.393480e+06	4.387440e+06	4.402520e+06	4.406400e+06	4.410740e+06	4.396280e+06	4.399740e+06	4.414060e+06	4.411560e+06	4.405080e+06	4.422380e+06	4.407260e+06	4.422260e+06	4.392780e+06	4.404180e+06	4.410140e+06	4.407500e+06	4.410860e+06	4.409180e+06	4.407200e+06	4.418940e+06	4.405460e+06	4.404240e+06	4.401380e+06	4.404420e+06	4.404340e+06	4.398200e+06	4.403360e+06	4.405120e+06	4.400420e+06	4.382880e+06	4.412380e+06	4.388360e+06	4.404720e+06	4.403920e+06	4.401660e+06	4.415580e+06	4.407440e+06	4.413920e+06	4.404420e+06	4.412660e+06	4.401560e+06	4.422880e+06	4.421720e+06	4.403320e+06	4.411900e+06	4.415420e+06	4.418800e+06	4.424160e+06	4.418720e+06	4.406920e+06	4.416480e+06	4.414640e+06	4.392140e+06	4.406500e+06
4.399920e+06	4.404400e+06	4.420020e+06	4.405640e+06	4.410800e+06	4.407580e+06	4.396380e+06	4.399040e+06	4.401760e+06	4.395640e+06	4.392600e+06	4.404740e+06	4.388380e+06	4.406840e+06	4.384700e+06	4.389300e+06	4.384880e+06	4.391940e+06	4.395680e+06	4.404760e+06	4.394460e+06	4.388580e+06	4.403880e+06	4.390820e+06	4.393820e+06	4.381720e+06	4.383800e+06	4.408020e+06	4.405440e+06	4.407480e+06	4.390700e+06	4.410880e+06	4.406100e+06	4.409400e+06	4.388840e+06	4.388000e+06	4.397660e+06	4.384420e+06	4.411360e+06	4.392420e+06	4.404200e+06	4.398960e+06	4.404260e+06	4.402420e+06	4.391760e+06	4.407580e+06	4.413000e+06	4.405860e+06	4.390580e+06	4.393580e+06	4.388980e+06	4.373700e+06	4.402820e+06	4.390300e+06	4.411100e+06	4.398440e+06	4.383740e+06	4.403000e+06	4.421600e+06	4.410840e+06	4.414520e+06	4.399980e+06	4.399580e+06	4.405480e+06	4.413960e+06	4.403620e+06	4.399400e+06	4.390360e+06	4.413000e+06	4.405980e+06	4.401840e+06	4.416220e+06	4.400860e+06	4.416220e+06	4.408320e+06	4.405760e+06
4.399040e+06	4.390900e+06	4.399680e+06	4.396380e+06	4.401360e+06	4.398140e+06	4.394880e+06	4.397760e+06	4.403600e+06	4.391040e+06	4.383640e+06	4.398020e+06	4.392420e+06	4.382560e+06	4.382080e+06	4.380220e+06	4.382300e+06	4.388640e+06	4.394080e+06	4.386900e+06	4.387140e+06	4.389540e+06	4.375040e+06	4.396100e+06	4.388860e+06	4.394240e+06	4.387840e+06	4.397860e+06	4.390040e+06	4.385480e+06	4.400280e+06	4.394080e+06	4.387100e+06	4.394140e+06	4.400740e+06	4.390120e+06	4.403440e+06	4.393140e+06	4.405800e+06	4.401640e+06	4.387200e+06	4.395380e+06	4.372120e+06	4.394120e+06	4.391960e+06	4.393980e+06	4.391960e+06	4.394880e+06	4.385840e+06	4.378120e+06	4.380060e+06	4.374240e+06	4.391360e+06	4.392020e+06	4.392480e+06	4.383600e+06	4.394400e+06	4.372020e+06	4.400000e+06	4.400360e+06	4.391260e+06	4.407160e+06	4.404600e+06	4.379360e+06	4.399920e+06	4.396000e+06	4.402540e+06	4.402420e+06	4.411980e+06	4.407380e+06	4.408280e+06	4.409160e+06	4.419940e+06	4.401600e+06	4.393720e+06	4.406760e+06
4.403440e+06	4.404840e+06	4.391640e+06	4.404500e+06	4.397520e+06	4.412700e+06	4.406020e+06	4.396300e+06	4.387500e+06	4.403520e+06	4.391040e+06	4.403320e+06	4.399000e+06	4.386860e+06	4.380140e+06	4.380540e+06	4.380240e+06	4.401580e+06	4.382380e+06	4.409480e+06	4.394960e+06	4.395200e+06	4.385160e+06	4.382080e+06	4.392540e+06	4.399300e+06	4.385620e+06	4.389220e+06	4.394640e+06	4.414800e+06	4.411880e+06	4.397960e+06	4.387280e+06	4.390580e+06	4.397180e+06	4.403880e+06	4.408780e+06	4.391660e+06	4.401160e+06	4.406700e+06	4.397040e+06	4.389800e+06	4.391280e+06	4.406840e+06	4.387040e+06	4.388060e+06	4.390580e+06	4.399000e+06	4.382580e+06	4.381280e+06	4.375260e+06	4.388740e+06	4.391660e+06	4.388900e+06	4.382700e+06	4.397920e+06	4.371880e+06	4.378760e+06	4.391680e+06	4.393880e+06	4.398260e+06	4.403220e+06	4.392200e+06	4.398800e+06	4.401240e+06	4.398620e+06	4.392040e+06	4.399760e+06	4.391140e+06	4.388080e+06	4.407940e+06	4.392040e+06	4.396840e+06	4.403780e+06	4.401220e+06	4.397980e+06
4.408580e+06	4.406440e+06	4.416900e+06	4.428780e+06	4.400620e+06	4.395340e+06	4.387680e+06	4.399940e+06	4.407760e+06	4.397600e+06	4.401260e+06	4.401160e+06	4.397840e+06	4.387260e+06	4.384800e+06	4.385520e+06	4.379780e+06	4.398620e+06	4.401140e+06	4.397620e+06	4.378160e+06	4.380160e+06	4.385920e+06	4.377900e+06	4.397620e+06	4.378840e+06	4.399120e+06	4.393740e+06	4.397980e+06	4.409200e+06	4.404920e+06	4.399940e+06	4.410900e+06	4.403260e+06	4.399140e+06	4.399740e+06	4.386060e+06	4.400460e+06	4.409000e+06	4.400980e+06	4.399400e+06	4.409440e+06	4.417040e+06	4.400000e+06	4.391620e+06	4.387800e+06	4.403920e+06	4.395840e+06	4.389040e+06	4.374920e+06	4.395960e+06	4.384980e+06	4.387560e+06	4.378440e+06	4.401920e+06	4.382620e+06	4.380180e+06	4.394420e+06	4.391380e+06	4.400900e+06	4.394420e+06	4.402360e+06	4.405360e+06	4.427200e+06	4.390520e+06	4.401900e+06	4.405900e+06	4.397320e+06	4.402540e+06	4.404820e+06	4.390680e+06	4.412400e+06	4.402420e+06	4.407820e+06	4.406360e+06	4.389380e+06
4.407360e+06	4.416160e+06	4.400700e+06	4.401280e+06	4.398120e+06	4.401080e+06	4.402240e+06	4.420000e+06	4.412920e+06	4.403620e+06	4.391040e+06	4.398900e+06	4.412620e+06	4.409060e+06	4.390560e+06	4.398260e+06	4.384080e+06	4.410620e+06	4.420820e+06	4.411880e+06	4.392140e+06	4.415640e+06	4.393480e+06	4.403920e+06	4.401520e+06	4.404980e+06	4.397240e+06	4.397840e+06	4.412080e+06	4.397480e+06	4.411240e+06	4.411640e+06	4.417280e+06	4.423260e+06	4.409600e+06	4.397320e+06	4.412480e+06	4.418940e+06	4.411020e+06	4.406640e+06	4.402920e+06	4.406040e+06	4.417780e+06	4.410080e+06	4.392180e+06	4.396920e+06	4.399540e+06	4.406080e+06	4.407500e+06	4.391100e+06	4.393020e+06	4.388660e+06	4.406680e+06	4.402920e+06	4.401060e+06	4.386340e+06	4.404960e+06	4.397520e+06	4.411960e+06	4.407480e+06	4.405600e+06	4.406200e+06	4.400600e+06	4.400840e+06	4.413500e+06	4.409780e+06	4.406580e+06	4.422240e+06	4.395860e+06	4.398540e+06	4.409220e+06	4.398740e+06	4.406880e+06	4.398140e+06	4.391340e+06	4.424180e+06
4.394480e+06	4.390600e+06	4.402680e+06	4.397300e+06	4.399440e+06	4.405080e+06	4.404940e+06	4.393580e+06	4.400760e+06	4.400560e+06	4.410480e+06	4.393560e+06	4.391120e+06	4.393320e+06	4.392460e+06	4.396080e+06	4.393620e+06	4.399020e+06	4.392680e+06	4.412740e+06	4.392200e+06	4.387720e+06	4.388480e+06	4.389640e+06	4.390580e+06	4.380400e+06	4.385040e+06	4.383500e+06	4.398360e+06	4.412220e+06	4.415820e+06	4.407100e+06	4.405200e+06	4.423580e+06	4.397880e+06	4.391680e+06	4.395740e+06	4.402920e+06	4.392720e+06	4.409000e+06	4.401880e+06	4.405760e+06	4.393360e+06	4.401960e+06	4.396520e+06	4.396000e+06	4.390380e+06	4.383880e+06	4.392940e+06	4.395840e+06	4.396640e+06	4.395400e+06	4.397000e+06	4.391420e+06	4.394560e+06	4.392920e+06	4.401240e+06	4.394680e+06	4.394140e+06	4.410240e+06	4.411160e+06	4.405240e+06	4.391580e+06	4.409540e+06	4.414500e+06	4.395860e+06	4.411220e+06	4.405660e+06	4.407220e+06	4.423260e+06	4.404100e+06	4.411540e+06	4.388600e+06	4.403040e+06	4.414860e+06	4.410660e+06
4.424580e+06	4.404580e+06	4.411660e+06	4.405040e+06	4.419200e+06	4.410340e+06	4.402880e+06	4.392040e+06	4.405960e+06	4.400080e+06	4.411340e+06	4.402320e+06	4.403140e+06	4.397880e+06	4.385040e+06	4.388500e+06	4.380700e+06	4.396120e+06	4.402260e+06	4.403920e+06	4.392120e+06	4.390740e+06	4.397760e+06	4.392920e+06	4.425680e+06	4.387520e+06	4.384500e+06	4.388060e+06	4.412360e+06	4.406440e+06	4.406600e+06	4.400860e+06	4.408040e+06	4.405040e+06	4.407600e+06	4.400280e+06	4.399260e+06	4.415820e+06	4.402980e+06	4.385120e+06	4.396160e+06	4.393280e+06	4.398740e+06	4.384220e+06	4.407860e+06	4.386120e+06	4.401780e+06	4.381080e+06	4.390540e+06	4.385420e+06	4.391300e+06	4.381740e+06	4.399320e+06	4.396460e+06	4.402340e+06	4.390380e+06	4.395940e+06	4.376400e+06	4.387280e+06	4.391280e+06	4.399660e+06	4.383760e+06	4.397600e+06	4.392400e+06	4.403680e+06	4.413180e+06	4.400980e+06	4.405680e+06	4.390860e+06	4.387660e+06	4.407920e+06	4.388240e+06	4.399120e+06	4.395220e+06	4.402700e+06	4.404600e+06
4.456160e+06	4.432380e+06	4.429000e+06	4.413420e+06	4.422740e+06	4.442760e+06	4.442960e+06	4.436100e+06	4.440060e+06	4.441220e+06	4.437180e+06	4.419340e+06	4.430480e+06	4.415600e+06	4.425860e+06	4.409660e+06	4.409040e+06	4.429260e+06	4.415080e+06	4.425500e+06	4.416140e+06	4.414360e+06	4.412460e+06	4.424280e+06	4.423860e+06	4.412080e+06	4.409120e+06	4.398480e+06	4.413760e+06	4.427620e+06	4.441040e+06	4.435460e+06	4.415040e+06	4.420300e+06	4.434300e+06	4.435780e+06	4.425700e+06	4.425400e+06	4.435480e+06	4.426400e+06	4.415120e+06	4.434800e+06	4.403960e+06	4.412460e+06	4.415480e+06	4.408660e+06	4.416200e+06	4.412400e+06	4.419080e+06	4.397720e+06	4.402700e+06	4.404640e+06	4.408840e+06	4.407440e+06	4.420960e+06	4.415860e+06	4.408480e+06	4.403560e+06	4.431520e+06	4.434300e+06	4.429860e+06	4.423220e+06	4.412760e+06	4.423960e+06	4.416460e+06	4.415480e+06	4.412020e+06	4.401380e+06	4.410500e+06	4.422020e+06	4.425600e+06	4.414040e+06	4.405180e+06	4.405600e+06	4.413500e+06	4.426800e+06
4.432280e+06	4.411820e+06	4.422920e+06	4.434700e+06	4.417400e+06	4.416920e+06	4.436820e+06	4.436780e+06	4.431320e+06	4.426440e+06	4.434540e+06	4.427020e+06	4.414260e+06	4.431400e+06	4.426240e+06	4.407720e+06	4.426260e+06	4.415180e+06	4.417440e+06	4.428000e+06	4.438480e+06	4.414040e+06	4.427240e+06	4.421540e+06	4.419880e+06	4.424080e+06	4.434240e+06	4.432680e+06	4.438520e+06	4.426140e+06	4.437340e+06	4.427320e+06	4.424760e+06	4.432600e+06	4.429980e+06	4.423440e+06	4.430980e+06	4.424700e+06	4.431980e+06	4.424700e+06	4.433520e+06	4.452760e+06	4.438080e+06	4.431700e+06	4.427080e+06	4.434100e+06	4.433660e+06	4.425520e+06	4.426600e+06	4.431740e+06	4.421480e+06	4.405440e+06	4.423200e+06	4.413480e+06	4.427740e+06	4.422080e+06	4.421360e+06	4.421600e+06	4.429620e+06	4.432220e+06	4.425620e+06	4.423960e+06	4.432120e+06	4.424240e+06	4.429680e+06	4.428560e+06	4.433280e+06	4.428740e+06	4.435700e+06	4.429540e+06	4.432920e+06	4.430200e+06	4.436260e+06	4.417280e+06	4.446820e+06	4.434720e+06
4.441080e+06	4.430300e+06	4.415680e+06	4.444020e+06	4.423460e+06	4.431080e+06	4.443180e+06	4.434980e+06	4.444640e+06	4.431000e+06	4.442380e+06	4.414880e+06	4.420500e+06	4.422700e+06	4.425880e+06	4.414720e+06	4.425960e+06	4.423460e+06	4.434380e+06	4.431960e+06	4.426100e+06	4.421260e+06	4.428160e+06	4.415320e+06	4.433080e+06	4.425220e+06	4.426480e+06	4.423480e+06	4.434540e+06	4.435280e+06	4.443080e+06	4.425820e+06	4.429060e+06	4.427280e+06	4.438200e+06	4.433100e+06	4.443440e+06	4.435980e+06	4.438740e+06	4.424300e+06	4.428580e+06	4.428940e+06	4.427720e+06	4.418320e+06	4.425980e+06	4.417140e+06	4.430420e+06	4.429120e+06	4.419080e+06	4.421400e+06	4.416260e+06	4.418900e+06	4.415060e+06	4.429500e+06	4.435080e+06	4.423000e+06	4.418380e+06	4.430620e+06	4.428040e+06	4.442040e+06	4.421380e+06	4.432300e+06	4.434340e+06	4.439440e+06	4.469360e+06	4.427580e+06	4.447740e+06	4.449820e+06	4.427540e+06	4.432660e+06	4.430500e+06	4.433460e+06	4.437340e+06	4.428860e+06	4.424580e+06	4.427220e+06
4.445040e+06	4.425840e+06	4.437620e+06	4.432020e+06	4.439400e+06	4.453180e+06	4.443540e+06	4.442920e+06	4.435480e+06	4.437740e+06	4.439780e+06	4.439560e+06	4.445140e+06	4.416000e+06	4.415440e+06	4.421120e+06	4.431060e+06	4.442640e+06	4.425520e+06	4.421060e+06	4.418740e+06	4.413680e+06	4.422540e+06	4.422660e+06	4.436400e+06	4.437940e+06	4.433480e+06	4.419800e+06	4.436120e+06	4.444720e+06	4.440820e+06	4.437440e+06	4.436580e+06	4.439120e+06	4.435780e+06	4.437540e+06	4.438860e+06	4.429760e+06	4.434300e+06	4.434600e+06	4.444020e+06	4.447580e+06	4.446320e+06	4.446280e+06	4.432260e+06	4.433780e+06	4.435140e+06	4.424300e+06	4.418400e+06	4.422380e+06	4.414380e+06	4.427820e+06	4.430080e+06	4.443640e+06	4.435500e+06	4.420240e+06	4.425380e+06	4.417780e+06	4.440180e+06	4.440480e+06	4.435300e+06	4.450240e+06	4.446900e+06	4.422600e+06	4.443880e+06	4.431040e+06	4.426660e+06	4.459620e+06	4.456860e+06	4.447440e+06	4.438280e+06	4.436420e+06	4.427840e+06	4.439800e+06	4.428380e+06	4.442700e+06
4.403180e+06	4.407540e+06	4.399920e+06	4.415600e+06	4.421740e+06	4.420640e+06	4.427440e+06	4.399580e+06	4.410820e+06	4.423100e+06	4.400140e+06	4.411340e+06	4.393960e+06	4.410420e+06	4.401580e+06	4.394060e+06	4.413340e+06	4.424000e+06	4.415240e+06	4.409180e+06	4.398520e+06	4.403000e+06	4.407760e+06	4.402860e+06	4.402740e+06	4.406320e+06	4.418800e+06	4.406980e+06	4.408880e+06	4.413300e+06	4.405020e+06	4.421560e+06	4.404780e+06	4.428120e+06	4.400600e+06	4.410520e+06	4.422340e+06	4.423540e+06	4.409580e+06	4.415980e+06	4.409840e+06	4.436760e+06	4.417380e+06	4.421140e+06	4.416000e+06	4.423860e+06	4.416240e+06	4.409400e+06	4.424000e+06	4.423060e+06	4.408240e+06	4.403440e+06	4.416980e+06	4.409280e+06	4.420360e+06	4.423680e+06	4.415220e+06	4.417900e+06	4.419400e+06	4.423960e+06	4.427800e+06	4.429080e+06	4.430100e+06	4.434560e+06	4.430720e+06	4.421080e+06	4.421720e+06	4.417780e+06	4.451880e+06	4.416720e+06	4.429120e+06	4.433180e+06	4.420820e+06	4.427720e+06	4.436980e+06	4.446860e+06
4.398420e+06	4.397900e+06	4.383620e+06	4.388800e+06	4.387060e+06	4.403220e+06	4.396460e+06	4.394940e+06	4.391140e+06	4.398560e+06	4.390560e+06	4.394760e+06	4.389980e+06	4.376820e+06	4.377800e+06	4.388060e+06	4.370620e+06	4.387240e+06	4.391440e+06	4.385900e+06	4.385920e+06	4.377820e+06	4.393400e+06	4.384540e+06	4.381280e+06	4.369540e+06	4.402380e+06	4.389100e+06	4.383800e+06	4.401160e+06	4.396460e+06	4.412000e+06	4.394260e+06	4.391720e+06	4.412700e+06	4.414640e+06	4.395540e+06	4.394880e+06	4.401840e+06	4.389120e+06	4.395800e+06	4.405860e+06	4.398200e+06	4.388680e+06	4.383500e+06	4.400400e+06	4.383880e+06	4.389200e+06	4.378060e+06	4.391840e+06	4.394040e+06	4.394860e+06	4.385200e+06	4.375920e+06	4.398360e+06	4.387100e+06	4.394180e+06	4.380800e+06	4.393500e+06	4.383980e+06	4.409620e+06	4.409660e+06	4.403640e+06	4.389920e+06	4.411460e+06	4.403060e+06	4.403100e+06	4.400560e+06	4.389900e+06	4.399100e+06	4.399480e+06	4.392740e+06	4.406020e+06	4.407360e+06	4.408600e+06	4.390320e+06
4.398940e+06	4.401540e+06	4.397420e+06	4.404520e+06	4.402060e+06	4.404220e+06	4.399760e+06	4.396880e+06	4.409800e+06	4.398360e+06	4.393900e+06	4.396960e+06	4.407460e+06	4.392360e+06	4.394260e+06	4.389480e+06	4.406020e+06	4.384960e+06	4.382000e+06	4.385400e+06	4.382680e+06	4.388120e+06	4.384360e+06	4.394220e+06	4.385540e+06	4.392860e+06	4.394760e+06	4.387420e+06	4.400400e+06	4.403600e+06	4.401880e+06	4.397640e+06	4.385680e+06	4.397260e+06	4.402000e+06	4.411640e+06	4.392880e+06	4.394300e+06	4.402260e+06	4.381120e+06	4.390600e+06	4.392240e+06	4.402700e+06	4.400600e+06	4.400640e+06	4.389060e+06	4.380860e+06	4.386480e+06	4.381860e+06	4.381000e+06	4.379280e+06	4.385440e+06	4.384440e+06	4.400320e+06	4.392400e+06	4.389360e+06	4.385060e+06	4.396500e+06	4.390100e+06	4.393440e+06	4.380000e+06	4.402500e+06	4.397540e+06	4.403640e+06	4.388100e+06	4.400140e+06	4.405640e+06	4.402100e+06	4.399340e+06	4.398480e+06	4.403180e+06	4.387840e+06	4.403200e+06	4.399440e+06	4.397020e+06	4.396060e+06
4.382620e+06	4.369360e+06	4.366400e+06	4.385640e+06	4.374760e+06	4.367980e+06	4.367600e+06	4.396180e+06	4.368280e+06	4.367680e+06	4.393220e+06	4.378200e+06	4.367960e+06	4.373280e+06	4.354380e+06	4.362440e+06	4.355520e+06	4.385520e+06	4.377520e+06	4.374420e+06	4.359000e+06	4.364440e+06	4.357680e+06	4.374280e+06	4.383880e+06	4.376440e+06	4.372960e+06	4.381760e+06	4.370840e+06	4.386020e+06	4.385600e+06	4.380160e+06	4.386980e+06	4.382420e+06	4.366040e+06	4.386580e+06	4.379440e+06	4.390020e+06	4.391860e+06	4.383620e+06	4.375400e+06	4.369340e+06	4.387760e+06	4.382680e+06	4.393820e+06	4.367560e+06	4.375260e+06	4.377500e+06	4.370900e+06	4.378200e+06	4.375360e+06	4.369040e+06	4.377120e+06	4.369160e+06	4.390100e+06	4.378280e+06	4.394760e+06	4.384800e+06	4.380700e+06	4.386580e+06	4.382580e+06	4.390620e+06	4.395680e+06	4.387300e+06	4.378360e+06	4.385480e+06	4.395380e+06	4.387740e+06	4.398620e+06	4.399460e+06	4.405540e+06	4.403300e+06	4.388600e+06	4.382420e+06	4.392140e+06	4.401820e+06
4.407600e+06	4.392760e+06	4.400220e+06	4.403800e+06	4.400880e+06	4.387780e+06	4.397120e+06	4.402980e+06	4.393880e+06	4.376380e+06	4.383960e+06	4.407040e+06	4.400940e+06	4.383640e+06	4.376840e+06	4.377040e+06	4.374440e+06	4.397160e+06	4.378940e+06	4.383080e+06	4.381260e+06	4.373200e+06	4.385760e+06	4.383400e+06	4.377140e+06	4.391140e+06	4.389500e+06	4.376680e+06	4.392220e+06	4.368520e+06	4.394700e+06	4.392640e+06	4.390820e+06	4.394440e+06	4.391060e+06	4.378380e+06	4.392340e+06	4.392340e+06	4.398020e+06	4.386200e+06	4.382340e+06	4.391460e+06	4.378820e+06	4.387780e+06	4.380720e+06	4.384820e+06	4.378960e+06	4.367580e+06	4.374700e+06	4.366100e+06	4.352440e+06	4.372580e+06	4.391680e+06	4.374740e+06	4.394900e+06	4.378480e+06	4.376020e+06	4.385440e+06	4.380040e+06	4.377760e+06	4.390860e+06	4.389360e+06	4.397620e+06	4.376080e+06	4.384880e+06	4.384820e+06	4.373680e+06	4.379100e+06	4.386440e+06	4.386940e+06	4.378080e+06	4.394120e+06	4.385060e+06	4.379440e+06	4.377560e+06	4.368620e+06
4.390440e+06	4.392680e+06	4.394240e+06	4.392320e+06	4.381360e+06	4.395780e+06	4.398420e+06	4.366900e+06	4.379960e+06	4.369380e+06	4.384700e+06	4.380680e+06	4.383960e+06	4.386660e+06	4.371520e+06	4.362600e+06	4.356180e+06	4.366080e+06	4.363080e+06	4.378720e+06	4.385420e+06	4.364680e+06	4.361820e+06	4.363920e+06	4.355320e+06	4.379800e+06	4.370820e+06	4.377000e+06	4.364500e+06	4.360380e+06	4.381480e+06	4.377040e+06	4.363580e+06	4.385760e+06	4.393440e+06	4.374180e+06	4.374960e+06	4.384160e+06	4.378440e+06	4.380300e+06	4.387840e+06	4.380740e+06	4.387180e+06	4.371220e+06	4.372700e+06	4.377340e+06	4.380080e+06	4.382520e+06	4.374640e+06	4.355960e+06	4.380100e+06	4.368280e+06	4.390220e+06	4.398460e+06	4.386580e+06	4.378760e+06	4.368240e+06	4.381200e+06	4.392220e+06	4.395800e+06	4.381340e+06	4.387560e+06	4.394240e+06	4.392380e+06	4.377520e+06	4.388280e+06	4.381800e+06	4.382700e+06	4.386420e+06	4.411640e+06	4.392060e+06	4.381180e+06	4.372080e+06	4.372620e+06	4.380340e+06	4.391980e+06
4.420660e+06	4.426920e+06	4.421740e+06	4.418220e+06	4.422760e+06	4.432560e+06	4.415620e+06	4.413540e+06	4.409460e+06	4.418140e+06	4.416820e+06	4.418900e+06	4.425320e+06	4.410020e+06	4.409420e+06	4.406580e+06	4.422960e+06	4.413320e+06	4.411140e+06	4.420620e+06	4.396100e+06	4.410580e+06	4.415100e+06	4.410860e+06	4.405040e+06	4.404360e+06	4.397180e+06	4.407580e+06	4.400380e+06	4.403200e+06	4.426640e+06	4.407240e+06	4.409980e+06	4.417540e+06	4.398740e+06	4.417400e+06	4.403680e+06	4.411760e+06	4.418460e+06	4.397940e+06	4.405200e+06	4.411320e+06	4.418540e+06	4.406260e+06	4.400380e+06	4.401880e+06	4.396100e+06	4.405400e+06	4.389200e+06	4.394820e+06	4.371920e+06	4.380320e+06	4.399200e+06	4.394240e+06	4.394660e+06	4.388140e+06	4.390580e+06	4.396600e+06	4.400260e+06	4.388720e+06	4.401200e+06	4.404300e+06	4.402260e+06	4.392760e+06	4.404760e+06	4.406640e+06	4.402100e+06	4.408160e+06	4.396240e+06	4.391180e+06	4.399180e+06	4.399200e+06	4.392600e+06	4.388600e+06	4.392480e+06	4.396300e+06
4.431660e+06	4.442760e+06	4.429400e+06	4.431040e+06	4.432160e+06	4.425620e+06	4.425260e+06	4.438380e+06	4.429180e+06	4.448120e+06	4.428620e+06	4.425980e+06	4.423160e+06	4.421920e+06	4.418680e+06	4.411560e+06	4.409740e+06	4.432180e+06	4.417520e+06	4.425580e+06	4.423100e+06	4.423880e+06	4.418400e+06	4.410940e+06	4.427820e+06	4.419600e+06	4.426540e+06	4.430740e+06	4.425020e+06	4.439840e+06	4.431380e+06	4.433340e+06	4.439780e+06	4.430460e+06	4.447340e+06	4.433840e+06	4.426280e+06	4.432900e+06	4.434520e+06	4.431940e+06	4.424320e+06	4.431060e+06	4.430300e+06	4.424460e+06	4.430740e+06	4.413040e+06	4.441300e+06	4.403180e+06	4.428520e+06	4.414000e+06	4.414540e+06	4.396280e+06	4.410460e+06	4.427100e+06	4.432220e+06	4.423960e+06	4.420980e+06	4.427280e+06	4.418820e+06	4.436540e+06	4.429460e+06	4.418940e+06	4.421840e+06	4.435140e+06	4.424920e+06	4.444480e+06	4.429220e+06	4.422020e+06	4.431300e+06	4.429100e+06	4.417380e+06	4.416700e+06	4.425660e+06	4.431780e+06	4.422360e+06	4.430580e+06
4.385780e+06	4.383940e+06	4.383840e+06	4.407780e+06	4.379840e+06	4.390500e+06	4.382220e+06	4.384140e+06	4.388080e+06	4.401920e+06	4.401300e+06	4.393780e+06	4.391220e+06	4.389780e+06	4.365260e+06	4.381040e+06	4.379400e+06	4.394100e+06	4.394960e+06	4.388780e+06	4.388880e+06	4.382520e+06	4.385180e+06	4.373840e+06	4.402760e+06	4.375160e+06	4.389220e+06	4.389620e+06	4.403060e+06	4.389020e+06	4.395120e+06	4.401340e+06	4.383040e+06	4.390280e+06	4.391820e+06	4.397460e+06	4.401380e+06	4.414380e+06	4.395180e+06	4.391820e+06	4.415000e+06	4.399940e+06	4.409440e+06	4.411520e+06	4.401220e+06	4.402820e+06	4.399120e+06	4.389640e+06	4.408920e+06	4.406880e+06	4.390500e+06	4.385280e+06	4.413460e+06	4.395880e+06	4.411120e+06	4.411620e+06	4.410040e+06	4.414540e+06	4.416200e+06	4.412800e+06	4.407120e+06	4.431260e+06	4.416500e+06	4.423360e+06	4.418740e+06	4.419380e+06	4.409680e+06	4.416860e+06	4.422580e+06	4.420520e+06	4.417920e+06	4.404820e+06	4.410560e+06	4.417400e+06	4.421380e+06	4.435420e+06
4.392760e+06	4.397220e+06	4.379560e+06	4.383320e+06	4.383220e+06	4.381720e+06	4.395540e+06	4.391880e+06	4.368680e+06	4.378660e+06	4.388360e+06	4.384140e+06	4.378000e+06	4.383620e+06	4.378740e+06	4.393680e+06	4.389780e+06	4.374640e+06	4.375320e+06	4.398400e+06	4.391460e+06	4.392680e+06	4.390040e+06	4.371320e+06	4.392600e+06	4.389580e+06	4.400640e+06	4.400420e+06	4.399760e+06	4.396540e+06	4.408560e+06	4.401600e+06	4.399080e+06	4.396500e+06	4.400940e+06	4.407540e+06	4.385580e+06	4.398360e+06	4.382220e+06	4.396460e+06	4.391420e+06	4.401920e+06	4.398540e+06	4.396720e+06	4.379480e+06	4.393600e+06	4.368820e+06	4.372260e+06	4.380700e+06	4.389560e+06	4.372140e+06	4.378540e+06	4.374400e+06	4.385360e+06	4.377580e+06	4.383160e+06	4.385220e+06	4.377640e+06	4.382600e+06	4.390780e+06	4.388880e+06	4.399820e+06	4.388960e+06	4.394800e+06	4.395740e+06	4.396400e+06	4.385980e+06	4.393700e+06	4.395420e+06	4.393600e+06	4.403220e+06	4.387620e+06	4.395480e+06	4.391920e+06	4.387180e+06	4.383860e+06
4.362560e+06	4.361500e+06	4.361180e+06	4.368220e+06	4.355400e+06	4.363440e+06	4.373000e+06	4.364220e+06	4.358060e+06	4.350920e+06	4.364820e+06	4.367260e+06	4.370620e+06	4.357580e+06	4.332440e+06	4.335440e+06	4.360000e+06	4.352600e+06	4.361880e+06	4.359380e+06	4.342220e+06	4.362540e+06	4.356440e+06	4.354580e+06	4.350060e+06	4.354920e+06	4.349740e+06	4.358700e+06	4.347040e+06	4.359840e+06	4.359100e+06	4.365280e+06	4.366940e+06	4.364100e+06	4.358300e+06	4.369620e+06	4.362620e+06	4.352400e+06	4.347640e+06	4.353620e+06	4.362920e+06	4.363520e+06	4.367600e+06	4.361960e+06	4.345280e+06	4.352620e+06	4.354800e+06	4.361240e+06	4.342720e+06	4.330760e+06	4.354340e+06	4.350440e+06	4.356900e+06	4.362020e+06	4.358520e+06	4.350460e+06	4.363940e+06	4.355540e+06	4.361580e+06	4.354320e+06	4.365680e+06	4.348660e+06	4.368700e+06	4.383160e+06	4.378900e+06	4.380660e+06	4.376740e+06	4.385820e+06	4.381420e+06	4.386440e+06	4.388080e+06	4.358600e+06	4.378620e+06	4.380060e+06	4.380900e+06	4.377100e+06
