#Saved Data from the class odmr_logic on 23.06.2022 at 18h37m43s.
#
#Parameters:
#===========
#
#Microwave CW Power (dBm): -1.0000000000000000e+01
#Microwave Sweep Power (dBm): 0.0000000000000000e+00
#Run Time (s): 1.8000000000000000e+02
#Number of frequency sweeps (#): 12
#Start Frequencies (Hz): [2800000000.0]
#Stop Frequencies (Hz): [2950000000.0]
#Step sizes (Hz): [500000.0]
#Clock Frequencies (Hz): 20
#Channel: 0: /Dev1/Ctr3
#
#Data:
#=====
#count data (counts/s)
2.315660e+06	2.323400e+06	2.316260e+06	2.333440e+06	2.309720e+06	2.314900e+06	2.327660e+06	2.325160e+06	2.321020e+06	2.319820e+06	2.319780e+06	2.322740e+06	2.325760e+06	2.323200e+06	2.324460e+06	2.313300e+06	2.313380e+06	2.319660e+06	2.313480e+06	2.331600e+06	2.325660e+06	2.319640e+06	2.320980e+06	2.326400e+06	2.321240e+06	2.313500e+06	2.325120e+06	2.321780e+06	2.320940e+06	2.316460e+06	2.318920e+06	2.329660e+06	2.303940e+06	2.327480e+06	2.323380e+06	2.316780e+06	2.332280e+06	2.317700e+06	2.324180e+06	2.312700e+06	2.322460e+06	2.329920e+06	2.320220e+06	2.331400e+06	2.326240e+06	2.324560e+06	2.315600e+06	2.323360e+06	2.320960e+06	2.310820e+06	2.325800e+06	2.318920e+06	2.312880e+06	2.322540e+06	2.327960e+06	2.323740e+06	2.314640e+06	2.325700e+06	2.325200e+06	2.322500e+06	2.329880e+06	2.323560e+06	2.323480e+06	2.313420e+06	2.310520e+06	2.313720e+06	2.330000e+06	2.335280e+06	2.326280e+06	2.334380e+06	2.327320e+06	2.316660e+06	2.321580e+06	2.323420e+06	2.315840e+06	2.316000e+06	2.336720e+06	2.327560e+06	2.318980e+06	2.326860e+06	2.325040e+06	2.310300e+06	2.326020e+06	2.320820e+06	2.315760e+06	2.318040e+06	2.331220e+06	2.325300e+06	2.317560e+06	2.323120e+06	2.318220e+06	2.328600e+06	2.323600e+06	2.326600e+06	2.322400e+06	2.317120e+06	2.324400e+06	2.324180e+06	2.311120e+06	2.310700e+06	2.318560e+06	2.309560e+06	2.321860e+06	2.316900e+06	2.332240e+06	2.313320e+06	2.314260e+06	2.319000e+06	2.318100e+06	2.311740e+06	2.307040e+06	2.318120e+06	2.304240e+06	2.317180e+06	2.314600e+06	2.313780e+06	2.313500e+06	2.312760e+06	2.314420e+06	2.314800e+06	2.306640e+06	2.302720e+06	2.310860e+06	2.307820e+06	2.305380e+06	2.305840e+06	2.294340e+06	2.292060e+06	2.305060e+06	2.304240e+06	2.301280e+06	2.287960e+06	2.294000e+06	2.303940e+06	2.292280e+06	2.311480e+06	2.298720e+06	2.310320e+06	2.302400e+06	2.308880e+06	2.312020e+06	2.324460e+06	2.310380e+06	2.305680e+06	2.311560e+06	2.302680e+06	2.291080e+06	2.298080e+06	2.302140e+06	2.302900e+06	2.299780e+06	2.306280e+06	2.297820e+06	2.311340e+06	2.298160e+06	2.306780e+06	2.300480e+06	2.305920e+06	2.305540e+06	2.312020e+06	2.297400e+06	2.307480e+06	2.311880e+06	2.311080e+06	2.309400e+06	2.321060e+06	2.306060e+06	2.318940e+06	2.317760e+06	2.319860e+06	2.321640e+06	2.297440e+06	2.325000e+06	2.317480e+06	2.323580e+06	2.316640e+06	2.327940e+06	2.330340e+06	2.325440e+06	2.321020e+06	2.321140e+06	2.324420e+06	2.328380e+06	2.318580e+06	2.325820e+06	2.331660e+06	2.322740e+06	2.311180e+06	2.313620e+06	2.326400e+06	2.316280e+06	2.317160e+06	2.309520e+06	2.316500e+06	2.326640e+06	2.325340e+06	2.322460e+06	2.331120e+06	2.320700e+06	2.320920e+06	2.321360e+06	2.316760e+06	2.324560e+06	2.318760e+06	2.317760e+06	2.317760e+06	2.321960e+06	2.312860e+06	2.324320e+06	2.322780e+06	2.322800e+06	2.318900e+06	2.323880e+06	2.313820e+06	2.320580e+06	2.322340e+06	2.317100e+06	2.317180e+06	2.326720e+06	2.317020e+06	2.325140e+06	2.322520e+06	2.336080e+06	2.328540e+06	2.327020e+06	2.333140e+06	2.322020e+06	2.327080e+06	2.321680e+06	2.316900e+06	2.318940e+06	2.323140e+06	2.321260e+06	2.325760e+06	2.328960e+06	2.318640e+06	2.325720e+06	2.316960e+06	2.327120e+06	2.323620e+06	2.325260e+06	2.315660e+06	2.331280e+06	2.326200e+06	2.323860e+06	2.319440e+06	2.321280e+06	2.333420e+06	2.316800e+06	2.323540e+06	2.316140e+06	2.313240e+06	2.323260e+06	2.320680e+06	2.324400e+06	2.324100e+06	2.331420e+06	2.324180e+06	2.315420e+06	2.322280e+06	2.332280e+06	2.328080e+06	2.325520e+06	2.319400e+06	2.317680e+06	2.322380e+06	2.332060e+06	2.326060e+06	2.307280e+06	2.320820e+06	2.320800e+06	2.313720e+06	2.306820e+06	2.318840e+06	2.312000e+06	2.317560e+06	2.326440e+06	2.312000e+06	2.320000e+06	2.326280e+06	2.311920e+06	2.316320e+06	2.310360e+06	2.313680e+06	2.320960e+06	2.325020e+06	2.323680e+06	2.326960e+06	2.322400e+06	2.320120e+06	2.312920e+06	2.311020e+06	2.313740e+06	2.320080e+06	2.320340e+06	2.314620e+06	2.314620e+06	2.316380e+06	2.317040e+06	2.319540e+06	2.316420e+06
2.305740e+06	2.319400e+06	2.323860e+06	2.333640e+06	2.323180e+06	2.315800e+06	2.320400e+06	2.312740e+06	2.303580e+06	2.315700e+06	2.331000e+06	2.328340e+06	2.312560e+06	2.315540e+06	2.319180e+06	2.316040e+06	2.312920e+06	2.318080e+06	2.319960e+06	2.324840e+06	2.323960e+06	2.322000e+06	2.328260e+06	2.312000e+06	2.314980e+06	2.322580e+06	2.318000e+06	2.324020e+06	2.328160e+06	2.322040e+06	2.313180e+06	2.325040e+06	2.319240e+06	2.308740e+06	2.325140e+06	2.321840e+06	2.310140e+06	2.317060e+06	2.314140e+06	2.315360e+06	2.317260e+06	2.312500e+06	2.311100e+06	2.324540e+06	2.321040e+06	2.323280e+06	2.316980e+06	2.329400e+06	2.320400e+06	2.318540e+06	2.314600e+06	2.311140e+06	2.312960e+06	2.314320e+06	2.318760e+06	2.326700e+06	2.328220e+06	2.330320e+06	2.317960e+06	2.326960e+06	2.316020e+06	2.313680e+06	2.321860e+06	2.314160e+06	2.316940e+06	2.313140e+06	2.317940e+06	2.319540e+06	2.315040e+06	2.327360e+06	2.314760e+06	2.315180e+06	2.323200e+06	2.322840e+06	2.324260e+06	2.320480e+06	2.307960e+06	2.324380e+06	2.314920e+06	2.326060e+06	2.318000e+06	2.314800e+06	2.315600e+06	2.330240e+06	2.315240e+06	2.328780e+06	2.324860e+06	2.328220e+06	2.322260e+06	2.308780e+06	2.316300e+06	2.311320e+06	2.320820e+06	2.313680e+06	2.305100e+06	2.321820e+06	2.320720e+06	2.325800e+06	2.316360e+06	2.316840e+06	2.317560e+06	2.316720e+06	2.315980e+06	2.324200e+06	2.312420e+06	2.315560e+06	2.310860e+06	2.318000e+06	2.326440e+06	2.306340e+06	2.311080e+06	2.305060e+06	2.304760e+06	2.300260e+06	2.311940e+06	2.305140e+06	2.314520e+06	2.313140e+06	2.310900e+06	2.311100e+06	2.324500e+06	2.305260e+06	2.315840e+06	2.303340e+06	2.304360e+06	2.298840e+06	2.300420e+06	2.288200e+06	2.309280e+06	2.294080e+06	2.298660e+06	2.299940e+06	2.300300e+06	2.286100e+06	2.297820e+06	2.305840e+06	2.301380e+06	2.304480e+06	2.301000e+06	2.335060e+06	2.322660e+06	2.308640e+06	2.312800e+06	2.318860e+06	2.306300e+06	2.341420e+06	2.327240e+06	2.303160e+06	2.309920e+06	2.291800e+06	2.296900e+06	2.286660e+06	2.300580e+06	2.316780e+06	2.317080e+06	2.299460e+06	2.311220e+06	2.303900e+06	2.308360e+06	2.304360e+06	2.313380e+06	2.300280e+06	2.306820e+06	2.313000e+06	2.309380e+06	2.311400e+06	2.307460e+06	2.305800e+06	2.303940e+06	2.310720e+06	2.312960e+06	2.318620e+06	2.320100e+06	2.309000e+06	2.307560e+06	2.312860e+06	2.317980e+06	2.311340e+06	2.316680e+06	2.309600e+06	2.325220e+06	2.329140e+06	2.328360e+06	2.322700e+06	2.334320e+06	2.320200e+06	2.312060e+06	2.324280e+06	2.322760e+06	2.311440e+06	2.310740e+06	2.325880e+06	2.320340e+06	2.320100e+06	2.326900e+06	2.322920e+06	2.323700e+06	2.310000e+06	2.324680e+06	2.314940e+06	2.320760e+06	2.321040e+06	2.315280e+06	2.317080e+06	2.316960e+06	2.324380e+06	2.318440e+06	2.322840e+06	2.312920e+06	2.317640e+06	2.320640e+06	2.327320e+06	2.314500e+06	2.317200e+06	2.310100e+06	2.325700e+06	2.324620e+06	2.332660e+06	2.314860e+06	2.328680e+06	2.319540e+06	2.320340e+06	2.334700e+06	2.312600e+06	2.321100e+06	2.317860e+06	2.323160e+06	2.322020e+06	2.321540e+06	2.325740e+06	2.334280e+06	2.324840e+06	2.322120e+06	2.313120e+06	2.330360e+06	2.329620e+06	2.333020e+06	2.316720e+06	2.317040e+06	2.316060e+06	2.321460e+06	2.321520e+06	2.323000e+06	2.312260e+06	2.312800e+06	2.310060e+06	2.323460e+06	2.312360e+06	2.319660e+06	2.324500e+06	2.320800e+06	2.308040e+06	2.330300e+06	2.324400e+06	2.310740e+06	2.326520e+06	2.315240e+06	2.316100e+06	2.322860e+06	2.329580e+06	2.335880e+06	2.318740e+06	2.317280e+06	2.325160e+06	2.313420e+06	2.317260e+06	2.320000e+06	2.326860e+06	2.312460e+06	2.334440e+06	2.326940e+06	2.323500e+06	2.314200e+06	2.314220e+06	2.321380e+06	2.329240e+06	2.317700e+06	2.324820e+06	2.319120e+06	2.317680e+06	2.321960e+06	2.311340e+06	2.321660e+06	2.319440e+06	2.332700e+06	2.312200e+06	2.308260e+06	2.330000e+06	2.306080e+06	2.321760e+06	2.324080e+06	2.335680e+06	2.319680e+06	2.320880e+06	2.311720e+06	2.321540e+06	2.321240e+06	2.321500e+06	2.324280e+06	2.332100e+06	2.309860e+06
2.324240e+06	2.312400e+06	2.320940e+06	2.320120e+06	2.319200e+06	2.319640e+06	2.322100e+06	2.334840e+06	2.315620e+06	2.317060e+06	2.307720e+06	2.318800e+06	2.316600e+06	2.315300e+06	2.318020e+06	2.313480e+06	2.312600e+06	2.318240e+06	2.308920e+06	2.329860e+06	2.313560e+06	2.319640e+06	2.313580e+06	2.321540e+06	2.314780e+06	2.316280e+06	2.310920e+06	2.316080e+06	2.320460e+06	2.322320e+06	2.309320e+06	2.314460e+06	2.320960e+06	2.310560e+06	2.320280e+06	2.307560e+06	2.330020e+06	2.315660e+06	2.314120e+06	2.314640e+06	2.318320e+06	2.321540e+06	2.326380e+06	2.315020e+06	2.320600e+06	2.338240e+06	2.308340e+06	2.324660e+06	2.318580e+06	2.319240e+06	2.326900e+06	2.314900e+06	2.318040e+06	2.314720e+06	2.309480e+06	2.320680e+06	2.325120e+06	2.320380e+06	2.316580e+06	2.325880e+06	2.323580e+06	2.322820e+06	2.322660e+06	2.316120e+06	2.311960e+06	2.315420e+06	2.309380e+06	2.307620e+06	2.315060e+06	2.317240e+06	2.316560e+06	2.311000e+06	2.320560e+06	2.317240e+06	2.314540e+06	2.320760e+06	2.330780e+06	2.308060e+06	2.311460e+06	2.313460e+06	2.324660e+06	2.315800e+06	2.324940e+06	2.323660e+06	2.305200e+06	2.312920e+06	2.314000e+06	2.324700e+06	2.306500e+06	2.323280e+06	2.308120e+06	2.315280e+06	2.320520e+06	2.306240e+06	2.323700e+06	2.317740e+06	2.324380e+06	2.322960e+06	2.317980e+06	2.315680e+06	2.318780e+06	2.323960e+06	2.314440e+06	2.313300e+06	2.321680e+06	2.317300e+06	2.312240e+06	2.327140e+06	2.306940e+06	2.308840e+06	2.314960e+06	2.314660e+06	2.309140e+06	2.305880e+06	2.307480e+06	2.318200e+06	2.298020e+06	2.306220e+06	2.320060e+06	2.301940e+06	2.294540e+06	2.307860e+06	2.306140e+06	2.307940e+06	2.301580e+06	2.290140e+06	2.306560e+06	2.298560e+06	2.303220e+06	2.311340e+06	2.301740e+06	2.294800e+06	2.303200e+06	2.296360e+06	2.302320e+06	2.299920e+06	2.304740e+06	2.311180e+06	2.302540e+06	2.317540e+06	2.308500e+06	2.319180e+06	2.320880e+06	2.309920e+06	2.307320e+06	2.309040e+06	2.301800e+06	2.297060e+06	2.295860e+06	2.296400e+06	2.291560e+06	2.293400e+06	2.300300e+06	2.305040e+06	2.304080e+06	2.289900e+06	2.303300e+06	2.295320e+06	2.300960e+06	2.306840e+06	2.310420e+06	2.300240e+06	2.314700e+06	2.306420e+06	2.309880e+06	2.311920e+06	2.315040e+06	2.309020e+06	2.306400e+06	2.306600e+06	2.311340e+06	2.313960e+06	2.310000e+06	2.303560e+06	2.305800e+06	2.324920e+06	2.328480e+06	2.311140e+06	2.313560e+06	2.314420e+06	2.316440e+06	2.315760e+06	2.310120e+06	2.321100e+06	2.310260e+06	2.322760e+06	2.321620e+06	2.312980e+06	2.320560e+06	2.328380e+06	2.323940e+06	2.326540e+06	2.302800e+06	2.319720e+06	2.329960e+06	2.334620e+06	2.319260e+06	2.318880e+06	2.326760e+06	2.313420e+06	2.319800e+06	2.323440e+06	2.323400e+06	2.319820e+06	2.324560e+06	2.325020e+06	2.328640e+06	2.308100e+06	2.316720e+06	2.330480e+06	2.317360e+06	2.320380e+06	2.327840e+06	2.319380e+06	2.317540e+06	2.318660e+06	2.325460e+06	2.321040e+06	2.315940e+06	2.316820e+06	2.320760e+06	2.317740e+06	2.326020e+06	2.316900e+06	2.325160e+06	2.314940e+06	2.318760e+06	2.328000e+06	2.315200e+06	2.317980e+06	2.313880e+06	2.325160e+06	2.307560e+06	2.314540e+06	2.329000e+06	2.324600e+06	2.311260e+06	2.315980e+06	2.313300e+06	2.325720e+06	2.318800e+06	2.319780e+06	2.325680e+06	2.326940e+06	2.314540e+06	2.321540e+06	2.328680e+06	2.324400e+06	2.328060e+06	2.318860e+06	2.317700e+06	2.328600e+06	2.308340e+06	2.331720e+06	2.320540e+06	2.320020e+06	2.319700e+06	2.317840e+06	2.331600e+06	2.317980e+06	2.328100e+06	2.319620e+06	2.321740e+06	2.314960e+06	2.311100e+06	2.308800e+06	2.321160e+06	2.315720e+06	2.323600e+06	2.304620e+06	2.315260e+06	2.322200e+06	2.313740e+06	2.316060e+06	2.314020e+06	2.318340e+06	2.316300e+06	2.312220e+06	2.313740e+06	2.324840e+06	2.314980e+06	2.305600e+06	2.311340e+06	2.313060e+06	2.311320e+06	2.316600e+06	2.310080e+06	2.328100e+06	2.332000e+06	2.326140e+06	2.315660e+06	2.313820e+06	2.318840e+06	2.317880e+06	2.325120e+06	2.326820e+06	2.320380e+06	2.313500e+06	2.320660e+06	2.329640e+06	2.319940e+06
2.322320e+06	2.320520e+06	2.306780e+06	2.310120e+06	2.315940e+06	2.311660e+06	2.324600e+06	2.315020e+06	2.307620e+06	2.320780e+06	2.309020e+06	2.328500e+06	2.322220e+06	2.309520e+06	2.310980e+06	2.318280e+06	2.315580e+06	2.321740e+06	2.313540e+06	2.308420e+06	2.316820e+06	2.324300e+06	2.327140e+06	2.313860e+06	2.308120e+06	2.315320e+06	2.310100e+06	2.323040e+06	2.325960e+06	2.322760e+06	2.319160e+06	2.309700e+06	2.318680e+06	2.321800e+06	2.318340e+06	2.320500e+06	2.300860e+06	2.317320e+06	2.316720e+06	2.315060e+06	2.316200e+06	2.317800e+06	2.311220e+06	2.318920e+06	2.313980e+06	2.311800e+06	2.310100e+06	2.305940e+06	2.325940e+06	2.311600e+06	2.304920e+06	2.320220e+06	2.315060e+06	2.324460e+06	2.327320e+06	2.325180e+06	2.321020e+06	2.314720e+06	2.315860e+06	2.321360e+06	2.324280e+06	2.327960e+06	2.313360e+06	2.322700e+06	2.314280e+06	2.318960e+06	2.310480e+06	2.318720e+06	2.316280e+06	2.321640e+06	2.313840e+06	2.324740e+06	2.313340e+06	2.321080e+06	2.324400e+06	2.319400e+06	2.326720e+06	2.317160e+06	2.315800e+06	2.317660e+06	2.314280e+06	2.319560e+06	2.313760e+06	2.328040e+06	2.314300e+06	2.321080e+06	2.326380e+06	2.312580e+06	2.321920e+06	2.306740e+06	2.319980e+06	2.317020e+06	2.316540e+06	2.323160e+06	2.312220e+06	2.311320e+06	2.320840e+06	2.321940e+06	2.328700e+06	2.334380e+06	2.310340e+06	2.316340e+06	2.327040e+06	2.310100e+06	2.313860e+06	2.309420e+06	2.321480e+06	2.319300e+06	2.305380e+06	2.317940e+06	2.308300e+06	2.304640e+06	2.300300e+06	2.310340e+06	2.313640e+06	2.312500e+06	2.301120e+06	2.316120e+06	2.297980e+06	2.304060e+06	2.313700e+06	2.304200e+06	2.295760e+06	2.307380e+06	2.303040e+06	2.304140e+06	2.294500e+06	2.294540e+06	2.298120e+06	2.296680e+06	2.290760e+06	2.296740e+06	2.282620e+06	2.291320e+06	2.289940e+06	2.284020e+06	2.291440e+06	2.296340e+06	2.306120e+06	2.298340e+06	2.304240e+06	2.315220e+06	2.309760e+06	2.304100e+06	2.302220e+06	2.297780e+06	2.298500e+06	2.292900e+06	2.303300e+06	2.296620e+06	2.296260e+06	2.296880e+06	2.295120e+06	2.288980e+06	2.305140e+06	2.310600e+06	2.299060e+06	2.303720e+06	2.303060e+06	2.308980e+06	2.298180e+06	2.308760e+06	2.313080e+06	2.311100e+06	2.301380e+06	2.291240e+06	2.313920e+06	2.315760e+06	2.307380e+06	2.302880e+06	2.298320e+06	2.308560e+06	2.310320e+06	2.304460e+06	2.314680e+06	2.317460e+06	2.317140e+06	2.314280e+06	2.312060e+06	2.307760e+06	2.310120e+06	2.317800e+06	2.309020e+06	2.316280e+06	2.311740e+06	2.306740e+06	2.319820e+06	2.308880e+06	2.309200e+06	2.317700e+06	2.319220e+06	2.326020e+06	2.320920e+06	2.323820e+06	2.322880e+06	2.322520e+06	2.308520e+06	2.333780e+06	2.314900e+06	2.304620e+06	2.321340e+06	2.315940e+06	2.322240e+06	2.329960e+06	2.307700e+06	2.305060e+06	2.321240e+06	2.314460e+06	2.314540e+06	2.322060e+06	2.310740e+06	2.317160e+06	2.319560e+06	2.324160e+06	2.312320e+06	2.321140e+06	2.303520e+06	2.320620e+06	2.328740e+06	2.310560e+06	2.315460e+06	2.320800e+06	2.313800e+06	2.325360e+06	2.321020e+06	2.310140e+06	2.325640e+06	2.315040e+06	2.319240e+06	2.312900e+06	2.319820e+06	2.322920e+06	2.306640e+06	2.313880e+06	2.326780e+06	2.321320e+06	2.310180e+06	2.316560e+06	2.332300e+06	2.319000e+06	2.321480e+06	2.319920e+06	2.324620e+06	2.325960e+06	2.325440e+06	2.323100e+06	2.314800e+06	2.321420e+06	2.325820e+06	2.322080e+06	2.311560e+06	2.321800e+06	2.304720e+06	2.320100e+06	2.321400e+06	2.314220e+06	2.315140e+06	2.337300e+06	2.315120e+06	2.322660e+06	2.313400e+06	2.317340e+06	2.312400e+06	2.323080e+06	2.320920e+06	2.306760e+06	2.327800e+06	2.315640e+06	2.316240e+06	2.316740e+06	2.318940e+06	2.325460e+06	2.311460e+06	2.313080e+06	2.319980e+06	2.318620e+06	2.316140e+06	2.336840e+06	2.309300e+06	2.310960e+06	2.310780e+06	2.316760e+06	2.318420e+06	2.308640e+06	2.316240e+06	2.307520e+06	2.310660e+06	2.317540e+06	2.307780e+06	2.321280e+06	2.319500e+06	2.307340e+06	2.336520e+06	2.316800e+06	2.322540e+06	2.323040e+06	2.320220e+06	2.309880e+06	2.329440e+06	2.316040e+06	2.317320e+06
2.317900e+06	2.310320e+06	2.317740e+06	2.300980e+06	2.323500e+06	2.308260e+06	2.305860e+06	2.311740e+06	2.309940e+06	2.325540e+06	2.322480e+06	2.312860e+06	2.298300e+06	2.309100e+06	2.317700e+06	2.313880e+06	2.320060e+06	2.306900e+06	2.316520e+06	2.303780e+06	2.311160e+06	2.312780e+06	2.323580e+06	2.321760e+06	2.311600e+06	2.309980e+06	2.330820e+06	2.310540e+06	2.324440e+06	2.305140e+06	2.318340e+06	2.309040e+06	2.310080e+06	2.311240e+06	2.312260e+06	2.308620e+06	2.310160e+06	2.314960e+06	2.310080e+06	2.314420e+06	2.326240e+06	2.309680e+06	2.325120e+06	2.309920e+06	2.327040e+06	2.315440e+06	2.309300e+06	2.320040e+06	2.311680e+06	2.310620e+06	2.317060e+06	2.306620e+06	2.315960e+06	2.315260e+06	2.306240e+06	2.314440e+06	2.302500e+06	2.321540e+06	2.307420e+06	2.318440e+06	2.308900e+06	2.314140e+06	2.302740e+06	2.316280e+06	2.305540e+06	2.315000e+06	2.297600e+06	2.315500e+06	2.315680e+06	2.312080e+06	2.310020e+06	2.311620e+06	2.318520e+06	2.321320e+06	2.306780e+06	2.310280e+06	2.308260e+06	2.309200e+06	2.307520e+06	2.307400e+06	2.310680e+06	2.326420e+06	2.314200e+06	2.320180e+06	2.321820e+06	2.313640e+06	2.315300e+06	2.311020e+06	2.309140e+06	2.315360e+06	2.321560e+06	2.305620e+06	2.320820e+06	2.312000e+06	2.309460e+06	2.319740e+06	2.312440e+06	2.317680e+06	2.305980e+06	2.302480e+06	2.312360e+06	2.313040e+06	2.315020e+06	2.312760e+06	2.317440e+06	2.302900e+06	2.299180e+06	2.302900e+06	2.304800e+06	2.309800e+06	2.308120e+06	2.318820e+06	2.296220e+06	2.304520e+06	2.309860e+06	2.296340e+06	2.309320e+06	2.304720e+06	2.292220e+06	2.305460e+06	2.301080e+06	2.308240e+06	2.302260e+06	2.307340e+06	2.295840e+06	2.303860e+06	2.294340e+06	2.293240e+06	2.286060e+06	2.296580e+06	2.300600e+06	2.291380e+06	2.294860e+06	2.286920e+06	2.283940e+06	2.287120e+06	2.295980e+06	2.291140e+06	2.304460e+06	2.297620e+06	2.305440e+06	2.301500e+06	2.306460e+06	2.301820e+06	2.301180e+06	2.301360e+06	2.287220e+06	2.291460e+06	2.289840e+06	2.296240e+06	2.290860e+06	2.294020e+06	2.289420e+06	2.285040e+06	2.293460e+06	2.289820e+06	2.300440e+06	2.290400e+06	2.297280e+06	2.297360e+06	2.306880e+06	2.308300e+06	2.292920e+06	2.305680e+06	2.312880e+06	2.310500e+06	2.315420e+06	2.307860e+06	2.299960e+06	2.308280e+06	2.304560e+06	2.301120e+06	2.312600e+06	2.308160e+06	2.304000e+06	2.313360e+06	2.309880e+06	2.299760e+06	2.311880e+06	2.297380e+06	2.309020e+06	2.314660e+06	2.306660e+06	2.321100e+06	2.311320e+06	2.310300e+06	2.326360e+06	2.311960e+06	2.315740e+06	2.316440e+06	2.316660e+06	2.325620e+06	2.302000e+06	2.308520e+06	2.315080e+06	2.322220e+06	2.318140e+06	2.306300e+06	2.320520e+06	2.308720e+06	2.307880e+06	2.312260e+06	2.318580e+06	2.305820e+06	2.305760e+06	2.318800e+06	2.319380e+06	2.324900e+06	2.317420e+06	2.315400e+06	2.301400e+06	2.318200e+06	2.318880e+06	2.306040e+06	2.329880e+06	2.310320e+06	2.322900e+06	2.313480e+06	2.313440e+06	2.305240e+06	2.306580e+06	2.308380e+06	2.314680e+06	2.318020e+06	2.311300e+06	2.321160e+06	2.317960e+06	2.312480e+06	2.323220e+06	2.322520e+06	2.305760e+06	2.315160e+06	2.300700e+06	2.326560e+06	2.320680e+06	2.317920e+06	2.310400e+06	2.312900e+06	2.315160e+06	2.321300e+06	2.320980e+06	2.317280e+06	2.319400e+06	2.316260e+06	2.319540e+06	2.317360e+06	2.313440e+06	2.320260e+06	2.323540e+06	2.312780e+06	2.322020e+06	2.307380e+06	2.322320e+06	2.309100e+06	2.326000e+06	2.315020e+06	2.307480e+06	2.325460e+06	2.313340e+06	2.315920e+06	2.310900e+06	2.319480e+06	2.316500e+06	2.310460e+06	2.318260e+06	2.318160e+06	2.314320e+06	2.311020e+06	2.311560e+06	2.310100e+06	2.313820e+06	2.310020e+06	2.322340e+06	2.322840e+06	2.318460e+06	2.308540e+06	2.311720e+06	2.319320e+06	2.319180e+06	2.315040e+06	2.304980e+06	2.310640e+06	2.304480e+06	2.323380e+06	2.314940e+06	2.317060e+06	2.321700e+06	2.314900e+06	2.321480e+06	2.314240e+06	2.314620e+06	2.313140e+06	2.317000e+06	2.322260e+06	2.306480e+06	2.309680e+06	2.314740e+06	2.311400e+06	2.321660e+06	2.322460e+06	2.312340e+06
2.315180e+06	2.308300e+06	2.315900e+06	2.319800e+06	2.316480e+06	2.318660e+06	2.314760e+06	2.315960e+06	2.314460e+06	2.315440e+06	2.317660e+06	2.315780e+06	2.307220e+06	2.315040e+06	2.316760e+06	2.319160e+06	2.321280e+06	2.308660e+06	2.307540e+06	2.310700e+06	2.303020e+06	2.308720e+06	2.309040e+06	2.310180e+06	2.311580e+06	2.308620e+06	2.315380e+06	2.309160e+06	2.306080e+06	2.309280e+06	2.307580e+06	2.307400e+06	2.309900e+06	2.307520e+06	2.309560e+06	2.308900e+06	2.313500e+06	2.312120e+06	2.308980e+06	2.305900e+06	2.302140e+06	2.302240e+06	2.312440e+06	2.311020e+06	2.316040e+06	2.318160e+06	2.304400e+06	2.307740e+06	2.323660e+06	2.303540e+06	2.315120e+06	2.307780e+06	2.301980e+06	2.314360e+06	2.307700e+06	2.313220e+06	2.317280e+06	2.305800e+06	2.310220e+06	2.302840e+06	2.305460e+06	2.316820e+06	2.308180e+06	2.312240e+06	2.309560e+06	2.303740e+06	2.313020e+06	2.313860e+06	2.315400e+06	2.316780e+06	2.312800e+06	2.311940e+06	2.313280e+06	2.298780e+06	2.301200e+06	2.300480e+06	2.314540e+06	2.313900e+06	2.307820e+06	2.325320e+06	2.307900e+06	2.308600e+06	2.317180e+06	2.309620e+06	2.315120e+06	2.307000e+06	2.298540e+06	2.313160e+06	2.309060e+06	2.320520e+06	2.311940e+06	2.312860e+06	2.310280e+06	2.312440e+06	2.307600e+06	2.313140e+06	2.320460e+06	2.305020e+06	2.294920e+06	2.316760e+06	2.296880e+06	2.313140e+06	2.296880e+06	2.300140e+06	2.307900e+06	2.317460e+06	2.311720e+06	2.306840e+06	2.297520e+06	2.313860e+06	2.299440e+06	2.316460e+06	2.310020e+06	2.294660e+06	2.301400e+06	2.296240e+06	2.292020e+06	2.303380e+06	2.301040e+06	2.309060e+06	2.311600e+06	2.305380e+06	2.305160e+06	2.292240e+06	2.300060e+06	2.291880e+06	2.291280e+06	2.285560e+06	2.292660e+06	2.296320e+06	2.286640e+06	2.285920e+06	2.283840e+06	2.291040e+06	2.296820e+06	2.297680e+06	2.289640e+06	2.299600e+06	2.300640e+06	2.300360e+06	2.295400e+06	2.313800e+06	2.300500e+06	2.309740e+06	2.294180e+06	2.302420e+06	2.293480e+06	2.293520e+06	2.300640e+06	2.290400e+06	2.285440e+06	2.292760e+06	2.288520e+06	2.291800e+06	2.292140e+06	2.299780e+06	2.298820e+06	2.299100e+06	2.277340e+06	2.303940e+06	2.298100e+06	2.302000e+06	2.305180e+06	2.298500e+06	2.300960e+06	2.301840e+06	2.302060e+06	2.309580e+06	2.301860e+06	2.303540e+06	2.303280e+06	2.306400e+06	2.302280e+06	2.299620e+06	2.302360e+06	2.317580e+06	2.300820e+06	2.309680e+06	2.306640e+06	2.303640e+06	2.309840e+06	2.301460e+06	2.321620e+06	2.298920e+06	2.310840e+06	2.305820e+06	2.314500e+06	2.323980e+06	2.310600e+06	2.315120e+06	2.314160e+06	2.319400e+06	2.304280e+06	2.313360e+06	2.319780e+06	2.318520e+06	2.322020e+06	2.321420e+06	2.313260e+06	2.311260e+06	2.311260e+06	2.302020e+06	2.328480e+06	2.318480e+06	2.306540e+06	2.317820e+06	2.311440e+06	2.309600e+06	2.319720e+06	2.314800e+06	2.314940e+06	2.302260e+06	2.326100e+06	2.308360e+06	2.299400e+06	2.314320e+06	2.315200e+06	2.316120e+06	2.310700e+06	2.316560e+06	2.309400e+06	2.319200e+06	2.312040e+06	2.308580e+06	2.308620e+06	2.314120e+06	2.312340e+06	2.318980e+06	2.315540e+06	2.314960e+06	2.307620e+06	2.313820e+06	2.311500e+06	2.324920e+06	2.296000e+06	2.315140e+06	2.325960e+06	2.309280e+06	2.319780e+06	2.323160e+06	2.317560e+06	2.315100e+06	2.313960e+06	2.311240e+06	2.312700e+06	2.323540e+06	2.315900e+06	2.311540e+06	2.317520e+06	2.316560e+06	2.325480e+06	2.307060e+06	2.318460e+06	2.316260e+06	2.300680e+06	2.314700e+06	2.304900e+06	2.316020e+06	2.311420e+06	2.314480e+06	2.308380e+06	2.308840e+06	2.301060e+06	2.310280e+06	2.317100e+06	2.315400e+06	2.310460e+06	2.323280e+06	2.315520e+06	2.319060e+06	2.307980e+06	2.312920e+06	2.317080e+06	2.314740e+06	2.308980e+06	2.309500e+06	2.321400e+06	2.322480e+06	2.315820e+06	2.313400e+06	2.312960e+06	2.308300e+06	2.312320e+06	2.307320e+06	2.311720e+06	2.308720e+06	2.315580e+06	2.312540e+06	2.321860e+06	2.321480e+06	2.310980e+06	2.304600e+06	2.308380e+06	2.309720e+06	2.310580e+06	2.308300e+06	2.319080e+06	2.298860e+06	2.318080e+06	2.312060e+06	2.312120e+06
2.294980e+06	2.309960e+06	2.308560e+06	2.314660e+06	2.310700e+06	2.302000e+06	2.310400e+06	2.301040e+06	2.309520e+06	2.310540e+06	2.309060e+06	2.304400e+06	2.304040e+06	2.316400e+06	2.298300e+06	2.308960e+06	2.312240e+06	2.308360e+06	2.307360e+06	2.300680e+06	2.300780e+06	2.308380e+06	2.312220e+06	2.300980e+06	2.306000e+06	2.306520e+06	2.319600e+06	2.307480e+06	2.307820e+06	2.294560e+06	2.306140e+06	2.300800e+06	2.305620e+06	2.300820e+06	2.323640e+06	2.304820e+06	2.304360e+06	2.315420e+06	2.308000e+06	2.297580e+06	2.310460e+06	2.310660e+06	2.308220e+06	2.303380e+06	2.309540e+06	2.301100e+06	2.308900e+06	2.307040e+06	2.302720e+06	2.315580e+06	2.303280e+06	2.305900e+06	2.310940e+06	2.302060e+06	2.314900e+06	2.307720e+06	2.299820e+06	2.304320e+06	2.309080e+06	2.290440e+06	2.315100e+06	2.309820e+06	2.315080e+06	2.308640e+06	2.315860e+06	2.301760e+06	2.314660e+06	2.306260e+06	2.306500e+06	2.318440e+06	2.316980e+06	2.305360e+06	2.297140e+06	2.316820e+06	2.304480e+06	2.302180e+06	2.307260e+06	2.302300e+06	2.318220e+06	2.306660e+06	2.313960e+06	2.310520e+06	2.304080e+06	2.303600e+06	2.316420e+06	2.312860e+06	2.310220e+06	2.314620e+06	2.304260e+06	2.307660e+06	2.314700e+06	2.312240e+06	2.304540e+06	2.304720e+06	2.307040e+06	2.315420e+06	2.298140e+06	2.308700e+06	2.310640e+06	2.306240e+06	2.319000e+06	2.306740e+06	2.310280e+06	2.303000e+06	2.307000e+06	2.298860e+06	2.304500e+06	2.307200e+06	2.294920e+06	2.302120e+06	2.298900e+06	2.291400e+06	2.294740e+06	2.292980e+06	2.310860e+06	2.299960e+06	2.297380e+06	2.298580e+06	2.293060e+06	2.303480e+06	2.299420e+06	2.293380e+06	2.290140e+06	2.293460e+06	2.291400e+06	2.284320e+06	2.298480e+06	2.300280e+06	2.290280e+06	2.280140e+06	2.285040e+06	2.301940e+06	2.275500e+06	2.293200e+06	2.292520e+06	2.293800e+06	2.295000e+06	2.304540e+06	2.305700e+06	2.292860e+06	2.297960e+06	2.303840e+06	2.301160e+06	2.304000e+06	2.299460e+06	2.285460e+06	2.278820e+06	2.282500e+06	2.290160e+06	2.295020e+06	2.281940e+06	2.285900e+06	2.279000e+06	2.273720e+06	2.280000e+06	2.295540e+06	2.289380e+06	2.299680e+06	2.296200e+06	2.299660e+06	2.295960e+06	2.313020e+06	2.297780e+06	2.304760e+06	2.292800e+06	2.306040e+06	2.300300e+06	2.300120e+06	2.310420e+06	2.292380e+06	2.306600e+06	2.292620e+06	2.302040e+06	2.308220e+06	2.303520e+06	2.306800e+06	2.309200e+06	2.305280e+06	2.312280e+06	2.308500e+06	2.314800e+06	2.300360e+06	2.320380e+06	2.307480e+06	2.311280e+06	2.315120e+06	2.313900e+06	2.315280e+06	2.309400e+06	2.309260e+06	2.308220e+06	2.310660e+06	2.310720e+06	2.307600e+06	2.319880e+06	2.311660e+06	2.314920e+06	2.311260e+06	2.314320e+06	2.301100e+06	2.305560e+06	2.309860e+06	2.324240e+06	2.312800e+06	2.312740e+06	2.313200e+06	2.323220e+06	2.313920e+06	2.313240e+06	2.314480e+06	2.309480e+06	2.314960e+06	2.313460e+06	2.301360e+06	2.305220e+06	2.316400e+06	2.306480e+06	2.323220e+06	2.299180e+06	2.316280e+06	2.314160e+06	2.307400e+06	2.315780e+06	2.317880e+06	2.304340e+06	2.312760e+06	2.308240e+06	2.313860e+06	2.311500e+06	2.310160e+06	2.307620e+06	2.310440e+06	2.303940e+06	2.322360e+06	2.313440e+06	2.313820e+06	2.309060e+06	2.311720e+06	2.309860e+06	2.312120e+06	2.315140e+06	2.314820e+06	2.307400e+06	2.303900e+06	2.318440e+06	2.305300e+06	2.309720e+06	2.316900e+06	2.306760e+06	2.308460e+06	2.314140e+06	2.312800e+06	2.313020e+06	2.302700e+06	2.315260e+06	2.306480e+06	2.311680e+06	2.316440e+06	2.304240e+06	2.323320e+06	2.302840e+06	2.303120e+06	2.314800e+06	2.310160e+06	2.301720e+06	2.310840e+06	2.313500e+06	2.308540e+06	2.311560e+06	2.311920e+06	2.309620e+06	2.318200e+06	2.312140e+06	2.312980e+06	2.311460e+06	2.306940e+06	2.318340e+06	2.310640e+06	2.309340e+06	2.316340e+06	2.313020e+06	2.304100e+06	2.308340e+06	2.314420e+06	2.311880e+06	2.299860e+06	2.318960e+06	2.314340e+06	2.309960e+06	2.318960e+06	2.320740e+06	2.315620e+06	2.303840e+06	2.308240e+06	2.305360e+06	2.312060e+06	2.313040e+06	2.304420e+06	2.300920e+06	2.301540e+06	2.307640e+06
2.306940e+06	2.298100e+06	2.324660e+06	2.299520e+06	2.303900e+06	2.319140e+06	2.287320e+06	2.302080e+06	2.306300e+06	2.314340e+06	2.310000e+06	2.315380e+06	2.310060e+06	2.305760e+06	2.300880e+06	2.301180e+06	2.321760e+06	2.302600e+06	2.304300e+06	2.310520e+06	2.307300e+06	2.304200e+06	2.305600e+06	2.305640e+06	2.309760e+06	2.310180e+06	2.311940e+06	2.301380e+06	2.303820e+06	2.293960e+06	2.304140e+06	2.310940e+06	2.301820e+06	2.309000e+06	2.311660e+06	2.304860e+06	2.311020e+06	2.302720e+06	2.307820e+06	2.297980e+06	2.312700e+06	2.306340e+06	2.308840e+06	2.291280e+06	2.309300e+06	2.303420e+06	2.300640e+06	2.310900e+06	2.315380e+06	2.307440e+06	2.306140e+06	2.310200e+06	2.302460e+06	2.308820e+06	2.311100e+06	2.311760e+06	2.309720e+06	2.316840e+06	2.308140e+06	2.308180e+06	2.311720e+06	2.310640e+06	2.305680e+06	2.301600e+06	2.311680e+06	2.318100e+06	2.308840e+06	2.313280e+06	2.301400e+06	2.304680e+06	2.311380e+06	2.300480e+06	2.302880e+06	2.319780e+06	2.309080e+06	2.299340e+06	2.306480e+06	2.298640e+06	2.307700e+06	2.307640e+06	2.305480e+06	2.311020e+06	2.297760e+06	2.309680e+06	2.312840e+06	2.304020e+06	2.310920e+06	2.300920e+06	2.302960e+06	2.320500e+06	2.311160e+06	2.300180e+06	2.314200e+06	2.309420e+06	2.303180e+06	2.299180e+06	2.295780e+06	2.313000e+06	2.298040e+06	2.294500e+06	2.297440e+06	2.303480e+06	2.300980e+06	2.305100e+06	2.299560e+06	2.306460e+06	2.309660e+06	2.290580e+06	2.286120e+06	2.298860e+06	2.299340e+06	2.300620e+06	2.294020e+06	2.286280e+06	2.296560e+06	2.291420e+06	2.291280e+06	2.299480e+06	2.299960e+06	2.291560e+06	2.313660e+06	2.299840e+06	2.302260e+06	2.289040e+06	2.299720e+06	2.283120e+06	2.275740e+06	2.281740e+06	2.285480e+06	2.274700e+06	2.285700e+06	2.271220e+06	2.287800e+06	2.289780e+06	2.286300e+06	2.289940e+06	2.288560e+06	2.292780e+06	2.283680e+06	2.293040e+06	2.297260e+06	2.306960e+06	2.309500e+06	2.292360e+06	2.297520e+06	2.292660e+06	2.295120e+06	2.276200e+06	2.286980e+06	2.291880e+06	2.277380e+06	2.274520e+06	2.291560e+06	2.279420e+06	2.287560e+06	2.295540e+06	2.305460e+06	2.296100e+06	2.294840e+06	2.281080e+06	2.295480e+06	2.290700e+06	2.309220e+06	2.305020e+06	2.288820e+06	2.288500e+06	2.286320e+06	2.299840e+06	2.292500e+06	2.305140e+06	2.295300e+06	2.305880e+06	2.300300e+06	2.301680e+06	2.290840e+06	2.301900e+06	2.312380e+06	2.299860e+06	2.299880e+06	2.308520e+06	2.302760e+06	2.295520e+06	2.302960e+06	2.299400e+06	2.306540e+06	2.305060e+06	2.313980e+06	2.308600e+06	2.299860e+06	2.300120e+06	2.314000e+06	2.310160e+06	2.299420e+06	2.309720e+06	2.311560e+06	2.308000e+06	2.313460e+06	2.309620e+06	2.296020e+06	2.310460e+06	2.301160e+06	2.309940e+06	2.303460e+06	2.300240e+06	2.300600e+06	2.310380e+06	2.299160e+06	2.313580e+06	2.311300e+06	2.304900e+06	2.303040e+06	2.302460e+06	2.297760e+06	2.300180e+06	2.300660e+06	2.309140e+06	2.306580e+06	2.299880e+06	2.303120e+06	2.301380e+06	2.307840e+06	2.308700e+06	2.312040e+06	2.328080e+06	2.318900e+06	2.311440e+06	2.314840e+06	2.294380e+06	2.310380e+06	2.304780e+06	2.304240e+06	2.317920e+06	2.315600e+06	2.308540e+06	2.311760e+06	2.302320e+06	2.315080e+06	2.305800e+06	2.310200e+06	2.318080e+06	2.312080e+06	2.297980e+06	2.302120e+06	2.287840e+06	2.310760e+06	2.306240e+06	2.312200e+06	2.312360e+06	2.305620e+06	2.312760e+06	2.305300e+06	2.309000e+06	2.316360e+06	2.308240e+06	2.305980e+06	2.308880e+06	2.307400e+06	2.318120e+06	2.302400e+06	2.303040e+06	2.305780e+06	2.310540e+06	2.303320e+06	2.315540e+06	2.312240e+06	2.309320e+06	2.307880e+06	2.301880e+06	2.302940e+06	2.311020e+06	2.311720e+06	2.309620e+06	2.310060e+06	2.292560e+06	2.302040e+06	2.315780e+06	2.301280e+06	2.316780e+06	2.310340e+06	2.316260e+06	2.312420e+06	2.297020e+06	2.296900e+06	2.314080e+06	2.294640e+06	2.304740e+06	2.302520e+06	2.323040e+06	2.311400e+06	2.312800e+06	2.305680e+06	2.305480e+06	2.313260e+06	2.311040e+06	2.311300e+06	2.308360e+06	2.301780e+06	2.313740e+06	2.306300e+06	2.295160e+06	2.306820e+06
2.298860e+06	2.307740e+06	2.297260e+06	2.298840e+06	2.309220e+06	2.298420e+06	2.300760e+06	2.312100e+06	2.306960e+06	2.296500e+06	2.300820e+06	2.301680e+06	2.301820e+06	2.301320e+06	2.294400e+06	2.298980e+06	2.306920e+06	2.309900e+06	2.291580e+06	2.308020e+06	2.292000e+06	2.304560e+06	2.294440e+06	2.305340e+06	2.305540e+06	2.302900e+06	2.308860e+06	2.305240e+06	2.296180e+06	2.297080e+06	2.309720e+06	2.303100e+06	2.296280e+06	2.303260e+06	2.301140e+06	2.308400e+06	2.298440e+06	2.291960e+06	2.286380e+06	2.294840e+06	2.299820e+06	2.301380e+06	2.304300e+06	2.308460e+06	2.293700e+06	2.285140e+06	2.316460e+06	2.305700e+06	2.311540e+06	2.301200e+06	2.306580e+06	2.297600e+06	2.293020e+06	2.301960e+06	2.308500e+06	2.294920e+06	2.292860e+06	2.304620e+06	2.293220e+06	2.310240e+06	2.310120e+06	2.304060e+06	2.301560e+06	2.311100e+06	2.303240e+06	2.295760e+06	2.306020e+06	2.291860e+06	2.296740e+06	2.307120e+06	2.308460e+06	2.313080e+06	2.297660e+06	2.309080e+06	2.300740e+06	2.307580e+06	2.295080e+06	2.300540e+06	2.303500e+06	2.303800e+06	2.292600e+06	2.297180e+06	2.310300e+06	2.308720e+06	2.302060e+06	2.299200e+06	2.303800e+06	2.306560e+06	2.294840e+06	2.302820e+06	2.290620e+06	2.296340e+06	2.297800e+06	2.304260e+06	2.309460e+06	2.301100e+06	2.297500e+06	2.296880e+06	2.302800e+06	2.314060e+06	2.295940e+06	2.296980e+06	2.295800e+06	2.305060e+06	2.287280e+06	2.303640e+06	2.309300e+06	2.288800e+06	2.298140e+06	2.283800e+06	2.296300e+06	2.299000e+06	2.287980e+06	2.288980e+06	2.301580e+06	2.295540e+06	2.283180e+06	2.299200e+06	2.293880e+06	2.286840e+06	2.306680e+06	2.292980e+06	2.286880e+06	2.283600e+06	2.290440e+06	2.278820e+06	2.290780e+06	2.297440e+06	2.288280e+06	2.281420e+06	2.277100e+06	2.292480e+06	2.283520e+06	2.282320e+06	2.281620e+06	2.288100e+06	2.287620e+06	2.283660e+06	2.294860e+06	2.292260e+06	2.290280e+06	2.298440e+06	2.285040e+06	2.302920e+06	2.290960e+06	2.289480e+06	2.287800e+06	2.279000e+06	2.287000e+06	2.286080e+06	2.279700e+06	2.280860e+06	2.279420e+06	2.284440e+06	2.288200e+06	2.284380e+06	2.283560e+06	2.282880e+06	2.279760e+06	2.293320e+06	2.306820e+06	2.292620e+06	2.290260e+06	2.312380e+06	2.287120e+06	2.296100e+06	2.295600e+06	2.281600e+06	2.303400e+06	2.304200e+06	2.299780e+06	2.306240e+06	2.299760e+06	2.293360e+06	2.306900e+06	2.291380e+06	2.302820e+06	2.297900e+06	2.293320e+06	2.299220e+06	2.302920e+06	2.296000e+06	2.302760e+06	2.303500e+06	2.297440e+06	2.301520e+06	2.302480e+06	2.298380e+06	2.313700e+06	2.306440e+06	2.301720e+06	2.305600e+06	2.304840e+06	2.305140e+06	2.305160e+06	2.297600e+06	2.304740e+06	2.306200e+06	2.301960e+06	2.305680e+06	2.309200e+06	2.313920e+06	2.299800e+06	2.308580e+06	2.311760e+06	2.306300e+06	2.311060e+06	2.320940e+06	2.299780e+06	2.295620e+06	2.300500e+06	2.308240e+06	2.312780e+06	2.305800e+06	2.307500e+06	2.304360e+06	2.294900e+06	2.302220e+06	2.302420e+06	2.304920e+06	2.304060e+06	2.298600e+06	2.303340e+06	2.291080e+06	2.316140e+06	2.305720e+06	2.309040e+06	2.305600e+06	2.319920e+06	2.293000e+06	2.300200e+06	2.302200e+06	2.300560e+06	2.314080e+06	2.315840e+06	2.299820e+06	2.304160e+06	2.302980e+06	2.309840e+06	2.307580e+06	2.311220e+06	2.308640e+06	2.306660e+06	2.299160e+06	2.301480e+06	2.311420e+06	2.308460e+06	2.308800e+06	2.299900e+06	2.297060e+06	2.308220e+06	2.305280e+06	2.304900e+06	2.309800e+06	2.292740e+06	2.309940e+06	2.307620e+06	2.297960e+06	2.293940e+06	2.311960e+06	2.307540e+06	2.299200e+06	2.292740e+06	2.310940e+06	2.308840e+06	2.308740e+06	2.301540e+06	2.314880e+06	2.307760e+06	2.297240e+06	2.304700e+06	2.309220e+06	2.301300e+06	2.306060e+06	2.288760e+06	2.312320e+06	2.306180e+06	2.305200e+06	2.300540e+06	2.309640e+06	2.305400e+06	2.307960e+06	2.307200e+06	2.306760e+06	2.308180e+06	2.300560e+06	2.302920e+06	2.308460e+06	2.322260e+06	2.294100e+06	2.298080e+06	2.309040e+06	2.303160e+06	2.300920e+06	2.303800e+06	2.305700e+06	2.310020e+06	2.311040e+06	2.310760e+06	2.299740e+06	2.303060e+06
2.299800e+06	2.294340e+06	2.306900e+06	2.296820e+06	2.303680e+06	2.300840e+06	2.302680e+06	2.299160e+06	2.296460e+06	2.298080e+06	2.293020e+06	2.292820e+06	2.288580e+06	2.294180e+06	2.294920e+06	2.296140e+06	2.285660e+06	2.298380e+06	2.305460e+06	2.293140e+06	2.295440e+06	2.303200e+06	2.290020e+06	2.308140e+06	2.298140e+06	2.295700e+06	2.301040e+06	2.284980e+06	2.300460e+06	2.301800e+06	2.301820e+06	2.302680e+06	2.310640e+06	2.285820e+06	2.292600e+06	2.296660e+06	2.293360e+06	2.291280e+06	2.296300e+06	2.293480e+06	2.286500e+06	2.304500e+06	2.289400e+06	2.298000e+06	2.301260e+06	2.294080e+06	2.298900e+06	2.305360e+06	2.310100e+06	2.298860e+06	2.302880e+06	2.302380e+06	2.301360e+06	2.299940e+06	2.302880e+06	2.287600e+06	2.285700e+06	2.297480e+06	2.300040e+06	2.291240e+06	2.302100e+06	2.296780e+06	2.296080e+06	2.301400e+06	2.296940e+06	2.293180e+06	2.296220e+06	2.312660e+06	2.287260e+06	2.297100e+06	2.301860e+06	2.302420e+06	2.289140e+06	2.300200e+06	2.299480e+06	2.292920e+06	2.295040e+06	2.293480e+06	2.300080e+06	2.305680e+06	2.291920e+06	2.302140e+06	2.283620e+06	2.288240e+06	2.289800e+06	2.287640e+06	2.297240e+06	2.298980e+06	2.313720e+06	2.302000e+06	2.300860e+06	2.300660e+06	2.300580e+06	2.297400e+06	2.301280e+06	2.299240e+06	2.284120e+06	2.303640e+06	2.293920e+06	2.295380e+06	2.297420e+06	2.291680e+06	2.299160e+06	2.300600e+06	2.297480e+06	2.289640e+06	2.289860e+06	2.296760e+06	2.285620e+06	2.284200e+06	2.295680e+06	2.295520e+06	2.291200e+06	2.287400e+06	2.293080e+06	2.293980e+06	2.296680e+06	2.292140e+06	2.287420e+06	2.286220e+06	2.283460e+06	2.283880e+06	2.279820e+06	2.274440e+06	2.279560e+06	2.277880e+06	2.278500e+06	2.284220e+06	2.285780e+06	2.281320e+06	2.264320e+06	2.277240e+06	2.282320e+06	2.267800e+06	2.270120e+06	2.291860e+06	2.270660e+06	2.298560e+06	2.295120e+06	2.288100e+06	2.295960e+06	2.289520e+06	2.297920e+06	2.290820e+06	2.285100e+06	2.281080e+06	2.272800e+06	2.282640e+06	2.278620e+06	2.277520e+06	2.281980e+06	2.276080e+06	2.291820e+06	2.289680e+06	2.276880e+06	2.283300e+06	2.267460e+06	2.286560e+06	2.292020e+06	2.285140e+06	2.283660e+06	2.304800e+06	2.285180e+06	2.292060e+06	2.287520e+06	2.289460e+06	2.295400e+06	2.283080e+06	2.282460e+06	2.290840e+06	2.294920e+06	2.275780e+06	2.291680e+06	2.289020e+06	2.298660e+06	2.299520e+06	2.293580e+06	2.295660e+06	2.291280e+06	2.294640e+06	2.289260e+06	2.298960e+06	2.294000e+06	2.295460e+06	2.308540e+06	2.295320e+06	2.303280e+06	2.310220e+06	2.304380e+06	2.296160e+06	2.297260e+06	2.298460e+06	2.290700e+06	2.298980e+06	2.302500e+06	2.295280e+06	2.306620e+06	2.303960e+06	2.289000e+06	2.298300e+06	2.294880e+06	2.299280e+06	2.304700e+06	2.292460e+06	2.306200e+06	2.306740e+06	2.309280e+06	2.291260e+06	2.315880e+06	2.297260e+06	2.300040e+06	2.301060e+06	2.300040e+06	2.295320e+06	2.299940e+06	2.287580e+06	2.295060e+06	2.300120e+06	2.304940e+06	2.301120e+06	2.293580e+06	2.299780e+06	2.304620e+06	2.295740e+06	2.308700e+06	2.295080e+06	2.302700e+06	2.306360e+06	2.300940e+06	2.297340e+06	2.301880e+06	2.296240e+06	2.302840e+06	2.300900e+06	2.302980e+06	2.291420e+06	2.294200e+06	2.308060e+06	2.302140e+06	2.305820e+06	2.295700e+06	2.312980e+06	2.305980e+06	2.300440e+06	2.295220e+06	2.301020e+06	2.298720e+06	2.305280e+06	2.304520e+06	2.306120e+06	2.295320e+06	2.292640e+06	2.297680e+06	2.282560e+06	2.304460e+06	2.299660e+06	2.305500e+06	2.295460e+06	2.300980e+06	2.305940e+06	2.299180e+06	2.300560e+06	2.294700e+06	2.298140e+06	2.308560e+06	2.302360e+06	2.288500e+06	2.294900e+06	2.299960e+06	2.291660e+06	2.296500e+06	2.299240e+06	2.300640e+06	2.295540e+06	2.293080e+06	2.296900e+06	2.297040e+06	2.293200e+06	2.312160e+06	2.305780e+06	2.293300e+06	2.305760e+06	2.297140e+06	2.310180e+06	2.299980e+06	2.307880e+06	2.293640e+06	2.295840e+06	2.311120e+06	2.299000e+06	2.301080e+06	2.304860e+06	2.305700e+06	2.297760e+06	2.297080e+06	2.297160e+06	2.296340e+06	2.292360e+06	2.302080e+06	2.292320e+06	2.297220e+06
2.285260e+06	2.289360e+06	2.287700e+06	2.288200e+06	2.294820e+06	2.297740e+06	2.291580e+06	2.293640e+06	2.286600e+06	2.287300e+06	2.296080e+06	2.289460e+06	2.295180e+06	2.287500e+06	2.287960e+06	2.289780e+06	2.280820e+06	2.286480e+06	2.284380e+06	2.294360e+06	2.295340e+06	2.291240e+06	2.290520e+06	2.293640e+06	2.279160e+06	2.290500e+06	2.297680e+06	2.296700e+06	2.292620e+06	2.297460e+06	2.295720e+06	2.304600e+06	2.321020e+06	2.326340e+06	2.291420e+06	2.296760e+06	2.277600e+06	2.288700e+06	2.299820e+06	2.292640e+06	2.316500e+06	2.311100e+06	2.295500e+06	2.300220e+06	2.289720e+06	2.300880e+06	2.303460e+06	2.305740e+06	2.309820e+06	2.286820e+06	2.295440e+06	2.286400e+06	2.289920e+06	2.294240e+06	2.283080e+06	2.287580e+06	2.291900e+06	2.301420e+06	2.302400e+06	2.294160e+06	2.297220e+06	2.303300e+06	2.285460e+06	2.297680e+06	2.281700e+06	2.289800e+06	2.291740e+06	2.294500e+06	2.303120e+06	2.287820e+06	2.301240e+06	2.288000e+06	2.297080e+06	2.281580e+06	2.288880e+06	2.293800e+06	2.298640e+06	2.277820e+06	2.288900e+06	2.303720e+06	2.297940e+06	2.283560e+06	2.295460e+06	2.286540e+06	2.295320e+06	2.289400e+06	2.301500e+06	2.288480e+06	2.298320e+06	2.301960e+06	2.282940e+06	2.291720e+06	2.290660e+06	2.303280e+06	2.300920e+06	2.298900e+06	2.288820e+06	2.272900e+06	2.289420e+06	2.297740e+06	2.292500e+06	2.288580e+06	2.300540e+06	2.282180e+06	2.289420e+06	2.288940e+06	2.290980e+06	2.301880e+06	2.281920e+06	2.283880e+06	2.276180e+06	2.280000e+06	2.281320e+06	2.281480e+06	2.272300e+06	2.290740e+06	2.273360e+06	2.273200e+06	2.279300e+06	2.287100e+06	2.287200e+06	2.282540e+06	2.285480e+06	2.289840e+06	2.275540e+06	2.284680e+06	2.268980e+06	2.283120e+06	2.266580e+06	2.268060e+06	2.263320e+06	2.275140e+06	2.277040e+06	2.265840e+06	2.276140e+06	2.277520e+06	2.271300e+06	2.274460e+06	2.279080e+06	2.289700e+06	2.289140e+06	2.283060e+06	2.276400e+06	2.280720e+06	2.284760e+06	2.275980e+06	2.272020e+06	2.275220e+06	2.277400e+06	2.269120e+06	2.273440e+06	2.259960e+06	2.276200e+06	2.264780e+06	2.266180e+06	2.275360e+06	2.275100e+06	2.279140e+06	2.280600e+06	2.271460e+06	2.284500e+06	2.277640e+06	2.300440e+06	2.286920e+06	2.281300e+06	2.282400e+06	2.298120e+06	2.290860e+06	2.277220e+06	2.289200e+06	2.295740e+06	2.293640e+06	2.284200e+06	2.275300e+06	2.289880e+06	2.283440e+06	2.292980e+06	2.288440e+06	2.289980e+06	2.293780e+06	2.296120e+06	2.300340e+06	2.294260e+06	2.300280e+06	2.289500e+06	2.286180e+06	2.283380e+06	2.298340e+06	2.299220e+06	2.294840e+06	2.300360e+06	2.285880e+06	2.297640e+06	2.301540e+06	2.298600e+06	2.297120e+06	2.295900e+06	2.298760e+06	2.304040e+06	2.301020e+06	2.294440e+06	2.300760e+06	2.298640e+06	2.288440e+06	2.293440e+06	2.292440e+06	2.290900e+06	2.282380e+06	2.305160e+06	2.294620e+06	2.288980e+06	2.286820e+06	2.299820e+06	2.293640e+06	2.302220e+06	2.296620e+06	2.292740e+06	2.295800e+06	2.296220e+06	2.292860e+06	2.305840e+06	2.301700e+06	2.301980e+06	2.304500e+06	2.284760e+06	2.286620e+06	2.295600e+06	2.301140e+06	2.308920e+06	2.297760e+06	2.300860e+06	2.285560e+06	2.298240e+06	2.291820e+06	2.299360e+06	2.295460e+06	2.302580e+06	2.290960e+06	2.293460e+06	2.291700e+06	2.289120e+06	2.290860e+06	2.298820e+06	2.300000e+06	2.290460e+06	2.298400e+06	2.305840e+06	2.301680e+06	2.288920e+06	2.291260e+06	2.300440e+06	2.291440e+06	2.291340e+06	2.299400e+06	2.299240e+06	2.300120e+06	2.300480e+06	2.314900e+06	2.301740e+06	2.291580e+06	2.286840e+06	2.299620e+06	2.292560e+06	2.292160e+06	2.285920e+06	2.295760e+06	2.296380e+06	2.302020e+06	2.309400e+06	2.295140e+06	2.305180e+06	2.298780e+06	2.301260e+06	2.294600e+06	2.291320e+06	2.284980e+06	2.295960e+06	2.285320e+06	2.301240e+06	2.297940e+06	2.301040e+06	2.299340e+06	2.289280e+06	2.287600e+06	2.294780e+06	2.284080e+06	2.294500e+06	2.294640e+06	2.294540e+06	2.304160e+06	2.299380e+06	2.298580e+06	2.301740e+06	2.293920e+06	2.308340e+06	2.295900e+06	2.297360e+06	2.307400e+06	2.295940e+06	2.290840e+06	2.293340e+06
2.287260e+06	2.285840e+06	2.292480e+06	2.283500e+06	2.274760e+06	2.275540e+06	2.284300e+06	2.286220e+06	2.283980e+06	2.280060e+06	2.279800e+06	2.293220e+06	2.277360e+06	2.281100e+06	2.288440e+06	2.264620e+06	2.276320e+06	2.278260e+06	2.294260e+06	2.282580e+06	2.273820e+06	2.278000e+06	2.286080e+06	2.285340e+06	2.287520e+06	2.277400e+06	2.287100e+06	2.290100e+06	2.282320e+06	2.281180e+06	2.277240e+06	2.278340e+06	2.299340e+06	2.286440e+06	2.295320e+06	2.284180e+06	2.291020e+06	2.280840e+06	2.290900e+06	2.291240e+06	2.286900e+06	2.291320e+06	2.286660e+06	2.274120e+06	2.285260e+06	2.285680e+06	2.287300e+06	2.282620e+06	2.291740e+06	2.287360e+06	2.297720e+06	2.280520e+06	2.275880e+06	2.278960e+06	2.281840e+06	2.283400e+06	2.282020e+06	2.280420e+06	2.280440e+06	2.282600e+06	2.283320e+06	2.284700e+06	2.282660e+06	2.291760e+06	2.290900e+06	2.281960e+06	2.294460e+06	2.288180e+06	2.292960e+06	2.282240e+06	2.272400e+06	2.275020e+06	2.294160e+06	2.276360e+06	2.288980e+06	2.284860e+06	2.278640e+06	2.286060e+06	2.294300e+06	2.281380e+06	2.278020e+06	2.291380e+06	2.295760e+06	2.289700e+06	2.277460e+06	2.289200e+06	2.271760e+06	2.285520e+06	2.290140e+06	2.286320e+06	2.291040e+06	2.290800e+06	2.279760e+06	2.276120e+06	2.290740e+06	2.284940e+06	2.287460e+06	2.298960e+06	2.276940e+06	2.290200e+06	2.286740e+06	2.279020e+06	2.277600e+06	2.280100e+06	2.292020e+06	2.281260e+06	2.276060e+06	2.278640e+06	2.276460e+06	2.285920e+06	2.277280e+06	2.264480e+06	2.281040e+06	2.280240e+06	2.287120e+06	2.285480e+06	2.282080e+06	2.277260e+06	2.286820e+06	2.286740e+06	2.259980e+06	2.282720e+06	2.280420e+06	2.275660e+06	2.282320e+06	2.264700e+06	2.281420e+06	2.268020e+06	2.263580e+06	2.274540e+06	2.268120e+06	2.260860e+06	2.259040e+06	2.264740e+06	2.269720e+06	2.262620e+06	2.269380e+06	2.280340e+06	2.275880e+06	2.265240e+06	2.287160e+06	2.287780e+06	2.280880e+06	2.272960e+06	2.278200e+06	2.265540e+06	2.276140e+06	2.278500e+06	2.275440e+06	2.258820e+06	2.260960e+06	2.269400e+06	2.270180e+06	2.261680e+06	2.274660e+06	2.268540e+06	2.269520e+06	2.270320e+06	2.271600e+06	2.273460e+06	2.275340e+06	2.274000e+06	2.274840e+06	2.271880e+06	2.274460e+06	2.269200e+06	2.279200e+06	2.267200e+06	2.282960e+06	2.279520e+06	2.281180e+06	2.286340e+06	2.278040e+06	2.288380e+06	2.280920e+06	2.287640e+06	2.282500e+06	2.290740e+06	2.286660e+06	2.294140e+06	2.288160e+06	2.284880e+06	2.287780e+06	2.289120e+06	2.284720e+06	2.281140e+06	2.274540e+06	2.284060e+06	2.296140e+06	2.288800e+06	2.293800e+06	2.287320e+06	2.291640e+06	2.292560e+06	2.287160e+06	2.294740e+06	2.285240e+06	2.289660e+06	2.293700e+06	2.286520e+06	2.283500e+06	2.296840e+06	2.288140e+06	2.294340e+06	2.294960e+06	2.283240e+06	2.286180e+06	2.288480e+06	2.290280e+06	2.295500e+06	2.274340e+06	2.283400e+06	2.298720e+06	2.293300e+06	2.280640e+06	2.284180e+06	2.279720e+06	2.293760e+06	2.302300e+06	2.292780e+06	2.286980e+06	2.287400e+06	2.284200e+06	2.286440e+06	2.289580e+06	2.281560e+06	2.295720e+06	2.291100e+06	2.287700e+06	2.292720e+06	2.295000e+06	2.290060e+06	2.282000e+06	2.295780e+06	2.289180e+06	2.290200e+06	2.278900e+06	2.295920e+06	2.285980e+06	2.278000e+06	2.287380e+06	2.282240e+06	2.287720e+06	2.292200e+06	2.285820e+06	2.283480e+06	2.292060e+06	2.283900e+06	2.285100e+06	2.298700e+06	2.288380e+06	2.290820e+06	2.291760e+06	2.286140e+06	2.285940e+06	2.285380e+06	2.292900e+06	2.286440e+06	2.301100e+06	2.278860e+06	2.291560e+06	2.279540e+06	2.294380e+06	2.304680e+06	2.299280e+06	2.282820e+06	2.287260e+06	2.296000e+06	2.285540e+06	2.293180e+06	2.289040e+06	2.289320e+06	2.282820e+06	2.293000e+06	2.292240e+06	2.281220e+06	2.295620e+06	2.299240e+06	2.292620e+06	2.297460e+06	2.285600e+06	2.289340e+06	2.307560e+06	2.291760e+06	2.283920e+06	2.293640e+06	2.292800e+06	2.293120e+06	2.289740e+06	2.291920e+06	2.289580e+06	2.291180e+06	2.297860e+06	2.288440e+06	2.290800e+06	2.295360e+06	2.290280e+06	2.280640e+06	2.278820e+06	2.299720e+06	2.295660e+06
