#Saved Data from the class odmr_logic on 15.07.2022 at 13h44m30s.
#
#Parameters:
#===========
#
#Microwave CW Power (dBm): -1.0000000000000000e+01
#Microwave Sweep Power (dBm): 0.0000000000000000e+00
#Run Time (s): 3.0000000000000000e+02
#Number of frequency sweeps (#): 74
#Start Frequencies (Hz): [2800000000.0]
#Stop Frequencies (Hz): [2950000000.0]
#Step sizes (Hz): [2000000.0]
#Clock Frequencies (Hz): 20
#Channel: 0: /Dev1/Ctr3
#
#Data:
#=====
#count data (counts/s)
3.441460e+06	3.440220e+06	3.449060e+06	3.450060e+06	3.459420e+06	3.448780e+06	3.445640e+06	3.457020e+06	3.457280e+06	3.448860e+06	3.463020e+06	3.462260e+06	3.455600e+06	3.455720e+06	3.444000e+06	3.450760e+06	3.447100e+06	3.457060e+06	3.440800e+06	3.449540e+06	3.454060e+06	3.444160e+06	3.447700e+06	3.467000e+06	3.465620e+06	3.456800e+06	3.449460e+06	3.450480e+06	3.447220e+06	3.435720e+06	3.440500e+06	3.457600e+06	3.453060e+06	3.452800e+06	3.454240e+06	3.459740e+06	3.455500e+06	3.456420e+06	3.452340e+06	3.446100e+06	3.463000e+06	3.459020e+06	3.443000e+06	3.445520e+06	3.436540e+06	3.463020e+06	3.453000e+06	3.437120e+06	3.446380e+06	3.459400e+06	3.452760e+06	3.462420e+06	3.445520e+06	3.457760e+06	3.458060e+06	3.455120e+06	3.449780e+06	3.449220e+06	3.459800e+06	3.467880e+06	3.455700e+06	3.437520e+06	3.448820e+06	3.451380e+06	3.455680e+06	3.464940e+06	3.460560e+06	3.454380e+06	3.460640e+06	3.444840e+06	3.447780e+06	3.443580e+06	3.442380e+06	3.448720e+06	3.445720e+06	3.448340e+06
3.455160e+06	3.453860e+06	3.454920e+06	3.459620e+06	3.448660e+06	3.458760e+06	3.455080e+06	3.445600e+06	3.453940e+06	3.452860e+06	3.465920e+06	3.444340e+06	3.447640e+06	3.456800e+06	3.461700e+06	3.452940e+06	3.458040e+06	3.456000e+06	3.451640e+06	3.453400e+06	3.448860e+06	3.459420e+06	3.466760e+06	3.460680e+06	3.455520e+06	3.465320e+06	3.449660e+06	3.443280e+06	3.451960e+06	3.452960e+06	3.457780e+06	3.450320e+06	3.454040e+06	3.456900e+06	3.454340e+06	3.459800e+06	3.460320e+06	3.456980e+06	3.465400e+06	3.455940e+06	3.452560e+06	3.462900e+06	3.454400e+06	3.457500e+06	3.458680e+06	3.460700e+06	3.451040e+06	3.466360e+06	3.445700e+06	3.457480e+06	3.454400e+06	3.451180e+06	3.455880e+06	3.454040e+06	3.452980e+06	3.462660e+06	3.448140e+06	3.466520e+06	3.454740e+06	3.458180e+06	3.451620e+06	3.456060e+06	3.459920e+06	3.464200e+06	3.450480e+06	3.443380e+06	3.454220e+06	3.454760e+06	3.468300e+06	3.452380e+06	3.449160e+06	3.453000e+06	3.450120e+06	3.465400e+06	3.455280e+06	3.446100e+06
3.447300e+06	3.455440e+06	3.457420e+06	3.453320e+06	3.469120e+06	3.457880e+06	3.456620e+06	3.461820e+06	3.458860e+06	3.453780e+06	3.461480e+06	3.455640e+06	3.453540e+06	3.453880e+06	3.450900e+06	3.454640e+06	3.454940e+06	3.460200e+06	3.465020e+06	3.466460e+06	3.456480e+06	3.439920e+06	3.453240e+06	3.462840e+06	3.450420e+06	3.453700e+06	3.443100e+06	3.462600e+06	3.442280e+06	3.448220e+06	3.457940e+06	3.445600e+06	3.452160e+06	3.448680e+06	3.462820e+06	3.449040e+06	3.447620e+06	3.456860e+06	3.452400e+06	3.455980e+06	3.466560e+06	3.461760e+06	3.458340e+06	3.445900e+06	3.462660e+06	3.456560e+06	3.452860e+06	3.453260e+06	3.454000e+06	3.452660e+06	3.445440e+06	3.468780e+06	3.460200e+06	3.452300e+06	3.451600e+06	3.462880e+06	3.458840e+06	3.444980e+06	3.448220e+06	3.448060e+06	3.458960e+06	3.448460e+06	3.457440e+06	3.453180e+06	3.455780e+06	3.451680e+06	3.461340e+06	3.470420e+06	3.459400e+06	3.454680e+06	3.462700e+06	3.446040e+06	3.439560e+06	3.463680e+06	3.450080e+06	3.446260e+06
3.447560e+06	3.452360e+06	3.462420e+06	3.466040e+06	3.458420e+06	3.460820e+06	3.449420e+06	3.458360e+06	3.462760e+06	3.474260e+06	3.452860e+06	3.455300e+06	3.454880e+06	3.455620e+06	3.454720e+06	3.452400e+06	3.450020e+06	3.463140e+06	3.457360e+06	3.447940e+06	3.449600e+06	3.468680e+06	3.451040e+06	3.465620e+06	3.452720e+06	3.455100e+06	3.448460e+06	3.464920e+06	3.454460e+06	3.460500e+06	3.463200e+06	3.457320e+06	3.453480e+06	3.451900e+06	3.468540e+06	3.464340e+06	3.453240e+06	3.448920e+06	3.447360e+06	3.454340e+06	3.461900e+06	3.455020e+06	3.455700e+06	3.458260e+06	3.461920e+06	3.446820e+06	3.450780e+06	3.455180e+06	3.454000e+06	3.446820e+06	3.453660e+06	3.462060e+06	3.465000e+06	3.454400e+06	3.467640e+06	3.462260e+06	3.446920e+06	3.444580e+06	3.446200e+06	3.470480e+06	3.437540e+06	3.455620e+06	3.462900e+06	3.454640e+06	3.455260e+06	3.446880e+06	3.452100e+06	3.468080e+06	3.462200e+06	3.464780e+06	3.452560e+06	3.456120e+06	3.452660e+06	3.473860e+06	3.457580e+06	3.455940e+06
3.467120e+06	3.472120e+06	3.457640e+06	3.445220e+06	3.456380e+06	3.465620e+06	3.457380e+06	3.460240e+06	3.457680e+06	3.459020e+06	3.447000e+06	3.458080e+06	3.456160e+06	3.455700e+06	3.456060e+06	3.466100e+06	3.458620e+06	3.477440e+06	3.454820e+06	3.481440e+06	3.460800e+06	3.452820e+06	3.466020e+06	3.451700e+06	3.451400e+06	3.462600e+06	3.461100e+06	3.460640e+06	3.463660e+06	3.466100e+06	3.459200e+06	3.449740e+06	3.456400e+06	3.460440e+06	3.460180e+06	3.466100e+06	3.453060e+06	3.462060e+06	3.464660e+06	3.456260e+06	3.469060e+06	3.454400e+06	3.452420e+06	3.452720e+06	3.460200e+06	3.472380e+06	3.440320e+06	3.462040e+06	3.458820e+06	3.453500e+06	3.457100e+06	3.463660e+06	3.456200e+06	3.468000e+06	3.461960e+06	3.458700e+06	3.464760e+06	3.455480e+06	3.455780e+06	3.465220e+06	3.462220e+06	3.447740e+06	3.460960e+06	3.454160e+06	3.461260e+06	3.447700e+06	3.448420e+06	3.461180e+06	3.464820e+06	3.451300e+06	3.458940e+06	3.457920e+06	3.440480e+06	3.463400e+06	3.466300e+06	3.459760e+06
3.448820e+06	3.460620e+06	3.449560e+06	3.477880e+06	3.460260e+06	3.449340e+06	3.444240e+06	3.464940e+06	3.467100e+06	3.464640e+06	3.453880e+06	3.448180e+06	3.452520e+06	3.455480e+06	3.451260e+06	3.464240e+06	3.451840e+06	3.463980e+06	3.460400e+06	3.459940e+06	3.463760e+06	3.452300e+06	3.456280e+06	3.445200e+06	3.457080e+06	3.457020e+06	3.463360e+06	3.466700e+06	3.455160e+06	3.442760e+06	3.455540e+06	3.470880e+06	3.451320e+06	3.459360e+06	3.454740e+06	3.446700e+06	3.464300e+06	3.458180e+06	3.461980e+06	3.451740e+06	3.467600e+06	3.455840e+06	3.471040e+06	3.456920e+06	3.466140e+06	3.468940e+06	3.455860e+06	3.457660e+06	3.448280e+06	3.459140e+06	3.466200e+06	3.455880e+06	3.454060e+06	3.464680e+06	3.457860e+06	3.447460e+06	3.469740e+06	3.451880e+06	3.461760e+06	3.454020e+06	3.457960e+06	3.461360e+06	3.458020e+06	3.458780e+06	3.472600e+06	3.470260e+06	3.451920e+06	3.456140e+06	3.468440e+06	3.459460e+06	3.449740e+06	3.455300e+06	3.455800e+06	3.468840e+06	3.469200e+06	3.455080e+06
3.463320e+06	3.454880e+06	3.466800e+06	3.448880e+06	3.461840e+06	3.458280e+06	3.442740e+06	3.465240e+06	3.450040e+06	3.465920e+06	3.462180e+06	3.454540e+06	3.459940e+06	3.450400e+06	3.457880e+06	3.453940e+06	3.461380e+06	3.454900e+06	3.465400e+06	3.465960e+06	3.455540e+06	3.472960e+06	3.460620e+06	3.462540e+06	3.455300e+06	3.462680e+06	3.462040e+06	3.455100e+06	3.459240e+06	3.462600e+06	3.458520e+06	3.462020e+06	3.452600e+06	3.462040e+06	3.459100e+06	3.456200e+06	3.450140e+06	3.459240e+06	3.466600e+06	3.455140e+06	3.460300e+06	3.462720e+06	3.466680e+06	3.450420e+06	3.461580e+06	3.455940e+06	3.453800e+06	3.451620e+06	3.456640e+06	3.465020e+06	3.456100e+06	3.452040e+06	3.455400e+06	3.446620e+06	3.447420e+06	3.467760e+06	3.468740e+06	3.456900e+06	3.454260e+06	3.465440e+06	3.462180e+06	3.461100e+06	3.456260e+06	3.451520e+06	3.450180e+06	3.465320e+06	3.458800e+06	3.461540e+06	3.461780e+06	3.458900e+06	3.460440e+06	3.463560e+06	3.454200e+06	3.449600e+06	3.462200e+06	3.462460e+06
3.467480e+06	3.458500e+06	3.463820e+06	3.475320e+06	3.461540e+06	3.450440e+06	3.462520e+06	3.463260e+06	3.450360e+06	3.465080e+06	3.456660e+06	3.455560e+06	3.461300e+06	3.459220e+06	3.462800e+06	3.469680e+06	3.454260e+06	3.454720e+06	3.455300e+06	3.462080e+06	3.453780e+06	3.439580e+06	3.451200e+06	3.459900e+06	3.459520e+06	3.462460e+06	3.457080e+06	3.464800e+06	3.470460e+06	3.450060e+06	3.456500e+06	3.456740e+06	3.458180e+06	3.462340e+06	3.455840e+06	3.456920e+06	3.463080e+06	3.450220e+06	3.453960e+06	3.468220e+06	3.456540e+06	3.448380e+06	3.459840e+06	3.456340e+06	3.459820e+06	3.460740e+06	3.448120e+06	3.457480e+06	3.443180e+06	3.446400e+06	3.457800e+06	3.466200e+06	3.457240e+06	3.459780e+06	3.463820e+06	3.470940e+06	3.451880e+06	3.470060e+06	3.446700e+06	3.465660e+06	3.455100e+06	3.472420e+06	3.449900e+06	3.459780e+06	3.465640e+06	3.470600e+06	3.473300e+06	3.451260e+06	3.452780e+06	3.471040e+06	3.452000e+06	3.460820e+06	3.460160e+06	3.460560e+06	3.459040e+06	3.473340e+06
3.481900e+06	3.464240e+06	3.467120e+06	3.461800e+06	3.461560e+06	3.462360e+06	3.459060e+06	3.463120e+06	3.446840e+06	3.462940e+06	3.458680e+06	3.458480e+06	3.464620e+06	3.461780e+06	3.451860e+06	3.454960e+06	3.459240e+06	3.471840e+06	3.469200e+06	3.460120e+06	3.472160e+06	3.466540e+06	3.472080e+06	3.457380e+06	3.456280e+06	3.454560e+06	3.465600e+06	3.454360e+06	3.467660e+06	3.460820e+06	3.454660e+06	3.457340e+06	3.456340e+06	3.458080e+06	3.454800e+06	3.460900e+06	3.455240e+06	3.455940e+06	3.462200e+06	3.468140e+06	3.458860e+06	3.458320e+06	3.469000e+06	3.458920e+06	3.454380e+06	3.466520e+06	3.462300e+06	3.459260e+06	3.459620e+06	3.459900e+06	3.453500e+06	3.462020e+06	3.462280e+06	3.459740e+06	3.449180e+06	3.462400e+06	3.458040e+06	3.458160e+06	3.451960e+06	3.454020e+06	3.455240e+06	3.455620e+06	3.458920e+06	3.455100e+06	3.448260e+06	3.450860e+06	3.452020e+06	3.467200e+06	3.453520e+06	3.461620e+06	3.455300e+06	3.474760e+06	3.460220e+06	3.465760e+06	3.467400e+06	3.453580e+06
3.465120e+06	3.468100e+06	3.459200e+06	3.460380e+06	3.462640e+06	3.465520e+06	3.456580e+06	3.458420e+06	3.469780e+06	3.455840e+06	3.454580e+06	3.465540e+06	3.462080e+06	3.451200e+06	3.479140e+06	3.463080e+06	3.467640e+06	3.473620e+06	3.460320e+06	3.467680e+06	3.476900e+06	3.457320e+06	3.465920e+06	3.470840e+06	3.464760e+06	3.447740e+06	3.458540e+06	3.463320e+06	3.444120e+06	3.452640e+06	3.457000e+06	3.472500e+06	3.462440e+06	3.452820e+06	3.458080e+06	3.461120e+06	3.453780e+06	3.451080e+06	3.455920e+06	3.458620e+06	3.472600e+06	3.444480e+06	3.456120e+06	3.458740e+06	3.444480e+06	3.456060e+06	3.440880e+06	3.456240e+06	3.466300e+06	3.458400e+06	3.459820e+06	3.468500e+06	3.459780e+06	3.466520e+06	3.450560e+06	3.472060e+06	3.459280e+06	3.467660e+06	3.460120e+06	3.452420e+06	3.457960e+06	3.458680e+06	3.465800e+06	3.455980e+06	3.454400e+06	3.465540e+06	3.456560e+06	3.471500e+06	3.458160e+06	3.461060e+06	3.458660e+06	3.458140e+06	3.463860e+06	3.461960e+06	3.465660e+06	3.463440e+06
3.470340e+06	3.462120e+06	3.469780e+06	3.464000e+06	3.455220e+06	3.468460e+06	3.462880e+06	3.476220e+06	3.475120e+06	3.480060e+06	3.472360e+06	3.467720e+06	3.455600e+06	3.465200e+06	3.458640e+06	3.451160e+06	3.460560e+06	3.463820e+06	3.475680e+06	3.459180e+06	3.450560e+06	3.460760e+06	3.464040e+06	3.466720e+06	3.465660e+06	3.465820e+06	3.461940e+06	3.474400e+06	3.469660e+06	3.456580e+06	3.457680e+06	3.458700e+06	3.479960e+06	3.473560e+06	3.461040e+06	3.465860e+06	3.472360e+06	3.475360e+06	3.456220e+06	3.467540e+06	3.470540e+06	3.471880e+06	3.461180e+06	3.465000e+06	3.457720e+06	3.469920e+06	3.464580e+06	3.465340e+06	3.463060e+06	3.467660e+06	3.476960e+06	3.467680e+06	3.461260e+06	3.468720e+06	3.460260e+06	3.460680e+06	3.475740e+06	3.469980e+06	3.453620e+06	3.463400e+06	3.458780e+06	3.474220e+06	3.469080e+06	3.456620e+06	3.467460e+06	3.457340e+06	3.461720e+06	3.463040e+06	3.454780e+06	3.461240e+06	3.447380e+06	3.465820e+06	3.450920e+06	3.473080e+06	3.449820e+06	3.470300e+06
3.456840e+06	3.468380e+06	3.452560e+06	3.457820e+06	3.459460e+06	3.470440e+06	3.463340e+06	3.480900e+06	3.464120e+06	3.466320e+06	3.474360e+06	3.471240e+06	3.458720e+06	3.457440e+06	3.472340e+06	3.476520e+06	3.475060e+06	3.473840e+06	3.471600e+06	3.471180e+06	3.465300e+06	3.478420e+06	3.477180e+06	3.463320e+06	3.465520e+06	3.462760e+06	3.449300e+06	3.468360e+06	3.456500e+06	3.466740e+06	3.460360e+06	3.465920e+06	3.468560e+06	3.462920e+06	3.468120e+06	3.464000e+06	3.456840e+06	3.472840e+06	3.466340e+06	3.462720e+06	3.471160e+06	3.464100e+06	3.474400e+06	3.475040e+06	3.469220e+06	3.445620e+06	3.465540e+06	3.454580e+06	3.468580e+06	3.467140e+06	3.467660e+06	3.475840e+06	3.463540e+06	3.467180e+06	3.459420e+06	3.485520e+06	3.470180e+06	3.460720e+06	3.473520e+06	3.457840e+06	3.484180e+06	3.465460e+06	3.471860e+06	3.461540e+06	3.468700e+06	3.469080e+06	3.465980e+06	3.473280e+06	3.475760e+06	3.465620e+06	3.468300e+06	3.461640e+06	3.462500e+06	3.474500e+06	3.452420e+06	3.452220e+06
3.475080e+06	3.462220e+06	3.461380e+06	3.477400e+06	3.458260e+06	3.465980e+06	3.464560e+06	3.457680e+06	3.468600e+06	3.474300e+06	3.471060e+06	3.475920e+06	3.445520e+06	3.472720e+06	3.462020e+06	3.470480e+06	3.457520e+06	3.454340e+06	3.445680e+06	3.459660e+06	3.468540e+06	3.474920e+06	3.467580e+06	3.455240e+06	3.480440e+06	3.460840e+06	3.463500e+06	3.466860e+06	3.460600e+06	3.469480e+06	3.467440e+06	3.461240e+06	3.463160e+06	3.466800e+06	3.472500e+06	3.470020e+06	3.464780e+06	3.480680e+06	3.474100e+06	3.461300e+06	3.456260e+06	3.456420e+06	3.461340e+06	3.465020e+06	3.476240e+06	3.456540e+06	3.460880e+06	3.467900e+06	3.470000e+06	3.465620e+06	3.482400e+06	3.460900e+06	3.473620e+06	3.458180e+06	3.473580e+06	3.456980e+06	3.458080e+06	3.469100e+06	3.462960e+06	3.472320e+06	3.460980e+06	3.455720e+06	3.465260e+06	3.462880e+06	3.472620e+06	3.465760e+06	3.464080e+06	3.451900e+06	3.471700e+06	3.467600e+06	3.459140e+06	3.461600e+06	3.474980e+06	3.481140e+06	3.455140e+06	3.465440e+06
3.476220e+06	3.477800e+06	3.471920e+06	3.466300e+06	3.456840e+06	3.457880e+06	3.464460e+06	3.462520e+06	3.467800e+06	3.467460e+06	3.471960e+06	3.469040e+06	3.456420e+06	3.466720e+06	3.466040e+06	3.459860e+06	3.466640e+06	3.463920e+06	3.469660e+06	3.465860e+06	3.472000e+06	3.463080e+06	3.458920e+06	3.471840e+06	3.474060e+06	3.462460e+06	3.463380e+06	3.480780e+06	3.456980e+06	3.455540e+06	3.455260e+06	3.471760e+06	3.456080e+06	3.469420e+06	3.479120e+06	3.469240e+06	3.458420e+06	3.470200e+06	3.466920e+06	3.458480e+06	3.459820e+06	3.465260e+06	3.457240e+06	3.458740e+06	3.462640e+06	3.461680e+06	3.472820e+06	3.466420e+06	3.463240e+06	3.469200e+06	3.474940e+06	3.476740e+06	3.457480e+06	3.466480e+06	3.465560e+06	3.477200e+06	3.468620e+06	3.469040e+06	3.469440e+06	3.467460e+06	3.466800e+06	3.464160e+06	3.469540e+06	3.456840e+06	3.459840e+06	3.458300e+06	3.461180e+06	3.468160e+06	3.459900e+06	3.472060e+06	3.466560e+06	3.482320e+06	3.477260e+06	3.461880e+06	3.464040e+06	3.479580e+06
3.475600e+06	3.475400e+06	3.459800e+06	3.481840e+06	3.468060e+06	3.475820e+06	3.463900e+06	3.468000e+06	3.463000e+06	3.467900e+06	3.462980e+06	3.464140e+06	3.448800e+06	3.462940e+06	3.468220e+06	3.463280e+06	3.456080e+06	3.468840e+06	3.467560e+06	3.470260e+06	3.466060e+06	3.482880e+06	3.465420e+06	3.469600e+06	3.470620e+06	3.453960e+06	3.463540e+06	3.463840e+06	3.472800e+06	3.460840e+06	3.459820e+06	3.461620e+06	3.452540e+06	3.469360e+06	3.470560e+06	3.465560e+06	3.471760e+06	3.466920e+06	3.465660e+06	3.465660e+06	3.467640e+06	3.473960e+06	3.472220e+06	3.471100e+06	3.483140e+06	3.477500e+06	3.471240e+06	3.459040e+06	3.473720e+06	3.458300e+06	3.461080e+06	3.455360e+06	3.472920e+06	3.481240e+06	3.473460e+06	3.468080e+06	3.469580e+06	3.475800e+06	3.482600e+06	3.468620e+06	3.458280e+06	3.463440e+06	3.458000e+06	3.455580e+06	3.466720e+06	3.472860e+06	3.470320e+06	3.476800e+06	3.472120e+06	3.460960e+06	3.471140e+06	3.455340e+06	3.474560e+06	3.463300e+06	3.469900e+06	3.469800e+06
3.461240e+06	3.469700e+06	3.477640e+06	3.463540e+06	3.472800e+06	3.468800e+06	3.469900e+06	3.471140e+06	3.469000e+06	3.477360e+06	3.469700e+06	3.468420e+06	3.470480e+06	3.467160e+06	3.472500e+06	3.462980e+06	3.471440e+06	3.477360e+06	3.470020e+06	3.464600e+06	3.466840e+06	3.464860e+06	3.469280e+06	3.456940e+06	3.462820e+06	3.463920e+06	3.462600e+06	3.470560e+06	3.464460e+06	3.474160e+06	3.466680e+06	3.463540e+06	3.467720e+06	3.478480e+06	3.475460e+06	3.466420e+06	3.482740e+06	3.462200e+06	3.455380e+06	3.479380e+06	3.472120e+06	3.467980e+06	3.460480e+06	3.486000e+06	3.465720e+06	3.468120e+06	3.477400e+06	3.465400e+06	3.464460e+06	3.475320e+06	3.465200e+06	3.461300e+06	3.463660e+06	3.463360e+06	3.475420e+06	3.477820e+06	3.461580e+06	3.471640e+06	3.467060e+06	3.465280e+06	3.469600e+06	3.475600e+06	3.470540e+06	3.462900e+06	3.471300e+06	3.466740e+06	3.481460e+06	3.469340e+06	3.469280e+06	3.475160e+06	3.461120e+06	3.468420e+06	3.468320e+06	3.470220e+06	3.468940e+06	3.465720e+06
3.468740e+06	3.465280e+06	3.472240e+06	3.469300e+06	3.466040e+06	3.463960e+06	3.472860e+06	3.475840e+06	3.458660e+06	3.465880e+06	3.462760e+06	3.466600e+06	3.466220e+06	3.456540e+06	3.467560e+06	3.458260e+06	3.471720e+06	3.467920e+06	3.470940e+06	3.467020e+06	3.466840e+06	3.456340e+06	3.462240e+06	3.479480e+06	3.462940e+06	3.482820e+06	3.462280e+06	3.470820e+06	3.473180e+06	3.465540e+06	3.473760e+06	3.467640e+06	3.468160e+06	3.483200e+06	3.469500e+06	3.463940e+06	3.466920e+06	3.465000e+06	3.472880e+06	3.478600e+06	3.463700e+06	3.473520e+06	3.454340e+06	3.472300e+06	3.478820e+06	3.477020e+06	3.463800e+06	3.461500e+06	3.466940e+06	3.480960e+06	3.478800e+06	3.465660e+06	3.486260e+06	3.474720e+06	3.473680e+06	3.464620e+06	3.469620e+06	3.464040e+06	3.462560e+06	3.471380e+06	3.467660e+06	3.481720e+06	3.468740e+06	3.460840e+06	3.474680e+06	3.465560e+06	3.463460e+06	3.470080e+06	3.464420e+06	3.470400e+06	3.460840e+06	3.461480e+06	3.461480e+06	3.461380e+06	3.476300e+06	3.447860e+06
3.458320e+06	3.467780e+06	3.469920e+06	3.466000e+06	3.456640e+06	3.480040e+06	3.461200e+06	3.471680e+06	3.473600e+06	3.475500e+06	3.459460e+06	3.475540e+06	3.479380e+06	3.470040e+06	3.470900e+06	3.475780e+06	3.464300e+06	3.469100e+06	3.473000e+06	3.465060e+06	3.469060e+06	3.462920e+06	3.472860e+06	3.473200e+06	3.460500e+06	3.473240e+06	3.475600e+06	3.458840e+06	3.477980e+06	3.463360e+06	3.474400e+06	3.472220e+06	3.470480e+06	3.467020e+06	3.451480e+06	3.476940e+06	3.470860e+06	3.468920e+06	3.456260e+06	3.471860e+06	3.456020e+06	3.475320e+06	3.487920e+06	3.469440e+06	3.473240e+06	3.472240e+06	3.462080e+06	3.462320e+06	3.467720e+06	3.473340e+06	3.476200e+06	3.474020e+06	3.467160e+06	3.471380e+06	3.475500e+06	3.457860e+06	3.475260e+06	3.479280e+06	3.468960e+06	3.473820e+06	3.463620e+06	3.455280e+06	3.481660e+06	3.457680e+06	3.471680e+06	3.471100e+06	3.472740e+06	3.473540e+06	3.474300e+06	3.469260e+06	3.468120e+06	3.469380e+06	3.474360e+06	3.457000e+06	3.467800e+06	3.479420e+06
3.486960e+06	3.461920e+06	3.465880e+06	3.476100e+06	3.475660e+06	3.471260e+06	3.469860e+06	3.478180e+06	3.473320e+06	3.464940e+06	3.471280e+06	3.474840e+06	3.461320e+06	3.472100e+06	3.474500e+06	3.467580e+06	3.477120e+06	3.470540e+06	3.471920e+06	3.463480e+06	3.473780e+06	3.471740e+06	3.481540e+06	3.468580e+06	3.468600e+06	3.471840e+06	3.467060e+06	3.476300e+06	3.473060e+06	3.476620e+06	3.468100e+06	3.467720e+06	3.475960e+06	3.484140e+06	3.461180e+06	3.471920e+06	3.474400e+06	3.460100e+06	3.473720e+06	3.458580e+06	3.475500e+06	3.461480e+06	3.466580e+06	3.471160e+06	3.471040e+06	3.466260e+06	3.470500e+06	3.473180e+06	3.467100e+06	3.474400e+06	3.474980e+06	3.464140e+06	3.466400e+06	3.467660e+06	3.465100e+06	3.477880e+06	3.465660e+06	3.473020e+06	3.462040e+06	3.471660e+06	3.458240e+06	3.474100e+06	3.463300e+06	3.474260e+06	3.470640e+06	3.466880e+06	3.467580e+06	3.467840e+06	3.484580e+06	3.460160e+06	3.465800e+06	3.467820e+06	3.463460e+06	3.468040e+06	3.457400e+06	3.482920e+06
3.476860e+06	3.469940e+06	3.473780e+06	3.468620e+06	3.471240e+06	3.469540e+06	3.469820e+06	3.465500e+06	3.471940e+06	3.470420e+06	3.482780e+06	3.450540e+06	3.472060e+06	3.461720e+06	3.470620e+06	3.465320e+06	3.473260e+06	3.471280e+06	3.474840e+06	3.478840e+06	3.474320e+06	3.484820e+06	3.473440e+06	3.462800e+06	3.461040e+06	3.458000e+06	3.469660e+06	3.463900e+06	3.462920e+06	3.462580e+06	3.463040e+06	3.463680e+06	3.464900e+06	3.473700e+06	3.471040e+06	3.488140e+06	3.478080e+06	3.462520e+06	3.464620e+06	3.476620e+06	3.456660e+06	3.468520e+06	3.463520e+06	3.475840e+06	3.473080e+06	3.462160e+06	3.458960e+06	3.451640e+06	3.467920e+06	3.481520e+06	3.469880e+06	3.477420e+06	3.470400e+06	3.465700e+06	3.460940e+06	3.475380e+06	3.473000e+06	3.471720e+06	3.486240e+06	3.473420e+06	3.471060e+06	3.478960e+06	3.465560e+06	3.480440e+06	3.453140e+06	3.466840e+06	3.469480e+06	3.463060e+06	3.471560e+06	3.479880e+06	3.467860e+06	3.460340e+06	3.459980e+06	3.473640e+06	3.463840e+06	3.462460e+06
3.486300e+06	3.478840e+06	3.467520e+06	3.476040e+06	3.488140e+06	3.476060e+06	3.480280e+06	3.469000e+06	3.489580e+06	3.462120e+06	3.463260e+06	3.472380e+06	3.461940e+06	3.469400e+06	3.475500e+06	3.464620e+06	3.464380e+06	3.476860e+06	3.469760e+06	3.468580e+06	3.475300e+06	3.475060e+06	3.476740e+06	3.460800e+06	3.470480e+06	3.476000e+06	3.469860e+06	3.462420e+06	3.468960e+06	3.465040e+06	3.474640e+06	3.474600e+06	3.471740e+06	3.478620e+06	3.473680e+06	3.469620e+06	3.461280e+06	3.485940e+06	3.467780e+06	3.471700e+06	3.463980e+06	3.462420e+06	3.472480e+06	3.458680e+06	3.462400e+06	3.475700e+06	3.468120e+06	3.466020e+06	3.480240e+06	3.465920e+06	3.478760e+06	3.477120e+06	3.472400e+06	3.477400e+06	3.472140e+06	3.475660e+06	3.470740e+06	3.473960e+06	3.464740e+06	3.466180e+06	3.467840e+06	3.474220e+06	3.478720e+06	3.479900e+06	3.455480e+06	3.476300e+06	3.476720e+06	3.471420e+06	3.468860e+06	3.466880e+06	3.472320e+06	3.469480e+06	3.477660e+06	3.478860e+06	3.462240e+06	3.480620e+06
3.471540e+06	3.469940e+06	3.469820e+06	3.456460e+06	3.463280e+06	3.486600e+06	3.476060e+06	3.459180e+06	3.478140e+06	3.471360e+06	3.464880e+06	3.474560e+06	3.476560e+06	3.477700e+06	3.474100e+06	3.461780e+06	3.463880e+06	3.470220e+06	3.471780e+06	3.474000e+06	3.476860e+06	3.475800e+06	3.473080e+06	3.471300e+06	3.456260e+06	3.470720e+06	3.474420e+06	3.473200e+06	3.474000e+06	3.469200e+06	3.489660e+06	3.474200e+06	3.472060e+06	3.471480e+06	3.484060e+06	3.476080e+06	3.485340e+06	3.469220e+06	3.471840e+06	3.470580e+06	3.492460e+06	3.465120e+06	3.471420e+06	3.474900e+06	3.480460e+06	3.480880e+06	3.474180e+06	3.488500e+06	3.483720e+06	3.487660e+06	3.472600e+06	3.484520e+06	3.473620e+06	3.466100e+06	3.472760e+06	3.470280e+06	3.473880e+06	3.472620e+06	3.474860e+06	3.484800e+06	3.471000e+06	3.463880e+06	3.477600e+06	3.470760e+06	3.466180e+06	3.484940e+06	3.485020e+06	3.476680e+06	3.484940e+06	3.468680e+06	3.473400e+06	3.476160e+06	3.477080e+06	3.475920e+06	3.477300e+06	3.471720e+06
3.470400e+06	3.486960e+06	3.467620e+06	3.485640e+06	3.491180e+06	3.474240e+06	3.467660e+06	3.463940e+06	3.472360e+06	3.469680e+06	3.475920e+06	3.480360e+06	3.475040e+06	3.465580e+06	3.466060e+06	3.461640e+06	3.465060e+06	3.481720e+06	3.483440e+06	3.470980e+06	3.459580e+06	3.477220e+06	3.480580e+06	3.477140e+06	3.463520e+06	3.491940e+06	3.460000e+06	3.467960e+06	3.473940e+06	3.469540e+06	3.476460e+06	3.466220e+06	3.460560e+06	3.482320e+06	3.474920e+06	3.473740e+06	3.477580e+06	3.468680e+06	3.484560e+06	3.477140e+06	3.475880e+06	3.480620e+06	3.478320e+06	3.484100e+06	3.475580e+06	3.479640e+06	3.466760e+06	3.471500e+06	3.465140e+06	3.468100e+06	3.462760e+06	3.485200e+06	3.480320e+06	3.471740e+06	3.474640e+06	3.481320e+06	3.467980e+06	3.471540e+06	3.473120e+06	3.478960e+06	3.474260e+06	3.457880e+06	3.475180e+06	3.473260e+06	3.475760e+06	3.473860e+06	3.471720e+06	3.477900e+06	3.457960e+06	3.476800e+06	3.477980e+06	3.479200e+06	3.474400e+06	3.462780e+06	3.469560e+06	3.462260e+06
3.475820e+06	3.479680e+06	3.482560e+06	3.467800e+06	3.487800e+06	3.482280e+06	3.471600e+06	3.474880e+06	3.477300e+06	3.468520e+06	3.470720e+06	3.482340e+06	3.474720e+06	3.466700e+06	3.467420e+06	3.462500e+06	3.474940e+06	3.474800e+06	3.464140e+06	3.494340e+06	3.467860e+06	3.489760e+06	3.472120e+06	3.472860e+06	3.476600e+06	3.479060e+06	3.468320e+06	3.478540e+06	3.479700e+06	3.480840e+06	3.479360e+06	3.475700e+06	3.470580e+06	3.478500e+06	3.478640e+06	3.470840e+06	3.467520e+06	3.468260e+06	3.482420e+06	3.472960e+06	3.479780e+06	3.480680e+06	3.467200e+06	3.473380e+06	3.486940e+06	3.484300e+06	3.465200e+06	3.467680e+06	3.474100e+06	3.470440e+06	3.479620e+06	3.480680e+06	3.475700e+06	3.484760e+06	3.488520e+06	3.477560e+06	3.491960e+06	3.472740e+06	3.493860e+06	3.474620e+06	3.472140e+06	3.465580e+06	3.470820e+06	3.466140e+06	3.478480e+06	3.476140e+06	3.471820e+06	3.467060e+06	3.477740e+06	3.474600e+06	3.462680e+06	3.472260e+06	3.481860e+06	3.480900e+06	3.465660e+06	3.473220e+06
3.489000e+06	3.468880e+06	3.479980e+06	3.483180e+06	3.483640e+06	3.462920e+06	3.488300e+06	3.472720e+06	3.470240e+06	3.472400e+06	3.481960e+06	3.472580e+06	3.480040e+06	3.486320e+06	3.473340e+06	3.481660e+06	3.476940e+06	3.483560e+06	3.470200e+06	3.477700e+06	3.479100e+06	3.463900e+06	3.471680e+06	3.474060e+06	3.485540e+06	3.476880e+06	3.482120e+06	3.479200e+06	3.469480e+06	3.463160e+06	3.466180e+06	3.466880e+06	3.474720e+06	3.467900e+06	3.467360e+06	3.495120e+06	3.478320e+06	3.482860e+06	3.478660e+06	3.468880e+06	3.475360e+06	3.464180e+06	3.476140e+06	3.475360e+06	3.495760e+06	3.483780e+06	3.482540e+06	3.465960e+06	3.470720e+06	3.469120e+06	3.465000e+06	3.474840e+06	3.469720e+06	3.469800e+06	3.477820e+06	3.469480e+06	3.473500e+06	3.470680e+06	3.471960e+06	3.484540e+06	3.466640e+06	3.472200e+06	3.473320e+06	3.469560e+06	3.475120e+06	3.467720e+06	3.475520e+06	3.483240e+06	3.478860e+06	3.476140e+06	3.477260e+06	3.482380e+06	3.474900e+06	3.473720e+06	3.464400e+06	3.488060e+06
3.481720e+06	3.474500e+06	3.474760e+06	3.482940e+06	3.470440e+06	3.479260e+06	3.474220e+06	3.470780e+06	3.478720e+06	3.481020e+06	3.467000e+06	3.482560e+06	3.467760e+06	3.471020e+06	3.473820e+06	3.485380e+06	3.489600e+06	3.484440e+06	3.479620e+06	3.467360e+06	3.464320e+06	3.476000e+06	3.488380e+06	3.467940e+06	3.482880e+06	3.482800e+06	3.464460e+06	3.479880e+06	3.476800e+06	3.475320e+06	3.477060e+06	3.482480e+06	3.474760e+06	3.469980e+06	3.464240e+06	3.479200e+06	3.486900e+06	3.487080e+06	3.472680e+06	3.468780e+06	3.486420e+06	3.484820e+06	3.492300e+06	3.489080e+06	3.464820e+06	3.465580e+06	3.475320e+06	3.466000e+06	3.469820e+06	3.476040e+06	3.469520e+06	3.482560e+06	3.475940e+06	3.470900e+06	3.472240e+06	3.476220e+06	3.478720e+06	3.481720e+06	3.471000e+06	3.472860e+06	3.486800e+06	3.460560e+06	3.476120e+06	3.472820e+06	3.473480e+06	3.487840e+06	3.468100e+06	3.477800e+06	3.478720e+06	3.486980e+06	3.484280e+06	3.479060e+06	3.471160e+06	3.478480e+06	3.475980e+06	3.467380e+06
3.479740e+06	3.471740e+06	3.475600e+06	3.476740e+06	3.466780e+06	3.472880e+06	3.481300e+06	3.472640e+06	3.471740e+06	3.470680e+06	3.482960e+06	3.481260e+06	3.490940e+06	3.476240e+06	3.474860e+06	3.475580e+06	3.482200e+06	3.482940e+06	3.469780e+06	3.480580e+06	3.470640e+06	3.476580e+06	3.480700e+06	3.481420e+06	3.474380e+06	3.479080e+06	3.471260e+06	3.473860e+06	3.476520e+06	3.483620e+06	3.467280e+06	3.480540e+06	3.486920e+06	3.481740e+06	3.488700e+06	3.478340e+06	3.464940e+06	3.482060e+06	3.474080e+06	3.478000e+06	3.488080e+06	3.477440e+06	3.483740e+06	3.473860e+06	3.482460e+06	3.485140e+06	3.476540e+06	3.485280e+06	3.480280e+06	3.494260e+06	3.476200e+06	3.470940e+06	3.482080e+06	3.474640e+06	3.483340e+06	3.477560e+06	3.478120e+06	3.491080e+06	3.477240e+06	3.474420e+06	3.478060e+06	3.476660e+06	3.476700e+06	3.473840e+06	3.471080e+06	3.471280e+06	3.482780e+06	3.477160e+06	3.486620e+06	3.473700e+06	3.484820e+06	3.469260e+06	3.480400e+06	3.476980e+06	3.484140e+06	3.485320e+06
3.496200e+06	3.481740e+06	3.473600e+06	3.470200e+06	3.487700e+06	3.483820e+06	3.484580e+06	3.477080e+06	3.492760e+06	3.483140e+06	3.475700e+06	3.475460e+06	3.481360e+06	3.471720e+06	3.472260e+06	3.469700e+06	3.483100e+06	3.479540e+06	3.475540e+06	3.489240e+06	3.473700e+06	3.473340e+06	3.487600e+06	3.486260e+06	3.476780e+06	3.493620e+06	3.501340e+06	3.483640e+06	3.473900e+06	3.476320e+06	3.484040e+06	3.468200e+06	3.463040e+06	3.491060e+06	3.470260e+06	3.481320e+06	3.487440e+06	3.489680e+06	3.475000e+06	3.479560e+06	3.475640e+06	3.489040e+06	3.479860e+06	3.479560e+06	3.484560e+06	3.482580e+06	3.477860e+06	3.485220e+06	3.477420e+06	3.476680e+06	3.479440e+06	3.489060e+06	3.473780e+06	3.493140e+06	3.474100e+06	3.492480e+06	3.476980e+06	3.491580e+06	3.465520e+06	3.486780e+06	3.470220e+06	3.474860e+06	3.481180e+06	3.471460e+06	3.488500e+06	3.478260e+06	3.482880e+06	3.466300e+06	3.476260e+06	3.488320e+06	3.483580e+06	3.479900e+06	3.476840e+06	3.474980e+06	3.465320e+06	3.480800e+06
3.484420e+06	3.476240e+06	3.481720e+06	3.476280e+06	3.480740e+06	3.486820e+06	3.483460e+06	3.477480e+06	3.478400e+06	3.487440e+06	3.479660e+06	3.482860e+06	3.478860e+06	3.488280e+06	3.481940e+06	3.473580e+06	3.474360e+06	3.479240e+06	3.487160e+06	3.484960e+06	3.487300e+06	3.477500e+06	3.482540e+06	3.489780e+06	3.480800e+06	3.489400e+06	3.486280e+06	3.490280e+06	3.502160e+06	3.469480e+06	3.477140e+06	3.488600e+06	3.483860e+06	3.492820e+06	3.481040e+06	3.480280e+06	3.478380e+06	3.483580e+06	3.480220e+06	3.477780e+06	3.471940e+06	3.483260e+06	3.482260e+06	3.492880e+06	3.470520e+06	3.493300e+06	3.496640e+06	3.482300e+06	3.473300e+06	3.477520e+06	3.480700e+06	3.485120e+06	3.488840e+06	3.473900e+06	3.491200e+06	3.488360e+06	3.486140e+06	3.473840e+06	3.486340e+06	3.483380e+06	3.478320e+06	3.466340e+06	3.480120e+06	3.488060e+06	3.495080e+06	3.486500e+06	3.474300e+06	3.475900e+06	3.493720e+06	3.464500e+06	3.478520e+06	3.479840e+06	3.479940e+06	3.484940e+06	3.490000e+06	3.475980e+06
3.484120e+06	3.486420e+06	3.488840e+06	3.488380e+06	3.490840e+06	3.474360e+06	3.471760e+06	3.485540e+06	3.477160e+06	3.483460e+06	3.492760e+06	3.479520e+06	3.478780e+06	3.480420e+06	3.490480e+06	3.495640e+06	3.488100e+06	3.481520e+06	3.477920e+06	3.481760e+06	3.479560e+06	3.473900e+06	3.475400e+06	3.477440e+06	3.489820e+06	3.485580e+06	3.490400e+06	3.473140e+06	3.493000e+06	3.482240e+06	3.490200e+06	3.481020e+06	3.487080e+06	3.475640e+06	3.496320e+06	3.487140e+06	3.489280e+06	3.495220e+06	3.493100e+06	3.483500e+06	3.478580e+06	3.486740e+06	3.480580e+06	3.486140e+06	3.470300e+06	3.481280e+06	3.476300e+06	3.484120e+06	3.485820e+06	3.482100e+06	3.491260e+06	3.494640e+06	3.470000e+06	3.466340e+06	3.483460e+06	3.486640e+06	3.483720e+06	3.488980e+06	3.489000e+06	3.472920e+06	3.469340e+06	3.472620e+06	3.481220e+06	3.473860e+06	3.470980e+06	3.479800e+06	3.495980e+06	3.481620e+06	3.477780e+06	3.489120e+06	3.485000e+06	3.489980e+06	3.476440e+06	3.475480e+06	3.483080e+06	3.491340e+06
3.483760e+06	3.492400e+06	3.486500e+06	3.485500e+06	3.479760e+06	3.479720e+06	3.470780e+06	3.482880e+06	3.474320e+06	3.496400e+06	3.477400e+06	3.483620e+06	3.487540e+06	3.484560e+06	3.476240e+06	3.482800e+06	3.485720e+06	3.482960e+06	3.491800e+06	3.493300e+06	3.494600e+06	3.489620e+06	3.483820e+06	3.475800e+06	3.477040e+06	3.485160e+06	3.493380e+06	3.481660e+06	3.499540e+06	3.480380e+06	3.479020e+06	3.477100e+06	3.482240e+06	3.482360e+06	3.486420e+06	3.479620e+06	3.493300e+06	3.481560e+06	3.475060e+06	3.477500e+06	3.487860e+06	3.492740e+06	3.478920e+06	3.491260e+06	3.488000e+06	3.475740e+06	3.488760e+06	3.472480e+06	3.472480e+06	3.485820e+06	3.481860e+06	3.485800e+06	3.470760e+06	3.486140e+06	3.479440e+06	3.480880e+06	3.488040e+06	3.493860e+06	3.479000e+06	3.490300e+06	3.483980e+06	3.480380e+06	3.483840e+06	3.480800e+06	3.473880e+06	3.487860e+06	3.484220e+06	3.484960e+06	3.502180e+06	3.475460e+06	3.481940e+06	3.493260e+06	3.478540e+06	3.488220e+06	3.482720e+06	3.487880e+06
3.485740e+06	3.483600e+06	3.480040e+06	3.471520e+06	3.492520e+06	3.483260e+06	3.488280e+06	3.481560e+06	3.483600e+06	3.479580e+06	3.485720e+06	3.491880e+06	3.487880e+06	3.491560e+06	3.489500e+06	3.479880e+06	3.478240e+06	3.484960e+06	3.476460e+06	3.493920e+06	3.491320e+06	3.484700e+06	3.487620e+06	3.492280e+06	3.482740e+06	3.488640e+06	3.478000e+06	3.473000e+06	3.478480e+06	3.480780e+06	3.468940e+06	3.482740e+06	3.480340e+06	3.481780e+06	3.481820e+06	3.493440e+06	3.478740e+06	3.492800e+06	3.485080e+06	3.491880e+06	3.489760e+06	3.484060e+06	3.473960e+06	3.486340e+06	3.472240e+06	3.487040e+06	3.478040e+06	3.485500e+06	3.483700e+06	3.478920e+06	3.492440e+06	3.487880e+06	3.486100e+06	3.494080e+06	3.482480e+06	3.498420e+06	3.475500e+06	3.487340e+06	3.486600e+06	3.489820e+06	3.485740e+06	3.488120e+06	3.488100e+06	3.474160e+06	3.480900e+06	3.479760e+06	3.483720e+06	3.474620e+06	3.496960e+06	3.492260e+06	3.482000e+06	3.490640e+06	3.483700e+06	3.479560e+06	3.489840e+06	3.490360e+06
3.494000e+06	3.475280e+06	3.472360e+06	3.470080e+06	3.489480e+06	3.483220e+06	3.482440e+06	3.483720e+06	3.486720e+06	3.486280e+06	3.482180e+06	3.474660e+06	3.482880e+06	3.472900e+06	3.483420e+06	3.466180e+06	3.484360e+06	3.468640e+06	3.471680e+06	3.476460e+06	3.483440e+06	3.477260e+06	3.475020e+06	3.487420e+06	3.488760e+06	3.488640e+06	3.474180e+06	3.482220e+06	3.490120e+06	3.459160e+06	3.475680e+06	3.487240e+06	3.482700e+06	3.486260e+06	3.487900e+06	3.473720e+06	3.492680e+06	3.486040e+06	3.483220e+06	3.486080e+06	3.480820e+06	3.475040e+06	3.479300e+06	3.476320e+06	3.477520e+06	3.482000e+06	3.473280e+06	3.491460e+06	3.480380e+06	3.483960e+06	3.488880e+06	3.488380e+06	3.494820e+06	3.488300e+06	3.494240e+06	3.488300e+06	3.479380e+06	3.487120e+06	3.480280e+06	3.487780e+06	3.480000e+06	3.476600e+06	3.475900e+06	3.470980e+06	3.487140e+06	3.470600e+06	3.489860e+06	3.489560e+06	3.481460e+06	3.474280e+06	3.484680e+06	3.478420e+06	3.477580e+06	3.485060e+06	3.487780e+06	3.483220e+06
3.487060e+06	3.478200e+06	3.491260e+06	3.484560e+06	3.483400e+06	3.493260e+06	3.488440e+06	3.482620e+06	3.497480e+06	3.485180e+06	3.486520e+06	3.474260e+06	3.490220e+06	3.484520e+06	3.486680e+06	3.485080e+06	3.480240e+06	3.488200e+06	3.475140e+06	3.480480e+06	3.496600e+06	3.489560e+06	3.481720e+06	3.491600e+06	3.477460e+06	3.474940e+06	3.483360e+06	3.473780e+06	3.469620e+06	3.479020e+06	3.480400e+06	3.476160e+06	3.497860e+06	3.476300e+06	3.478660e+06	3.490240e+06	3.501060e+06	3.480300e+06	3.478720e+06	3.488200e+06	3.488420e+06	3.473200e+06	3.476780e+06	3.490600e+06	3.483920e+06	3.488660e+06	3.488040e+06	3.488560e+06	3.492840e+06	3.480020e+06	3.491460e+06	3.473200e+06	3.481360e+06	3.474600e+06	3.479540e+06	3.482620e+06	3.486320e+06	3.506400e+06	3.491280e+06	3.479220e+06	3.483860e+06	3.486280e+06	3.485380e+06	3.491560e+06	3.496020e+06	3.472260e+06	3.485780e+06	3.485480e+06	3.483700e+06	3.477220e+06	3.487380e+06	3.476760e+06	3.464880e+06	3.473580e+06	3.483060e+06	3.476700e+06
3.482000e+06	3.481340e+06	3.473880e+06	3.485480e+06	3.469700e+06	3.486840e+06	3.487000e+06	3.484180e+06	3.483740e+06	3.485180e+06	3.490720e+06	3.473800e+06	3.486740e+06	3.486180e+06	3.502580e+06	3.488360e+06	3.485000e+06	3.483720e+06	3.486840e+06	3.477760e+06	3.485100e+06	3.488240e+06	3.481460e+06	3.500160e+06	3.475660e+06	3.492260e+06	3.485280e+06	3.492620e+06	3.487840e+06	3.484500e+06	3.477800e+06	3.494940e+06	3.480440e+06	3.487680e+06	3.486740e+06	3.482720e+06	3.488940e+06	3.489540e+06	3.487440e+06	3.491200e+06	3.488220e+06	3.486400e+06	3.482140e+06	3.468480e+06	3.484660e+06	3.483900e+06	3.469540e+06	3.478700e+06	3.492800e+06	3.505060e+06	3.495800e+06	3.494860e+06	3.479520e+06	3.485480e+06	3.472300e+06	3.480820e+06	3.485680e+06	3.487060e+06	3.484140e+06	3.486300e+06	3.478780e+06	3.477100e+06	3.480220e+06	3.493380e+06	3.491760e+06	3.491180e+06	3.485440e+06	3.474960e+06	3.475980e+06	3.496440e+06	3.481600e+06	3.493680e+06	3.500680e+06	3.494040e+06	3.484760e+06	3.487840e+06
3.487600e+06	3.492840e+06	3.479820e+06	3.489660e+06	3.478360e+06	3.491180e+06	3.481040e+06	3.501520e+06	3.483780e+06	3.501340e+06	3.479500e+06	3.492140e+06	3.493720e+06	3.487880e+06	3.503620e+06	3.494360e+06	3.485660e+06	3.487260e+06	3.487580e+06	3.487320e+06	3.477480e+06	3.485640e+06	3.498340e+06	3.488940e+06	3.480280e+06	3.492240e+06	3.485300e+06	3.493080e+06	3.481460e+06	3.501360e+06	3.492600e+06	3.496240e+06	3.480980e+06	3.484300e+06	3.477640e+06	3.481840e+06	3.482400e+06	3.487560e+06	3.483960e+06	3.492980e+06	3.499580e+06	3.497900e+06	3.488380e+06	3.489460e+06	3.494660e+06	3.477060e+06	3.476400e+06	3.480480e+06	3.494180e+06	3.501020e+06	3.492220e+06	3.480680e+06	3.483080e+06	3.490720e+06	3.493780e+06	3.497400e+06	3.474360e+06	3.491900e+06	3.492900e+06	3.475400e+06	3.480320e+06	3.498240e+06	3.498360e+06	3.486280e+06	3.489740e+06	3.495340e+06	3.488900e+06	3.498620e+06	3.477580e+06	3.480220e+06	3.492320e+06	3.495640e+06	3.498020e+06	3.488780e+06	3.494360e+06	3.482560e+06
3.489100e+06	3.485640e+06	3.490400e+06	3.486060e+06	3.484860e+06	3.496860e+06	3.488460e+06	3.488560e+06	3.488640e+06	3.492680e+06	3.490260e+06	3.487300e+06	3.482980e+06	3.483760e+06	3.479000e+06	3.495720e+06	3.484580e+06	3.487780e+06	3.490680e+06	3.495420e+06	3.488380e+06	3.485480e+06	3.491580e+06	3.484760e+06	3.498000e+06	3.488080e+06	3.492500e+06	3.483980e+06	3.511320e+06	3.493860e+06	3.480200e+06	3.498100e+06	3.483880e+06	3.486580e+06	3.479080e+06	3.489600e+06	3.506600e+06	3.502640e+06	3.487740e+06	3.490480e+06	3.502580e+06	3.487360e+06	3.486200e+06	3.501320e+06	3.482560e+06	3.479440e+06	3.490080e+06	3.486020e+06	3.500400e+06	3.489440e+06	3.490980e+06	3.486340e+06	3.490900e+06	3.484680e+06	3.488220e+06	3.505900e+06	3.479340e+06	3.501140e+06	3.490540e+06	3.487160e+06	3.491280e+06	3.484220e+06	3.495540e+06	3.496500e+06	3.487860e+06	3.496400e+06	3.490500e+06	3.491180e+06	3.494660e+06	3.484620e+06	3.489020e+06	3.497200e+06	3.493880e+06	3.496860e+06	3.499260e+06	3.481040e+06
3.488460e+06	3.494920e+06	3.498400e+06	3.490460e+06	3.483800e+06	3.488920e+06	3.483220e+06	3.490660e+06	3.477040e+06	3.473560e+06	3.476040e+06	3.477680e+06	3.486460e+06	3.509700e+06	3.494480e+06	3.504400e+06	3.490260e+06	3.486120e+06	3.484000e+06	3.486480e+06	3.489140e+06	3.495740e+06	3.506420e+06	3.477880e+06	3.480640e+06	3.487500e+06	3.480240e+06	3.487580e+06	3.491140e+06	3.491700e+06	3.485120e+06	3.496160e+06	3.482700e+06	3.491760e+06	3.487560e+06	3.491220e+06	3.496580e+06	3.489080e+06	3.496100e+06	3.483940e+06	3.484100e+06	3.489120e+06	3.484060e+06	3.501260e+06	3.487380e+06	3.475920e+06	3.493140e+06	3.500700e+06	3.488520e+06	3.485320e+06	3.495280e+06	3.497640e+06	3.488700e+06	3.485100e+06	3.489300e+06	3.498580e+06	3.500700e+06	3.480240e+06	3.484560e+06	3.492180e+06	3.487640e+06	3.481220e+06	3.486660e+06	3.493140e+06	3.495380e+06	3.487640e+06	3.500400e+06	3.476860e+06	3.491300e+06	3.486180e+06	3.494180e+06	3.484120e+06	3.486480e+06	3.488100e+06	3.485840e+06	3.483400e+06
3.487840e+06	3.490660e+06	3.490360e+06	3.484140e+06	3.494260e+06	3.480340e+06	3.475700e+06	3.489100e+06	3.494440e+06	3.482780e+06	3.475940e+06	3.487240e+06	3.483700e+06	3.487820e+06	3.482020e+06	3.488100e+06	3.484860e+06	3.483380e+06	3.481720e+06	3.482440e+06	3.490380e+06	3.487960e+06	3.489860e+06	3.497140e+06	3.487720e+06	3.483060e+06	3.489540e+06	3.491540e+06	3.485300e+06	3.486040e+06	3.481740e+06	3.475680e+06	3.484420e+06	3.496320e+06	3.482700e+06	3.489520e+06	3.491980e+06	3.487180e+06	3.481960e+06	3.483480e+06	3.491900e+06	3.476920e+06	3.473400e+06	3.500660e+06	3.483900e+06	3.484220e+06	3.500940e+06	3.475040e+06	3.489700e+06	3.497180e+06	3.485600e+06	3.502120e+06	3.499400e+06	3.488400e+06	3.489800e+06	3.486720e+06	3.495740e+06	3.482460e+06	3.491500e+06	3.502440e+06	3.474920e+06	3.472320e+06	3.478120e+06	3.498080e+06	3.486720e+06	3.490760e+06	3.490740e+06	3.493280e+06	3.484880e+06	3.493140e+06	3.487480e+06	3.475700e+06	3.491940e+06	3.490120e+06	3.498020e+06	3.489460e+06
3.489520e+06	3.478920e+06	3.490400e+06	3.489820e+06	3.494540e+06	3.499760e+06	3.508080e+06	3.494920e+06	3.489660e+06	3.482340e+06	3.480840e+06	3.483600e+06	3.488340e+06	3.490480e+06	3.495140e+06	3.488960e+06	3.495220e+06	3.478820e+06	3.483000e+06	3.481260e+06	3.490600e+06	3.489940e+06	3.482940e+06	3.473220e+06	3.497560e+06	3.494100e+06	3.492640e+06	3.487120e+06	3.498360e+06	3.491480e+06	3.486340e+06	3.488820e+06	3.493340e+06	3.498540e+06	3.492020e+06	3.487000e+06	3.487700e+06	3.488940e+06	3.482480e+06	3.486740e+06	3.503980e+06	3.490220e+06	3.497340e+06	3.497300e+06	3.493800e+06	3.489160e+06	3.500020e+06	3.488380e+06	3.492240e+06	3.493780e+06	3.492860e+06	3.484700e+06	3.477540e+06	3.500340e+06	3.487200e+06	3.480600e+06	3.484340e+06	3.496280e+06	3.487760e+06	3.475180e+06	3.505080e+06	3.493000e+06	3.496560e+06	3.489320e+06	3.482040e+06	3.483840e+06	3.502540e+06	3.492220e+06	3.490020e+06	3.510340e+06	3.483200e+06	3.483380e+06	3.483160e+06	3.485560e+06	3.499320e+06	3.492960e+06
3.500340e+06	3.497680e+06	3.483660e+06	3.490480e+06	3.490600e+06	3.489100e+06	3.490120e+06	3.491060e+06	3.487440e+06	3.498700e+06	3.476040e+06	3.489960e+06	3.497060e+06	3.497580e+06	3.486540e+06	3.506860e+06	3.497020e+06	3.498160e+06	3.495700e+06	3.487760e+06	3.494780e+06	3.495960e+06	3.492840e+06	3.491840e+06	3.496900e+06	3.494460e+06	3.491880e+06	3.496420e+06	3.476000e+06	3.489700e+06	3.498580e+06	3.491280e+06	3.498720e+06	3.481000e+06	3.492200e+06	3.497700e+06	3.494960e+06	3.489660e+06	3.475600e+06	3.484000e+06	3.490560e+06	3.492440e+06	3.482420e+06	3.496720e+06	3.484360e+06	3.496060e+06	3.488400e+06	3.479460e+06	3.492960e+06	3.477580e+06	3.473280e+06	3.486740e+06	3.489100e+06	3.484620e+06	3.501080e+06	3.484820e+06	3.508380e+06	3.482220e+06	3.494780e+06	3.493680e+06	3.499900e+06	3.490580e+06	3.487180e+06	3.484480e+06	3.492920e+06	3.494720e+06	3.490280e+06	3.483000e+06	3.490640e+06	3.481460e+06	3.479080e+06	3.498640e+06	3.494620e+06	3.490300e+06	3.492180e+06	3.479580e+06
3.498980e+06	3.478880e+06	3.495620e+06	3.497760e+06	3.490000e+06	3.486300e+06	3.505660e+06	3.499460e+06	3.501120e+06	3.488280e+06	3.499360e+06	3.497340e+06	3.507480e+06	3.486860e+06	3.487720e+06	3.492060e+06	3.501180e+06	3.494680e+06	3.508640e+06	3.494500e+06	3.497600e+06	3.495740e+06	3.501480e+06	3.487900e+06	3.496980e+06	3.477120e+06	3.489080e+06	3.488180e+06	3.490240e+06	3.497380e+06	3.487220e+06	3.501260e+06	3.501880e+06	3.490540e+06	3.493660e+06	3.498020e+06	3.489180e+06	3.489540e+06	3.496800e+06	3.485500e+06	3.509960e+06	3.500740e+06	3.494640e+06	3.493640e+06	3.498900e+06	3.484780e+06	3.498280e+06	3.482900e+06	3.496920e+06	3.496340e+06	3.488100e+06	3.494660e+06	3.491260e+06	3.502340e+06	3.492060e+06	3.510360e+06	3.495600e+06	3.486420e+06	3.478580e+06	3.493080e+06	3.495340e+06	3.487120e+06	3.498960e+06	3.495920e+06	3.487540e+06	3.500060e+06	3.498760e+06	3.499260e+06	3.500240e+06	3.493000e+06	3.488200e+06	3.493020e+06	3.490620e+06	3.492300e+06	3.496720e+06	3.497900e+06
3.498860e+06	3.505000e+06	3.500080e+06	3.490220e+06	3.490940e+06	3.496060e+06	3.499100e+06	3.488280e+06	3.513820e+06	3.505180e+06	3.492600e+06	3.497720e+06	3.489500e+06	3.485220e+06	3.501740e+06	3.505640e+06	3.506080e+06	3.492840e+06	3.497360e+06	3.501780e+06	3.509580e+06	3.486860e+06	3.496560e+06	3.497780e+06	3.503240e+06	3.485380e+06	3.495060e+06	3.500740e+06	3.501700e+06	3.489080e+06	3.503200e+06	3.516960e+06	3.499100e+06	3.492460e+06	3.511320e+06	3.490700e+06	3.483920e+06	3.502560e+06	3.501820e+06	3.494260e+06	3.509520e+06	3.500400e+06	3.498640e+06	3.503920e+06	3.493460e+06	3.509200e+06	3.496380e+06	3.494160e+06	3.500800e+06	3.497680e+06	3.504540e+06	3.479020e+06	3.500960e+06	3.505320e+06	3.501280e+06	3.503240e+06	3.487160e+06	3.487180e+06	3.494540e+06	3.489180e+06	3.507240e+06	3.488800e+06	3.495860e+06	3.488740e+06	3.489260e+06	3.488340e+06	3.505780e+06	3.495420e+06	3.499220e+06	3.506020e+06	3.497020e+06	3.489900e+06	3.514960e+06	3.497000e+06	3.498360e+06	3.497420e+06
3.495840e+06	3.506580e+06	3.503880e+06	3.497960e+06	3.509640e+06	3.484380e+06	3.496200e+06	3.503780e+06	3.508840e+06	3.495340e+06	3.500520e+06	3.511900e+06	3.488440e+06	3.490840e+06	3.510400e+06	3.491740e+06	3.487160e+06	3.496340e+06	3.501200e+06	3.487900e+06	3.494420e+06	3.504400e+06	3.503260e+06	3.499020e+06	3.511500e+06	3.498280e+06	3.498240e+06	3.504020e+06	3.492280e+06	3.492140e+06	3.501480e+06	3.486440e+06	3.506900e+06	3.513000e+06	3.493920e+06	3.491800e+06	3.504240e+06	3.500240e+06	3.491240e+06	3.492940e+06	3.486680e+06	3.479660e+06	3.491380e+06	3.497900e+06	3.502760e+06	3.493040e+06	3.498340e+06	3.495540e+06	3.488200e+06	3.503920e+06	3.492540e+06	3.499480e+06	3.499280e+06	3.486540e+06	3.500060e+06	3.504260e+06	3.493120e+06	3.493120e+06	3.502120e+06	3.504740e+06	3.500540e+06	3.498920e+06	3.486300e+06	3.498220e+06	3.503120e+06	3.507180e+06	3.501020e+06	3.508400e+06	3.503840e+06	3.510640e+06	3.493860e+06	3.497420e+06	3.486300e+06	3.484180e+06	3.510080e+06	3.499140e+06
3.506660e+06	3.511160e+06	3.493540e+06	3.496980e+06	3.512500e+06	3.491880e+06	3.503940e+06	3.505720e+06	3.505920e+06	3.508860e+06	3.513540e+06	3.490280e+06	3.496860e+06	3.499580e+06	3.497100e+06	3.509440e+06	3.507680e+06	3.515640e+06	3.497660e+06	3.494160e+06	3.505000e+06	3.500260e+06	3.503420e+06	3.493460e+06	3.505760e+06	3.501660e+06	3.502060e+06	3.517960e+06	3.501120e+06	3.495800e+06	3.492880e+06	3.497240e+06	3.503180e+06	3.494900e+06	3.503700e+06	3.501900e+06	3.507540e+06	3.491020e+06	3.496900e+06	3.506040e+06	3.499840e+06	3.508660e+06	3.501280e+06	3.503460e+06	3.504960e+06	3.499380e+06	3.509140e+06	3.494420e+06	3.493200e+06	3.489180e+06	3.492640e+06	3.494740e+06	3.508340e+06	3.510080e+06	3.500540e+06	3.487520e+06	3.516380e+06	3.502600e+06	3.510380e+06	3.495060e+06	3.494840e+06	3.504080e+06	3.488180e+06	3.487360e+06	3.479900e+06	3.487880e+06	3.503900e+06	3.500120e+06	3.500980e+06	3.508500e+06	3.500260e+06	3.520340e+06	3.494160e+06	3.497960e+06	3.495620e+06	3.507380e+06
3.497180e+06	3.500240e+06	3.506160e+06	3.497920e+06	3.498540e+06	3.497040e+06	3.504840e+06	3.498060e+06	3.503820e+06	3.500760e+06	3.489640e+06	3.494200e+06	3.500080e+06	3.492160e+06	3.495460e+06	3.508800e+06	3.500000e+06	3.498160e+06	3.509780e+06	3.498360e+06	3.509840e+06	3.513800e+06	3.500360e+06	3.499000e+06	3.497620e+06	3.507720e+06	3.493880e+06	3.504940e+06	3.498640e+06	3.505480e+06	3.497100e+06	3.501780e+06	3.494660e+06	3.506600e+06	3.492580e+06	3.490920e+06	3.504200e+06	3.491500e+06	3.500380e+06	3.520520e+06	3.511100e+06	3.498940e+06	3.495300e+06	3.510580e+06	3.492920e+06	3.492860e+06	3.497160e+06	3.495180e+06	3.494880e+06	3.508360e+06	3.508800e+06	3.508020e+06	3.500680e+06	3.501540e+06	3.515920e+06	3.505280e+06	3.491380e+06	3.505260e+06	3.520180e+06	3.500220e+06	3.492600e+06	3.506600e+06	3.492660e+06	3.499400e+06	3.501220e+06	3.499880e+06	3.505720e+06	3.495640e+06	3.493060e+06	3.501220e+06	3.486780e+06	3.511960e+06	3.487860e+06	3.501280e+06	3.508700e+06	3.498280e+06
3.498680e+06	3.506940e+06	3.511720e+06	3.492220e+06	3.499620e+06	3.516040e+06	3.500920e+06	3.495480e+06	3.495960e+06	3.510720e+06	3.509920e+06	3.499880e+06	3.505560e+06	3.493100e+06	3.507220e+06	3.495740e+06	3.503640e+06	3.495840e+06	3.512100e+06	3.507500e+06	3.499940e+06	3.500260e+06	3.516000e+06	3.506500e+06	3.488440e+06	3.506360e+06	3.507220e+06	3.500340e+06	3.500980e+06	3.489180e+06	3.498580e+06	3.497920e+06	3.505540e+06	3.501580e+06	3.507000e+06	3.508540e+06	3.502500e+06	3.493180e+06	3.497780e+06	3.503700e+06	3.512240e+06	3.507820e+06	3.498460e+06	3.500620e+06	3.507700e+06	3.513300e+06	3.499540e+06	3.504680e+06	3.520940e+06	3.502700e+06	3.509820e+06	3.497940e+06	3.508900e+06	3.518980e+06	3.492980e+06	3.500980e+06	3.509200e+06	3.493760e+06	3.503520e+06	3.499080e+06	3.504340e+06	3.523940e+06	3.492440e+06	3.505240e+06	3.496040e+06	3.492920e+06	3.489720e+06	3.506900e+06	3.497760e+06	3.505040e+06	3.500700e+06	3.509740e+06	3.498460e+06	3.500620e+06	3.512320e+06	3.496960e+06
3.509700e+06	3.499800e+06	3.501660e+06	3.505320e+06	3.491180e+06	3.508540e+06	3.503500e+06	3.510500e+06	3.509140e+06	3.515040e+06	3.491860e+06	3.508580e+06	3.513160e+06	3.496520e+06	3.493480e+06	3.504780e+06	3.495540e+06	3.510880e+06	3.514460e+06	3.486600e+06	3.502080e+06	3.484800e+06	3.511620e+06	3.511580e+06	3.505160e+06	3.503420e+06	3.500840e+06	3.500460e+06	3.495120e+06	3.496960e+06	3.500680e+06	3.502340e+06	3.492600e+06	3.508200e+06	3.503400e+06	3.500000e+06	3.512440e+06	3.504600e+06	3.504440e+06	3.502360e+06	3.509240e+06	3.502940e+06	3.494420e+06	3.514280e+06	3.508160e+06	3.498780e+06	3.502800e+06	3.504100e+06	3.519380e+06	3.516900e+06	3.502340e+06	3.514480e+06	3.505520e+06	3.507960e+06	3.509900e+06	3.507700e+06	3.506140e+06	3.506500e+06	3.504820e+06	3.493220e+06	3.498540e+06	3.506400e+06	3.504600e+06	3.505460e+06	3.505240e+06	3.490900e+06	3.499260e+06	3.505720e+06	3.498820e+06	3.519260e+06	3.503140e+06	3.498900e+06	3.517980e+06	3.510100e+06	3.506840e+06	3.520060e+06
3.513160e+06	3.495820e+06	3.506880e+06	3.508140e+06	3.501600e+06	3.493240e+06	3.507080e+06	3.501460e+06	3.502620e+06	3.518700e+06	3.502240e+06	3.507160e+06	3.502480e+06	3.499880e+06	3.498720e+06	3.507240e+06	3.505320e+06	3.502940e+06	3.510520e+06	3.513960e+06	3.498640e+06	3.508020e+06	3.512060e+06	3.514180e+06	3.496820e+06	3.499360e+06	3.497860e+06	3.497520e+06	3.506420e+06	3.503460e+06	3.504920e+06	3.503020e+06	3.519840e+06	3.509220e+06	3.512300e+06	3.499560e+06	3.515180e+06	3.500160e+06	3.507660e+06	3.508680e+06	3.510800e+06	3.510480e+06	3.505240e+06	3.503260e+06	3.502940e+06	3.503600e+06	3.507280e+06	3.509160e+06	3.520920e+06	3.488500e+06	3.503780e+06	3.503360e+06	3.506120e+06	3.511460e+06	3.506880e+06	3.500000e+06	3.512680e+06	3.503480e+06	3.508500e+06	3.504880e+06	3.519840e+06	3.503660e+06	3.503340e+06	3.503660e+06	3.501180e+06	3.507940e+06	3.515180e+06	3.495340e+06	3.506120e+06	3.507340e+06	3.509180e+06	3.500540e+06	3.508940e+06	3.508820e+06	3.510560e+06	3.499500e+06
3.506900e+06	3.504740e+06	3.504660e+06	3.520960e+06	3.511500e+06	3.511540e+06	3.507020e+06	3.512360e+06	3.511740e+06	3.515300e+06	3.495260e+06	3.516340e+06	3.502760e+06	3.506680e+06	3.505760e+06	3.499480e+06	3.496300e+06	3.513860e+06	3.510080e+06	3.505900e+06	3.500760e+06	3.510800e+06	3.510820e+06	3.503940e+06	3.507200e+06	3.508300e+06	3.498260e+06	3.510440e+06	3.508620e+06	3.498520e+06	3.507820e+06	3.511660e+06	3.507460e+06	3.489580e+06	3.510580e+06	3.505920e+06	3.505940e+06	3.509800e+06	3.504940e+06	3.516180e+06	3.504220e+06	3.507020e+06	3.513040e+06	3.515020e+06	3.513560e+06	3.493120e+06	3.504040e+06	3.504980e+06	3.506780e+06	3.499940e+06	3.511180e+06	3.504620e+06	3.519340e+06	3.518820e+06	3.520060e+06	3.502520e+06	3.506560e+06	3.501760e+06	3.502060e+06	3.496040e+06	3.507140e+06	3.507320e+06	3.498700e+06	3.508360e+06	3.492380e+06	3.514520e+06	3.499320e+06	3.506320e+06	3.510500e+06	3.504340e+06	3.507260e+06	3.503600e+06	3.518320e+06	3.499760e+06	3.510180e+06	3.495500e+06
3.499720e+06	3.513960e+06	3.512140e+06	3.516540e+06	3.503700e+06	3.520220e+06	3.515220e+06	3.505700e+06	3.510480e+06	3.500760e+06	3.493260e+06	3.501080e+06	3.493740e+06	3.504680e+06	3.504660e+06	3.511460e+06	3.498660e+06	3.512980e+06	3.498420e+06	3.512060e+06	3.511760e+06	3.503700e+06	3.496980e+06	3.509720e+06	3.500880e+06	3.498900e+06	3.517040e+06	3.505640e+06	3.517780e+06	3.491600e+06	3.513940e+06	3.507360e+06	3.504040e+06	3.491400e+06	3.489580e+06	3.512500e+06	3.505060e+06	3.510920e+06	3.513300e+06	3.507180e+06	3.499740e+06	3.501640e+06	3.501140e+06	3.514440e+06	3.522240e+06	3.503540e+06	3.515940e+06	3.506660e+06	3.505300e+06	3.510960e+06	3.504420e+06	3.516360e+06	3.506960e+06	3.517180e+06	3.520320e+06	3.514460e+06	3.505260e+06	3.511740e+06	3.510240e+06	3.507460e+06	3.516600e+06	3.505600e+06	3.506220e+06	3.506360e+06	3.497440e+06	3.505340e+06	3.504640e+06	3.510920e+06	3.500760e+06	3.510880e+06	3.504280e+06	3.501860e+06	3.497000e+06	3.500100e+06	3.505120e+06	3.512540e+06
3.505060e+06	3.518940e+06	3.515420e+06	3.514960e+06	3.523400e+06	3.502440e+06	3.511380e+06	3.517260e+06	3.508000e+06	3.505520e+06	3.503380e+06	3.500000e+06	3.510420e+06	3.508200e+06	3.512340e+06	3.509420e+06	3.518760e+06	3.503280e+06	3.517300e+06	3.499920e+06	3.500860e+06	3.511620e+06	3.516020e+06	3.517720e+06	3.512180e+06	3.504520e+06	3.500460e+06	3.511480e+06	3.513100e+06	3.513160e+06	3.507500e+06	3.503620e+06	3.495540e+06	3.512840e+06	3.518560e+06	3.516180e+06	3.507160e+06	3.510480e+06	3.511940e+06	3.496700e+06	3.509460e+06	3.504540e+06	3.514820e+06	3.508000e+06	3.511280e+06	3.500660e+06	3.503920e+06	3.503900e+06	3.504140e+06	3.511860e+06	3.492220e+06	3.497860e+06	3.528700e+06	3.508460e+06	3.504800e+06	3.522000e+06	3.507260e+06	3.531260e+06	3.521180e+06	3.508400e+06	3.518220e+06	3.521480e+06	3.522040e+06	3.508060e+06	3.509100e+06	3.507020e+06	3.515260e+06	3.510060e+06	3.500000e+06	3.511220e+06	3.516880e+06	3.498960e+06	3.510580e+06	3.505360e+06	3.512500e+06	3.506400e+06
3.518340e+06	3.518360e+06	3.517840e+06	3.508800e+06	3.514640e+06	3.534260e+06	3.508680e+06	3.513360e+06	3.499740e+06	3.512840e+06	3.514620e+06	3.503300e+06	3.517080e+06	3.503600e+06	3.515940e+06	3.504480e+06	3.509820e+06	3.514240e+06	3.512040e+06	3.514480e+06	3.528960e+06	3.510300e+06	3.514640e+06	3.509120e+06	3.509280e+06	3.492660e+06	3.522980e+06	3.515400e+06	3.514200e+06	3.511060e+06	3.513540e+06	3.508020e+06	3.513740e+06	3.517420e+06	3.524340e+06	3.511880e+06	3.514260e+06	3.517500e+06	3.518140e+06	3.498140e+06	3.509440e+06	3.521820e+06	3.523400e+06	3.507400e+06	3.513320e+06	3.513980e+06	3.499000e+06	3.519480e+06	3.508520e+06	3.514800e+06	3.509820e+06	3.503140e+06	3.508800e+06	3.500640e+06	3.515520e+06	3.515920e+06	3.502640e+06	3.507720e+06	3.504540e+06	3.510200e+06	3.527680e+06	3.510020e+06	3.513520e+06	3.514260e+06	3.514860e+06	3.514040e+06	3.509880e+06	3.512620e+06	3.505000e+06	3.505520e+06	3.507240e+06	3.513020e+06	3.514780e+06	3.514460e+06	3.512060e+06	3.508600e+06
3.499980e+06	3.516260e+06	3.517560e+06	3.513300e+06	3.506160e+06	3.505560e+06	3.525040e+06	3.517900e+06	3.509180e+06	3.508400e+06	3.504780e+06	3.513740e+06	3.520500e+06	3.504560e+06	3.512100e+06	3.497200e+06	3.497180e+06	3.521180e+06	3.518940e+06	3.513940e+06	3.491960e+06	3.510520e+06	3.506560e+06	3.521000e+06	3.516260e+06	3.507340e+06	3.506400e+06	3.509640e+06	3.516200e+06	3.518620e+06	3.505540e+06	3.511240e+06	3.507460e+06	3.509200e+06	3.515740e+06	3.508500e+06	3.514500e+06	3.511040e+06	3.514960e+06	3.505580e+06	3.499400e+06	3.503660e+06	3.512100e+06	3.504180e+06	3.525260e+06	3.511360e+06	3.519440e+06	3.515120e+06	3.524960e+06	3.516580e+06	3.508100e+06	3.513240e+06	3.499220e+06	3.507800e+06	3.502540e+06	3.503540e+06	3.503340e+06	3.503220e+06	3.511420e+06	3.509680e+06	3.506220e+06	3.503320e+06	3.506600e+06	3.512860e+06	3.526640e+06	3.505760e+06	3.505120e+06	3.505480e+06	3.509620e+06	3.504100e+06	3.498900e+06	3.518800e+06	3.518940e+06	3.523820e+06	3.511460e+06	3.512000e+06
3.519120e+06	3.506360e+06	3.503940e+06	3.518220e+06	3.509640e+06	3.511980e+06	3.508760e+06	3.519780e+06	3.523800e+06	3.514660e+06	3.521380e+06	3.512580e+06	3.506260e+06	3.507780e+06	3.510840e+06	3.520720e+06	3.505980e+06	3.520660e+06	3.514540e+06	3.513660e+06	3.515420e+06	3.516700e+06	3.514580e+06	3.513100e+06	3.510300e+06	3.513860e+06	3.518640e+06	3.512420e+06	3.522140e+06	3.516060e+06	3.506640e+06	3.503060e+06	3.512540e+06	3.531380e+06	3.515340e+06	3.513140e+06	3.508540e+06	3.515000e+06	3.529980e+06	3.522320e+06	3.523660e+06	3.516540e+06	3.518660e+06	3.508060e+06	3.512980e+06	3.496800e+06	3.509140e+06	3.510680e+06	3.517740e+06	3.501940e+06	3.523020e+06	3.513780e+06	3.517960e+06	3.509360e+06	3.516220e+06	3.503160e+06	3.516820e+06	3.508300e+06	3.506920e+06	3.519200e+06	3.508880e+06	3.510640e+06	3.513580e+06	3.510320e+06	3.509420e+06	3.503520e+06	3.511640e+06	3.499820e+06	3.521820e+06	3.513240e+06	3.518440e+06	3.508340e+06	3.522620e+06	3.523980e+06	3.507920e+06	3.513160e+06
3.510640e+06	3.523620e+06	3.533760e+06	3.524620e+06	3.514380e+06	3.512700e+06	3.522380e+06	3.520900e+06	3.502720e+06	3.503560e+06	3.522720e+06	3.511380e+06	3.505440e+06	3.523460e+06	3.521060e+06	3.510700e+06	3.500780e+06	3.517540e+06	3.508460e+06	3.520960e+06	3.520720e+06	3.518780e+06	3.508000e+06	3.509960e+06	3.517420e+06	3.515220e+06	3.516740e+06	3.505760e+06	3.514460e+06	3.514120e+06	3.515640e+06	3.514760e+06	3.517960e+06	3.520920e+06	3.506620e+06	3.508780e+06	3.518160e+06	3.520560e+06	3.514920e+06	3.506680e+06	3.518840e+06	3.509520e+06	3.499900e+06	3.521680e+06	3.514220e+06	3.514320e+06	3.510380e+06	3.524420e+06	3.513780e+06	3.517200e+06	3.509280e+06	3.507800e+06	3.514840e+06	3.527440e+06	3.519200e+06	3.511820e+06	3.515100e+06	3.506140e+06	3.512700e+06	3.517120e+06	3.517060e+06	3.515900e+06	3.510040e+06	3.513460e+06	3.512020e+06	3.516420e+06	3.514860e+06	3.518280e+06	3.507860e+06	3.513860e+06	3.509280e+06	3.517620e+06	3.511420e+06	3.522720e+06	3.512480e+06	3.511040e+06
3.519660e+06	3.511120e+06	3.526380e+06	3.515480e+06	3.519580e+06	3.539800e+06	3.515200e+06	3.521320e+06	3.526200e+06	3.523360e+06	3.520960e+06	3.517680e+06	3.518920e+06	3.523800e+06	3.510320e+06	3.512340e+06	3.514040e+06	3.509040e+06	3.501000e+06	3.522440e+06	3.512900e+06	3.518440e+06	3.511660e+06	3.515740e+06	3.511740e+06	3.516060e+06	3.522960e+06	3.523680e+06	3.509080e+06	3.509540e+06	3.509960e+06	3.519120e+06	3.501300e+06	3.502740e+06	3.537200e+06	3.518060e+06	3.505880e+06	3.514220e+06	3.512980e+06	3.520600e+06	3.526200e+06	3.508160e+06	3.528680e+06	3.525920e+06	3.518020e+06	3.504800e+06	3.518220e+06	3.511280e+06	3.525160e+06	3.517080e+06	3.521760e+06	3.524480e+06	3.509940e+06	3.516740e+06	3.512160e+06	3.516000e+06	3.517500e+06	3.513400e+06	3.518320e+06	3.499920e+06	3.521520e+06	3.517240e+06	3.511200e+06	3.512260e+06	3.521120e+06	3.522900e+06	3.519280e+06	3.498660e+06	3.506280e+06	3.505880e+06	3.504060e+06	3.518820e+06	3.524040e+06	3.506000e+06	3.526260e+06	3.512460e+06
3.496540e+06	3.521600e+06	3.524660e+06	3.534300e+06	3.511560e+06	3.529220e+06	3.521600e+06	3.515140e+06	3.522320e+06	3.520700e+06	3.508640e+06	3.519380e+06	3.516460e+06	3.512200e+06	3.531840e+06	3.523160e+06	3.525500e+06	3.516020e+06	3.504780e+06	3.515320e+06	3.519240e+06	3.514540e+06	3.527500e+06	3.525180e+06	3.516540e+06	3.512520e+06	3.530120e+06	3.515300e+06	3.517180e+06	3.515580e+06	3.515900e+06	3.519680e+06	3.513300e+06	3.521940e+06	3.512060e+06	3.505980e+06	3.523100e+06	3.518240e+06	3.499440e+06	3.523120e+06	3.521320e+06	3.524460e+06	3.520800e+06	3.509340e+06	3.522720e+06	3.521080e+06	3.511920e+06	3.521580e+06	3.517120e+06	3.505580e+06	3.506300e+06	3.526340e+06	3.528280e+06	3.496040e+06	3.519340e+06	3.513580e+06	3.521540e+06	3.511200e+06	3.508000e+06	3.524260e+06	3.513020e+06	3.522940e+06	3.520800e+06	3.517280e+06	3.509580e+06	3.514060e+06	3.523340e+06	3.507780e+06	3.523060e+06	3.514440e+06	3.507300e+06	3.512760e+06	3.501580e+06	3.518120e+06	3.515340e+06	3.496720e+06
3.517780e+06	3.538240e+06	3.518920e+06	3.520320e+06	3.519580e+06	3.534740e+06	3.525580e+06	3.511980e+06	3.519280e+06	3.512040e+06	3.525100e+06	3.530260e+06	3.513640e+06	3.524520e+06	3.522320e+06	3.518480e+06	3.520960e+06	3.527940e+06	3.544980e+06	3.524020e+06	3.527320e+06	3.541780e+06	3.518480e+06	3.509040e+06	3.513460e+06	3.505140e+06	3.536780e+06	3.526180e+06	3.527920e+06	3.517300e+06	3.510620e+06	3.518540e+06	3.518640e+06	3.517220e+06	3.521560e+06	3.528160e+06	3.521280e+06	3.517860e+06	3.528920e+06	3.526480e+06	3.518560e+06	3.519940e+06	3.518820e+06	3.519860e+06	3.525020e+06	3.521320e+06	3.527460e+06	3.520660e+06	3.530420e+06	3.534560e+06	3.523600e+06	3.518140e+06	3.513700e+06	3.516760e+06	3.511620e+06	3.520420e+06	3.517520e+06	3.515480e+06	3.533800e+06	3.516600e+06	3.519800e+06	3.518080e+06	3.512720e+06	3.516840e+06	3.516380e+06	3.525140e+06	3.502820e+06	3.516100e+06	3.518380e+06	3.519520e+06	3.519480e+06	3.512300e+06	3.518860e+06	3.507860e+06	3.509980e+06	3.513740e+06
3.517280e+06	3.530200e+06	3.531060e+06	3.524960e+06	3.514180e+06	3.526540e+06	3.521740e+06	3.519100e+06	3.525840e+06	3.518520e+06	3.523820e+06	3.515480e+06	3.522260e+06	3.525080e+06	3.521340e+06	3.518500e+06	3.524580e+06	3.519540e+06	3.522840e+06	3.517300e+06	3.532800e+06	3.517640e+06	3.525120e+06	3.518180e+06	3.527680e+06	3.519960e+06	3.516460e+06	3.536020e+06	3.521820e+06	3.519840e+06	3.532100e+06	3.519280e+06	3.519880e+06	3.517160e+06	3.522620e+06	3.518880e+06	3.540040e+06	3.522600e+06	3.517520e+06	3.527740e+06	3.528140e+06	3.513780e+06	3.517400e+06	3.513480e+06	3.517540e+06	3.527340e+06	3.519860e+06	3.519800e+06	3.533700e+06	3.526400e+06	3.523940e+06	3.519400e+06	3.530300e+06	3.532860e+06	3.521720e+06	3.536400e+06	3.524380e+06	3.528280e+06	3.517480e+06	3.527280e+06	3.519080e+06	3.536000e+06	3.531340e+06	3.535340e+06	3.515720e+06	3.528220e+06	3.522540e+06	3.533420e+06	3.508200e+06	3.522980e+06	3.516540e+06	3.532640e+06	3.522480e+06	3.517500e+06	3.535920e+06	3.517720e+06
3.529560e+06	3.530080e+06	3.526800e+06	3.529540e+06	3.525900e+06	3.526880e+06	3.542800e+06	3.526920e+06	3.529180e+06	3.514180e+06	3.527620e+06	3.522180e+06	3.517340e+06	3.521480e+06	3.526320e+06	3.532020e+06	3.521480e+06	3.509760e+06	3.521580e+06	3.527820e+06	3.521760e+06	3.531340e+06	3.522560e+06	3.521040e+06	3.515140e+06	3.518900e+06	3.532760e+06	3.525600e+06	3.531240e+06	3.536780e+06	3.526500e+06	3.520020e+06	3.526000e+06	3.524360e+06	3.528160e+06	3.524200e+06	3.519360e+06	3.526160e+06	3.521440e+06	3.519380e+06	3.528340e+06	3.516660e+06	3.521740e+06	3.526020e+06	3.511980e+06	3.522940e+06	3.528340e+06	3.523580e+06	3.517100e+06	3.517500e+06	3.521460e+06	3.525700e+06	3.519480e+06	3.524760e+06	3.528880e+06	3.526860e+06	3.522940e+06	3.526660e+06	3.525960e+06	3.525780e+06	3.531540e+06	3.511520e+06	3.510680e+06	3.519200e+06	3.517980e+06	3.531780e+06	3.505500e+06	3.520160e+06	3.523300e+06	3.520300e+06	3.530980e+06	3.524140e+06	3.514340e+06	3.514160e+06	3.538240e+06	3.527340e+06
3.523580e+06	3.528520e+06	3.524260e+06	3.539040e+06	3.527700e+06	3.522900e+06	3.529560e+06	3.520360e+06	3.521860e+06	3.505440e+06	3.521480e+06	3.528660e+06	3.528720e+06	3.511900e+06	3.527500e+06	3.523800e+06	3.517600e+06	3.513980e+06	3.530460e+06	3.517660e+06	3.518540e+06	3.523940e+06	3.534000e+06	3.518100e+06	3.523180e+06	3.520820e+06	3.528080e+06	3.509920e+06	3.494700e+06	3.518400e+06	3.536340e+06	3.535080e+06	3.522380e+06	3.518040e+06	3.539740e+06	3.517960e+06	3.539620e+06	3.531880e+06	3.531240e+06	3.521760e+06	3.524080e+06	3.517120e+06	3.531040e+06	3.514280e+06	3.527480e+06	3.523640e+06	3.525900e+06	3.523880e+06	3.531820e+06	3.521880e+06	3.529700e+06	3.531420e+06	3.528220e+06	3.528680e+06	3.523340e+06	3.533800e+06	3.529960e+06	3.519900e+06	3.521100e+06	3.527320e+06	3.524580e+06	3.513500e+06	3.516040e+06	3.519840e+06	3.549860e+06	3.528560e+06	3.526780e+06	3.532340e+06	3.519360e+06	3.506480e+06	3.520140e+06	3.518040e+06	3.522060e+06	3.522480e+06	3.518700e+06	3.527800e+06
3.523840e+06	3.517640e+06	3.528820e+06	3.532180e+06	3.531100e+06	3.514820e+06	3.512280e+06	3.519440e+06	3.499140e+06	3.511800e+06	3.512680e+06	3.526360e+06	3.523060e+06	3.530620e+06	3.521580e+06	3.519940e+06	3.532720e+06	3.521220e+06	3.517520e+06	3.520560e+06	3.526820e+06	3.522380e+06	3.519580e+06	3.523560e+06	3.523440e+06	3.528600e+06	3.512800e+06	3.526840e+06	3.524080e+06	3.521600e+06	3.523900e+06	3.516340e+06	3.531940e+06	3.524800e+06	3.522180e+06	3.521060e+06	3.534560e+06	3.532420e+06	3.513980e+06	3.531700e+06	3.516560e+06	3.509140e+06	3.526260e+06	3.511640e+06	3.528640e+06	3.511200e+06	3.530860e+06	3.526640e+06	3.526640e+06	3.533320e+06	3.525540e+06	3.520900e+06	3.526160e+06	3.530540e+06	3.522600e+06	3.520700e+06	3.526560e+06	3.520780e+06	3.519040e+06	3.533120e+06	3.521220e+06	3.530000e+06	3.511420e+06	3.534380e+06	3.528620e+06	3.521520e+06	3.526560e+06	3.530040e+06	3.524760e+06	3.530620e+06	3.526260e+06	3.519560e+06	3.513380e+06	3.526400e+06	3.518880e+06	3.529600e+06
3.532600e+06	3.513620e+06	3.534700e+06	3.525380e+06	3.523860e+06	3.530540e+06	3.529080e+06	3.524000e+06	3.532340e+06	3.515720e+06	3.525960e+06	3.534020e+06	3.526820e+06	3.526520e+06	3.528820e+06	3.522160e+06	3.508700e+06	3.508800e+06	3.521140e+06	3.506360e+06	3.535380e+06	3.524560e+06	3.519880e+06	3.518700e+06	3.518680e+06	3.524720e+06	3.532680e+06	3.522800e+06	3.526340e+06	3.512800e+06	3.526040e+06	3.521460e+06	3.520660e+06	3.511080e+06	3.518760e+06	3.526540e+06	3.518940e+06	3.520500e+06	3.519580e+06	3.529580e+06	3.526060e+06	3.528260e+06	3.520600e+06	3.531740e+06	3.528080e+06	3.530240e+06	3.516060e+06	3.524760e+06	3.522660e+06	3.522020e+06	3.521720e+06	3.525160e+06	3.519220e+06	3.527380e+06	3.540220e+06	3.517240e+06	3.528380e+06	3.524360e+06	3.519360e+06	3.508700e+06	3.516060e+06	3.505960e+06	3.523680e+06	3.513400e+06	3.512640e+06	3.520340e+06	3.522240e+06	3.540440e+06	3.514580e+06	3.521420e+06	3.525200e+06	3.531420e+06	3.531320e+06	3.530220e+06	3.516220e+06	3.521860e+06
3.524780e+06	3.524420e+06	3.534940e+06	3.525180e+06	3.528760e+06	3.536800e+06	3.533400e+06	3.533680e+06	3.521800e+06	3.541360e+06	3.526600e+06	3.526200e+06	3.516620e+06	3.520500e+06	3.539420e+06	3.525440e+06	3.516000e+06	3.521100e+06	3.528440e+06	3.538600e+06	3.527520e+06	3.526300e+06	3.531960e+06	3.530500e+06	3.539240e+06	3.528760e+06	3.526700e+06	3.532220e+06	3.519520e+06	3.530400e+06	3.527100e+06	3.524000e+06	3.523120e+06	3.524140e+06	3.519840e+06	3.525320e+06	3.529000e+06	3.525220e+06	3.532280e+06	3.529720e+06	3.528720e+06	3.517920e+06	3.516160e+06	3.530180e+06	3.519660e+06	3.523220e+06	3.526000e+06	3.529860e+06	3.523100e+06	3.533720e+06	3.526240e+06	3.524120e+06	3.530020e+06	3.522420e+06	3.536180e+06	3.537480e+06	3.533000e+06	3.524000e+06	3.520840e+06	3.525440e+06	3.532720e+06	3.526680e+06	3.522380e+06	3.531640e+06	3.518520e+06	3.523500e+06	3.519580e+06	3.526120e+06	3.517760e+06	3.524820e+06	3.532760e+06	3.509440e+06	3.533780e+06	3.525640e+06	3.540640e+06	3.534460e+06
3.533200e+06	3.529780e+06	3.523340e+06	3.537700e+06	3.520640e+06	3.524180e+06	3.533380e+06	3.539540e+06	3.527900e+06	3.527040e+06	3.531300e+06	3.538120e+06	3.516780e+06	3.523040e+06	3.521360e+06	3.532140e+06	3.532540e+06	3.522080e+06	3.540320e+06	3.549800e+06	3.531760e+06	3.523900e+06	3.524160e+06	3.539600e+06	3.536820e+06	3.532320e+06	3.530720e+06	3.523580e+06	3.534520e+06	3.531320e+06	3.521000e+06	3.530960e+06	3.532040e+06	3.524100e+06	3.528060e+06	3.531300e+06	3.536880e+06	3.546640e+06	3.539400e+06	3.521340e+06	3.547640e+06	3.524160e+06	3.540920e+06	3.521520e+06	3.525960e+06	3.528680e+06	3.531760e+06	3.520380e+06	3.531960e+06	3.539820e+06	3.536620e+06	3.522480e+06	3.518860e+06	3.521320e+06	3.514840e+06	3.524320e+06	3.527480e+06	3.525880e+06	3.526000e+06	3.528240e+06	3.536120e+06	3.532320e+06	3.532200e+06	3.532900e+06	3.525240e+06	3.533220e+06	3.544440e+06	3.527580e+06	3.524280e+06	3.538800e+06	3.517680e+06	3.528680e+06	3.527660e+06	3.530160e+06	3.531940e+06	3.529060e+06
3.533800e+06	3.522900e+06	3.532400e+06	3.533340e+06	3.545400e+06	3.534980e+06	3.548400e+06	3.537580e+06	3.524240e+06	3.533660e+06	3.549500e+06	3.554000e+06	3.526340e+06	3.531400e+06	3.519320e+06	3.536720e+06	3.525200e+06	3.525540e+06	3.535260e+06	3.533620e+06	3.539460e+06	3.534560e+06	3.529740e+06	3.547260e+06	3.535960e+06	3.550260e+06	3.531820e+06	3.531000e+06	3.534880e+06	3.528180e+06	3.536820e+06	3.542100e+06	3.535320e+06	3.528920e+06	3.526280e+06	3.532700e+06	3.522780e+06	3.541360e+06	3.537640e+06	3.534140e+06	3.532980e+06	3.520640e+06	3.526620e+06	3.522960e+06	3.529040e+06	3.528040e+06	3.536280e+06	3.533760e+06	3.541440e+06	3.538300e+06	3.532980e+06	3.538160e+06	3.526520e+06	3.533280e+06	3.536100e+06	3.536840e+06	3.544520e+06	3.536160e+06	3.532840e+06	3.529540e+06	3.525240e+06	3.525260e+06	3.523800e+06	3.533820e+06	3.524680e+06	3.524900e+06	3.544420e+06	3.526840e+06	3.537480e+06	3.535660e+06	3.540060e+06	3.534940e+06	3.537560e+06	3.544360e+06	3.530600e+06	3.537380e+06
3.538900e+06	3.537560e+06	3.543620e+06	3.543220e+06	3.538220e+06	3.538000e+06	3.537260e+06	3.532900e+06	3.535880e+06	3.532620e+06	3.537340e+06	3.541360e+06	3.539280e+06	3.544640e+06	3.536500e+06	3.539080e+06	3.530320e+06	3.527440e+06	3.526920e+06	3.539520e+06	3.533160e+06	3.529860e+06	3.533800e+06	3.539160e+06	3.532440e+06	3.539100e+06	3.530820e+06	3.544740e+06	3.531520e+06	3.525960e+06	3.533020e+06	3.534060e+06	3.541220e+06	3.543980e+06	3.537700e+06	3.532920e+06	3.535940e+06	3.542200e+06	3.535500e+06	3.535180e+06	3.530040e+06	3.524420e+06	3.532680e+06	3.550000e+06	3.525900e+06	3.534560e+06	3.537800e+06	3.534660e+06	3.534020e+06	3.541080e+06	3.537320e+06	3.525400e+06	3.527880e+06	3.544240e+06	3.537800e+06	3.543940e+06	3.540940e+06	3.543600e+06	3.526580e+06	3.526020e+06	3.535060e+06	3.540260e+06	3.529720e+06	3.537300e+06	3.529560e+06	3.541140e+06	3.535520e+06	3.540480e+06	3.544000e+06	3.532100e+06	3.522340e+06	3.545160e+06	3.542420e+06	3.554980e+06	3.548760e+06	3.540140e+06
3.546820e+06	3.531260e+06	3.534500e+06	3.542360e+06	3.525560e+06	3.531060e+06	3.534100e+06	3.545160e+06	3.536900e+06	3.546920e+06	3.544740e+06	3.531240e+06	3.526980e+06	3.541160e+06	3.536120e+06	3.535440e+06	3.536080e+06	3.544860e+06	3.548040e+06	3.541020e+06	3.535820e+06	3.551620e+06	3.538200e+06	3.534780e+06	3.536620e+06	3.535040e+06	3.541200e+06	3.533420e+06	3.549360e+06	3.531240e+06	3.545640e+06	3.542820e+06	3.533220e+06	3.531220e+06	3.532580e+06	3.534380e+06	3.527580e+06	3.548100e+06	3.522460e+06	3.534600e+06	3.531960e+06	3.528060e+06	3.517760e+06	3.540120e+06	3.539460e+06	3.531500e+06	3.532940e+06	3.535740e+06	3.537480e+06	3.534400e+06	3.540700e+06	3.534000e+06	3.530920e+06	3.545180e+06	3.539440e+06	3.541840e+06	3.531080e+06	3.554300e+06	3.524760e+06	3.533540e+06	3.531200e+06	3.531200e+06	3.542580e+06	3.537140e+06	3.541740e+06	3.536600e+06	3.536120e+06	3.546840e+06	3.537600e+06	3.533260e+06	3.544540e+06	3.547700e+06	3.526060e+06	3.536720e+06	3.521440e+06	3.528920e+06
3.547980e+06	3.551400e+06	3.534820e+06	3.536020e+06	3.530500e+06	3.545600e+06	3.538160e+06	3.525580e+06	3.542900e+06	3.539820e+06	3.537200e+06	3.540180e+06	3.551100e+06	3.535640e+06	3.552000e+06	3.545140e+06	3.546000e+06	3.543280e+06	3.541620e+06	3.545180e+06	3.532820e+06	3.538420e+06	3.536540e+06	3.542840e+06	3.549840e+06	3.538960e+06	3.536600e+06	3.541440e+06	3.544020e+06	3.540360e+06	3.550580e+06	3.537340e+06	3.544820e+06	3.548220e+06	3.536000e+06	3.543260e+06	3.542160e+06	3.533920e+06	3.536740e+06	3.543740e+06	3.540900e+06	3.542680e+06	3.538460e+06	3.549300e+06	3.545780e+06	3.520220e+06	3.531200e+06	3.540320e+06	3.550380e+06	3.540360e+06	3.549640e+06	3.545160e+06	3.540720e+06	3.546220e+06	3.540880e+06	3.536920e+06	3.529120e+06	3.546820e+06	3.536720e+06	3.536360e+06	3.540620e+06	3.533380e+06	3.528760e+06	3.534540e+06	3.532460e+06	3.543580e+06	3.547500e+06	3.540380e+06	3.524640e+06	3.548200e+06	3.535580e+06	3.538480e+06	3.529000e+06	3.537360e+06	3.546460e+06	3.547540e+06
3.529960e+06	3.532640e+06	3.547060e+06	3.544680e+06	3.531980e+06	3.539220e+06	3.547140e+06	3.553160e+06	3.549420e+06	3.538940e+06	3.540680e+06	3.532860e+06	3.535740e+06	3.536200e+06	3.534520e+06	3.525440e+06	3.538920e+06	3.551360e+06	3.542220e+06	3.546320e+06	3.522320e+06	3.538860e+06	3.547360e+06	3.532440e+06	3.534620e+06	3.541620e+06	3.560080e+06	3.537460e+06	3.536520e+06	3.534220e+06	3.553660e+06	3.533060e+06	3.548160e+06	3.548780e+06	3.544620e+06	3.541620e+06	3.535100e+06	3.544260e+06	3.554540e+06	3.539440e+06	3.542540e+06	3.544760e+06	3.543340e+06	3.550560e+06	3.542100e+06	3.544180e+06	3.535460e+06	3.533100e+06	3.548740e+06	3.554300e+06	3.538780e+06	3.538700e+06	3.532680e+06	3.543760e+06	3.538480e+06	3.535580e+06	3.540600e+06	3.533940e+06	3.537560e+06	3.542780e+06	3.539000e+06	3.533260e+06	3.532140e+06	3.539480e+06	3.548620e+06	3.541180e+06	3.546480e+06	3.538200e+06	3.547320e+06	3.540600e+06	3.532640e+06	3.550580e+06	3.537820e+06	3.540440e+06	3.538760e+06	3.552300e+06
3.543520e+06	3.538320e+06	3.546240e+06	3.541400e+06	3.556920e+06	3.551460e+06	3.550820e+06	3.546840e+06	3.536200e+06	3.538320e+06	3.542720e+06	3.535600e+06	3.545880e+06	3.533100e+06	3.525740e+06	3.540180e+06	3.545180e+06	3.547620e+06	3.541840e+06	3.536940e+06	3.526860e+06	3.540940e+06	3.544160e+06	3.544300e+06	3.530100e+06	3.530020e+06	3.531600e+06	3.543480e+06	3.544180e+06	3.534200e+06	3.548940e+06	3.549600e+06	3.538720e+06	3.541020e+06	3.540080e+06	3.546300e+06	3.539220e+06	3.544520e+06	3.531120e+06	3.539620e+06	3.537500e+06	3.546520e+06	3.542140e+06	3.544440e+06	3.543180e+06	3.547540e+06	3.546220e+06	3.538300e+06	3.546980e+06	3.541280e+06	3.545040e+06	3.551720e+06	3.550580e+06	3.544800e+06	3.541300e+06	3.537120e+06	3.551160e+06	3.546660e+06	3.560180e+06	3.538500e+06	3.542580e+06	3.535180e+06	3.535920e+06	3.548960e+06	3.545380e+06	3.543900e+06	3.533220e+06	3.537920e+06	3.543320e+06	3.541180e+06	3.534700e+06	3.539680e+06	3.552000e+06	3.542280e+06	3.555860e+06	3.540060e+06
3.545300e+06	3.542540e+06	3.524700e+06	3.545400e+06	3.549020e+06	3.532120e+06	3.549940e+06	3.536800e+06	3.544400e+06	3.540800e+06	3.545600e+06	3.533440e+06	3.539480e+06	3.536840e+06	3.552240e+06	3.553560e+06	3.544680e+06	3.550220e+06	3.539000e+06	3.546000e+06	3.547220e+06	3.544040e+06	3.539300e+06	3.543740e+06	3.555440e+06	3.557900e+06	3.544060e+06	3.541640e+06	3.536760e+06	3.546060e+06	3.542980e+06	3.550220e+06	3.545260e+06	3.551940e+06	3.536160e+06	3.547100e+06	3.554760e+06	3.547840e+06	3.543200e+06	3.549300e+06	3.538200e+06	3.536000e+06	3.547160e+06	3.541940e+06	3.536000e+06	3.533440e+06	3.531540e+06	3.542060e+06	3.546540e+06	3.541220e+06	3.537840e+06	3.536200e+06	3.544440e+06	3.532300e+06	3.554100e+06	3.542440e+06	3.559840e+06	3.549820e+06	3.552280e+06	3.545180e+06	3.544920e+06	3.540860e+06	3.543020e+06	3.538620e+06	3.546840e+06	3.531480e+06	3.541480e+06	3.541880e+06	3.535660e+06	3.551700e+06	3.538220e+06	3.539780e+06	3.539680e+06	3.541440e+06	3.550100e+06	3.542220e+06
3.564700e+06	3.543680e+06	3.563160e+06	3.554740e+06	3.550540e+06	3.542060e+06	3.540680e+06	3.540860e+06	3.533560e+06	3.554040e+06	3.547960e+06	3.537240e+06	3.535080e+06	3.560360e+06	3.542900e+06	3.547560e+06	3.547060e+06	3.539680e+06	3.542340e+06	3.548080e+06	3.555680e+06	3.542840e+06	3.552600e+06	3.536840e+06	3.542740e+06	3.539960e+06	3.560080e+06	3.549100e+06	3.540760e+06	3.546860e+06	3.548120e+06	3.547580e+06	3.547360e+06	3.548160e+06	3.540840e+06	3.554900e+06	3.542840e+06	3.543360e+06	3.551060e+06	3.542120e+06	3.557880e+06	3.536540e+06	3.546080e+06	3.549580e+06	3.562980e+06	3.562260e+06	3.558060e+06	3.532400e+06	3.547120e+06	3.557380e+06	3.546160e+06	3.540600e+06	3.555720e+06	3.547680e+06	3.552040e+06	3.541580e+06	3.547660e+06	3.543300e+06	3.547540e+06	3.549860e+06	3.547720e+06	3.539880e+06	3.541500e+06	3.546080e+06	3.550920e+06	3.548560e+06	3.552460e+06	3.542720e+06	3.544620e+06	3.546340e+06	3.542700e+06	3.552220e+06	3.548220e+06	3.544700e+06	3.548700e+06	3.542660e+06
