#Saved Data from the class odmr_logic on 23.06.2022 at 18h56m17s.
#
#Parameters:
#===========
#
#Microwave CW Power (dBm): -1.0000000000000000e+01
#Microwave Sweep Power (dBm): 0.0000000000000000e+00
#Run Time (s): 1.8000000000000000e+02
#Number of frequency sweeps (#): 12
#Start Frequencies (Hz): [2800000000.0]
#Stop Frequencies (Hz): [2950000000.0]
#Step sizes (Hz): [500000.0]
#Clock Frequencies (Hz): 20
#Channel: 1: /Dev1/AI0
#
#Data:
#=====
#count data (counts/s)
4.609174e-01	4.707785e-01	4.789962e-01	4.835980e-01	4.888573e-01	4.921443e-01	4.970749e-01	5.000332e-01	5.039777e-01	5.056212e-01	5.089082e-01	5.105518e-01	5.141675e-01	5.148249e-01	5.177833e-01	5.181120e-01	5.210703e-01	5.217277e-01	5.243573e-01	5.246861e-01	5.266583e-01	5.273157e-01	5.292879e-01	5.302740e-01	5.319175e-01	5.322463e-01	5.338898e-01	5.342185e-01	5.361907e-01	5.358620e-01	5.375055e-01	5.381629e-01	5.398065e-01	5.391490e-01	5.414500e-01	5.407926e-01	5.430935e-01	5.421074e-01	5.437509e-01	5.434222e-01	5.450657e-01	5.447370e-01	5.463805e-01	5.457231e-01	5.470379e-01	5.473667e-01	5.483528e-01	5.480241e-01	5.493389e-01	5.490102e-01	5.506537e-01	5.496676e-01	5.509824e-01	5.503250e-01	5.513111e-01	5.513111e-01	5.526259e-01	5.519685e-01	5.536120e-01	5.526259e-01	5.539407e-01	5.539407e-01	5.545981e-01	5.545981e-01	5.555843e-01	5.549269e-01	5.562417e-01	5.552556e-01	5.565704e-01	5.562417e-01	5.572278e-01	5.562417e-01	5.578852e-01	5.572278e-01	5.585426e-01	5.572278e-01	5.585426e-01	5.582139e-01	5.592000e-01	5.585426e-01	5.601861e-01	5.585426e-01	5.605148e-01	5.592000e-01	5.605148e-01	5.592000e-01	5.611722e-01	5.601861e-01	5.608435e-01	5.605148e-01	5.621583e-01	5.605148e-01	5.618296e-01	5.611722e-01	5.621583e-01	5.615009e-01	5.624870e-01	5.621583e-01	5.631445e-01	5.618296e-01	5.631445e-01	5.624870e-01	5.631445e-01	5.628158e-01	5.638019e-01	5.631445e-01	5.641306e-01	5.631445e-01	5.647880e-01	5.634732e-01	5.647880e-01	5.641306e-01	5.647880e-01	5.644593e-01	5.651167e-01	5.641306e-01	5.657741e-01	5.647880e-01	5.657741e-01	5.641306e-01	5.661028e-01	5.654454e-01	5.661028e-01	5.651167e-01	5.664315e-01	5.657741e-01	5.667602e-01	5.654454e-01	5.664315e-01	5.661028e-01	5.670889e-01	5.657741e-01	5.674176e-01	5.664315e-01	5.674176e-01	5.657741e-01	5.674176e-01	5.664315e-01	5.684037e-01	5.667602e-01	5.677463e-01	5.670889e-01	5.677463e-01	5.670889e-01	5.684037e-01	5.680750e-01	5.684037e-01	5.677463e-01	5.687324e-01	5.680750e-01	5.684037e-01	5.677463e-01	5.690611e-01	5.677463e-01	5.690611e-01	5.680750e-01	5.684037e-01	5.684037e-01	5.690611e-01	5.684037e-01	5.693898e-01	5.684037e-01	5.693898e-01	5.690611e-01	5.693898e-01	5.684037e-01	5.697185e-01	5.690611e-01	5.700472e-01	5.687324e-01	5.700472e-01	5.697185e-01	5.697185e-01	5.693898e-01	5.703760e-01	5.697185e-01	5.703760e-01	5.697185e-01	5.703760e-01	5.693898e-01	5.703760e-01	5.700472e-01	5.703760e-01	5.700472e-01	5.707047e-01	5.700472e-01	5.710334e-01	5.703760e-01	5.707047e-01	5.700472e-01	5.713621e-01	5.707047e-01	5.713621e-01	5.707047e-01	5.707047e-01	5.707047e-01	5.713621e-01	5.707047e-01	5.710334e-01	5.710334e-01	5.720195e-01	5.707047e-01	5.720195e-01	5.710334e-01	5.713621e-01	5.707047e-01	5.720195e-01	5.707047e-01	5.713621e-01	5.710334e-01	5.723482e-01	5.713621e-01	5.716908e-01	5.710334e-01	5.723482e-01	5.710334e-01	5.720195e-01	5.716908e-01	5.720195e-01	5.713621e-01	5.723482e-01	5.720195e-01	5.723482e-01	5.716908e-01	5.726769e-01	5.716908e-01	5.723482e-01	5.720195e-01	5.726769e-01	5.716908e-01	5.726769e-01	5.716908e-01	5.726769e-01	5.720195e-01	5.726769e-01	5.716908e-01	5.730056e-01	5.723482e-01	5.733343e-01	5.716908e-01	5.730056e-01	5.716908e-01	5.733343e-01	5.720195e-01	5.730056e-01	5.720195e-01	5.733343e-01	5.720195e-01	5.736630e-01	5.726769e-01	5.733343e-01	5.723482e-01	5.733343e-01	5.726769e-01	5.733343e-01	5.723482e-01	5.733343e-01	5.726769e-01	5.736630e-01	5.730056e-01	5.736630e-01	5.726769e-01	5.739917e-01	5.723482e-01	5.739917e-01	5.730056e-01	5.736630e-01	5.733343e-01	5.739917e-01	5.726769e-01	5.736630e-01	5.730056e-01	5.736630e-01	5.730056e-01	5.743204e-01	5.736630e-01	5.739917e-01	5.733343e-01	5.743204e-01	5.736630e-01	5.739917e-01	5.733343e-01	5.739917e-01	5.733343e-01	5.743204e-01	5.736630e-01	5.743204e-01	5.733343e-01	5.739917e-01	5.733343e-01	5.739917e-01	5.733343e-01	5.743204e-01	5.739917e-01	5.743204e-01	5.739917e-01	5.743204e-01	5.739917e-01	5.746491e-01	5.733343e-01	5.743204e-01
4.596026e-01	4.707785e-01	4.776813e-01	4.839267e-01	4.888573e-01	4.928017e-01	4.960888e-01	5.000332e-01	5.026629e-01	5.056212e-01	5.089082e-01	5.108805e-01	5.128527e-01	5.151536e-01	5.167972e-01	5.184407e-01	5.200842e-01	5.220564e-01	5.233712e-01	5.246861e-01	5.260009e-01	5.273157e-01	5.286305e-01	5.299453e-01	5.312601e-01	5.322463e-01	5.335611e-01	5.345472e-01	5.352046e-01	5.365194e-01	5.365194e-01	5.381629e-01	5.384916e-01	5.401352e-01	5.407926e-01	5.411213e-01	5.414500e-01	5.427648e-01	5.430935e-01	5.434222e-01	5.444083e-01	5.450657e-01	5.453944e-01	5.460518e-01	5.467092e-01	5.470379e-01	5.476954e-01	5.480241e-01	5.483528e-01	5.496676e-01	5.496676e-01	5.503250e-01	5.503250e-01	5.513111e-01	5.513111e-01	5.516398e-01	5.522972e-01	5.522972e-01	5.529546e-01	5.536120e-01	5.532833e-01	5.542694e-01	5.539407e-01	5.545981e-01	5.549269e-01	5.552556e-01	5.555843e-01	5.562417e-01	5.559130e-01	5.565704e-01	5.562417e-01	5.572278e-01	5.575565e-01	5.572278e-01	5.575565e-01	5.582139e-01	5.582139e-01	5.585426e-01	5.585426e-01	5.592000e-01	5.592000e-01	5.598574e-01	5.595287e-01	5.592000e-01	5.598574e-01	5.598574e-01	5.601861e-01	5.605148e-01	5.608435e-01	5.611722e-01	5.615009e-01	5.615009e-01	5.611722e-01	5.618296e-01	5.621583e-01	5.621583e-01	5.618296e-01	5.621583e-01	5.621583e-01	5.628158e-01	5.624870e-01	5.628158e-01	5.631445e-01	5.631445e-01	5.631445e-01	5.631445e-01	5.634732e-01	5.634732e-01	5.638019e-01	5.638019e-01	5.647880e-01	5.641306e-01	5.641306e-01	5.647880e-01	5.644593e-01	5.647880e-01	5.647880e-01	5.651167e-01	5.651167e-01	5.647880e-01	5.657741e-01	5.657741e-01	5.651167e-01	5.664315e-01	5.657741e-01	5.657741e-01	5.661028e-01	5.661028e-01	5.661028e-01	5.667602e-01	5.661028e-01	5.667602e-01	5.667602e-01	5.670889e-01	5.664315e-01	5.667602e-01	5.670889e-01	5.674176e-01	5.661028e-01	5.674176e-01	5.674176e-01	5.670889e-01	5.677463e-01	5.680750e-01	5.677463e-01	5.677463e-01	5.674176e-01	5.674176e-01	5.680750e-01	5.680750e-01	5.677463e-01	5.680750e-01	5.687324e-01	5.687324e-01	5.684037e-01	5.687324e-01	5.680750e-01	5.680750e-01	5.687324e-01	5.687324e-01	5.684037e-01	5.687324e-01	5.693898e-01	5.693898e-01	5.687324e-01	5.690611e-01	5.693898e-01	5.693898e-01	5.697185e-01	5.687324e-01	5.697185e-01	5.693898e-01	5.693898e-01	5.693898e-01	5.693898e-01	5.700472e-01	5.700472e-01	5.693898e-01	5.700472e-01	5.703760e-01	5.697185e-01	5.700472e-01	5.700472e-01	5.697185e-01	5.703760e-01	5.703760e-01	5.703760e-01	5.707047e-01	5.703760e-01	5.707047e-01	5.703760e-01	5.703760e-01	5.703760e-01	5.707047e-01	5.710334e-01	5.710334e-01	5.710334e-01	5.710334e-01	5.710334e-01	5.707047e-01	5.710334e-01	5.710334e-01	5.710334e-01	5.713621e-01	5.710334e-01	5.707047e-01	5.710334e-01	5.713621e-01	5.713621e-01	5.710334e-01	5.713621e-01	5.720195e-01	5.710334e-01	5.713621e-01	5.713621e-01	5.716908e-01	5.720195e-01	5.716908e-01	5.713621e-01	5.713621e-01	5.726769e-01	5.716908e-01	5.716908e-01	5.723482e-01	5.720195e-01	5.720195e-01	5.723482e-01	5.723482e-01	5.723482e-01	5.726769e-01	5.716908e-01	5.720195e-01	5.723482e-01	5.726769e-01	5.723482e-01	5.723482e-01	5.723482e-01	5.720195e-01	5.723482e-01	5.716908e-01	5.723482e-01	5.726769e-01	5.730056e-01	5.723482e-01	5.726769e-01	5.726769e-01	5.733343e-01	5.723482e-01	5.726769e-01	5.730056e-01	5.730056e-01	5.733343e-01	5.726769e-01	5.730056e-01	5.730056e-01	5.726769e-01	5.726769e-01	5.733343e-01	5.730056e-01	5.730056e-01	5.733343e-01	5.733343e-01	5.730056e-01	5.733343e-01	5.730056e-01	5.730056e-01	5.733343e-01	5.736630e-01	5.730056e-01	5.733343e-01	5.726769e-01	5.730056e-01	5.733343e-01	5.733343e-01	5.726769e-01	5.739917e-01	5.733343e-01	5.736630e-01	5.733343e-01	5.733343e-01	5.730056e-01	5.736630e-01	5.733343e-01	5.733343e-01	5.739917e-01	5.736630e-01	5.730056e-01	5.733343e-01	5.743204e-01	5.739917e-01	5.743204e-01	5.736630e-01	5.736630e-01	5.743204e-01	5.733343e-01	5.739917e-01	5.739917e-01	5.739917e-01	5.739917e-01	5.739917e-01	5.739917e-01
4.596026e-01	4.694637e-01	4.783387e-01	4.826119e-01	4.885286e-01	4.921443e-01	4.964175e-01	4.990471e-01	5.033203e-01	5.049638e-01	5.082508e-01	5.098944e-01	5.131814e-01	5.141675e-01	5.174546e-01	5.184407e-01	5.210703e-01	5.213990e-01	5.233712e-01	5.243573e-01	5.263296e-01	5.269870e-01	5.292879e-01	5.296166e-01	5.319175e-01	5.319175e-01	5.338898e-01	5.345472e-01	5.355333e-01	5.358620e-01	5.378342e-01	5.375055e-01	5.391490e-01	5.391490e-01	5.407926e-01	5.407926e-01	5.421074e-01	5.417787e-01	5.437509e-01	5.434222e-01	5.450657e-01	5.440796e-01	5.463805e-01	5.460518e-01	5.476954e-01	5.467092e-01	5.480241e-01	5.483528e-01	5.486815e-01	5.486815e-01	5.503250e-01	5.496676e-01	5.513111e-01	5.509824e-01	5.516398e-01	5.513111e-01	5.522972e-01	5.513111e-01	5.529546e-01	5.529546e-01	5.542694e-01	5.532833e-01	5.545981e-01	5.545981e-01	5.552556e-01	5.549269e-01	5.555843e-01	5.555843e-01	5.562417e-01	5.555843e-01	5.575565e-01	5.562417e-01	5.578852e-01	5.568991e-01	5.582139e-01	5.578852e-01	5.585426e-01	5.582139e-01	5.585426e-01	5.585426e-01	5.592000e-01	5.588713e-01	5.598574e-01	5.588713e-01	5.601861e-01	5.601861e-01	5.608435e-01	5.601861e-01	5.611722e-01	5.601861e-01	5.615009e-01	5.608435e-01	5.621583e-01	5.608435e-01	5.618296e-01	5.611722e-01	5.631445e-01	5.621583e-01	5.628158e-01	5.611722e-01	5.628158e-01	5.621583e-01	5.634732e-01	5.624870e-01	5.641306e-01	5.634732e-01	5.641306e-01	5.638019e-01	5.644593e-01	5.638019e-01	5.644593e-01	5.634732e-01	5.651167e-01	5.644593e-01	5.654454e-01	5.638019e-01	5.651167e-01	5.651167e-01	5.657741e-01	5.644593e-01	5.661028e-01	5.651167e-01	5.661028e-01	5.651167e-01	5.657741e-01	5.647880e-01	5.664315e-01	5.654454e-01	5.670889e-01	5.657741e-01	5.667602e-01	5.657741e-01	5.670889e-01	5.657741e-01	5.674176e-01	5.667602e-01	5.667602e-01	5.664315e-01	5.680750e-01	5.667602e-01	5.674176e-01	5.667602e-01	5.680750e-01	5.667602e-01	5.680750e-01	5.674176e-01	5.680750e-01	5.670889e-01	5.684037e-01	5.677463e-01	5.684037e-01	5.677463e-01	5.690611e-01	5.677463e-01	5.687324e-01	5.684037e-01	5.684037e-01	5.680750e-01	5.690611e-01	5.680750e-01	5.693898e-01	5.687324e-01	5.690611e-01	5.684037e-01	5.693898e-01	5.690611e-01	5.693898e-01	5.687324e-01	5.697185e-01	5.687324e-01	5.693898e-01	5.690611e-01	5.700472e-01	5.690611e-01	5.700472e-01	5.693898e-01	5.703760e-01	5.690611e-01	5.700472e-01	5.693898e-01	5.707047e-01	5.693898e-01	5.703760e-01	5.697185e-01	5.700472e-01	5.700472e-01	5.710334e-01	5.703760e-01	5.713621e-01	5.700472e-01	5.707047e-01	5.700472e-01	5.707047e-01	5.703760e-01	5.713621e-01	5.707047e-01	5.710334e-01	5.703760e-01	5.713621e-01	5.703760e-01	5.710334e-01	5.703760e-01	5.716908e-01	5.710334e-01	5.716908e-01	5.707047e-01	5.716908e-01	5.707047e-01	5.713621e-01	5.703760e-01	5.723482e-01	5.710334e-01	5.720195e-01	5.713621e-01	5.720195e-01	5.707047e-01	5.720195e-01	5.713621e-01	5.716908e-01	5.710334e-01	5.720195e-01	5.710334e-01	5.723482e-01	5.710334e-01	5.723482e-01	5.716908e-01	5.723482e-01	5.713621e-01	5.730056e-01	5.716908e-01	5.730056e-01	5.716908e-01	5.730056e-01	5.720195e-01	5.730056e-01	5.716908e-01	5.726769e-01	5.720195e-01	5.726769e-01	5.716908e-01	5.730056e-01	5.720195e-01	5.730056e-01	5.720195e-01	5.730056e-01	5.723482e-01	5.730056e-01	5.723482e-01	5.733343e-01	5.720195e-01	5.730056e-01	5.726769e-01	5.730056e-01	5.723482e-01	5.733343e-01	5.723482e-01	5.733343e-01	5.720195e-01	5.733343e-01	5.723482e-01	5.733343e-01	5.730056e-01	5.733343e-01	5.733343e-01	5.743204e-01	5.730056e-01	5.736630e-01	5.730056e-01	5.736630e-01	5.730056e-01	5.733343e-01	5.730056e-01	5.736630e-01	5.726769e-01	5.736630e-01	5.730056e-01	5.739917e-01	5.733343e-01	5.736630e-01	5.730056e-01	5.743204e-01	5.730056e-01	5.739917e-01	5.733343e-01	5.736630e-01	5.733343e-01	5.739917e-01	5.730056e-01	5.743204e-01	5.730056e-01	5.739917e-01	5.733343e-01	5.743204e-01	5.730056e-01	5.743204e-01	5.733343e-01	5.743204e-01	5.733343e-01	5.743204e-01	5.733343e-01	5.743204e-01
4.609174e-01	4.707785e-01	4.783387e-01	4.829406e-01	4.888573e-01	4.924730e-01	4.967462e-01	4.993758e-01	5.039777e-01	5.056212e-01	5.085795e-01	5.098944e-01	5.135101e-01	5.144962e-01	5.174546e-01	5.184407e-01	5.204129e-01	5.217277e-01	5.246861e-01	5.246861e-01	5.266583e-01	5.269870e-01	5.296166e-01	5.292879e-01	5.319175e-01	5.319175e-01	5.338898e-01	5.338898e-01	5.361907e-01	5.352046e-01	5.375055e-01	5.378342e-01	5.391490e-01	5.391490e-01	5.414500e-01	5.411213e-01	5.424361e-01	5.424361e-01	5.440796e-01	5.430935e-01	5.447370e-01	5.444083e-01	5.460518e-01	5.453944e-01	5.470379e-01	5.463805e-01	5.483528e-01	5.473667e-01	5.490102e-01	5.483528e-01	5.499963e-01	5.493389e-01	5.509824e-01	5.506537e-01	5.516398e-01	5.509824e-01	5.529546e-01	5.516398e-01	5.532833e-01	5.522972e-01	5.542694e-01	5.536120e-01	5.545981e-01	5.536120e-01	5.549269e-01	5.545981e-01	5.555843e-01	5.555843e-01	5.565704e-01	5.555843e-01	5.572278e-01	5.562417e-01	5.575565e-01	5.568991e-01	5.585426e-01	5.572278e-01	5.582139e-01	5.578852e-01	5.592000e-01	5.582139e-01	5.595287e-01	5.585426e-01	5.601861e-01	5.585426e-01	5.605148e-01	5.588713e-01	5.605148e-01	5.598574e-01	5.611722e-01	5.601861e-01	5.611722e-01	5.608435e-01	5.615009e-01	5.611722e-01	5.621583e-01	5.615009e-01	5.621583e-01	5.618296e-01	5.628158e-01	5.621583e-01	5.634732e-01	5.628158e-01	5.634732e-01	5.624870e-01	5.631445e-01	5.631445e-01	5.641306e-01	5.628158e-01	5.638019e-01	5.638019e-01	5.638019e-01	5.638019e-01	5.651167e-01	5.641306e-01	5.647880e-01	5.644593e-01	5.647880e-01	5.647880e-01	5.651167e-01	5.644593e-01	5.654454e-01	5.651167e-01	5.654454e-01	5.647880e-01	5.664315e-01	5.654454e-01	5.664315e-01	5.654454e-01	5.664315e-01	5.654454e-01	5.664315e-01	5.657741e-01	5.670889e-01	5.664315e-01	5.674176e-01	5.664315e-01	5.674176e-01	5.664315e-01	5.670889e-01	5.664315e-01	5.674176e-01	5.667602e-01	5.684037e-01	5.674176e-01	5.680750e-01	5.670889e-01	5.674176e-01	5.677463e-01	5.680750e-01	5.670889e-01	5.687324e-01	5.677463e-01	5.684037e-01	5.680750e-01	5.687324e-01	5.677463e-01	5.684037e-01	5.684037e-01	5.687324e-01	5.684037e-01	5.690611e-01	5.684037e-01	5.687324e-01	5.690611e-01	5.690611e-01	5.687324e-01	5.697185e-01	5.687324e-01	5.700472e-01	5.690611e-01	5.700472e-01	5.690611e-01	5.700472e-01	5.690611e-01	5.703760e-01	5.690611e-01	5.703760e-01	5.697185e-01	5.697185e-01	5.693898e-01	5.700472e-01	5.697185e-01	5.703760e-01	5.697185e-01	5.707047e-01	5.700472e-01	5.703760e-01	5.697185e-01	5.710334e-01	5.697185e-01	5.710334e-01	5.700472e-01	5.707047e-01	5.700472e-01	5.707047e-01	5.707047e-01	5.707047e-01	5.703760e-01	5.710334e-01	5.707047e-01	5.716908e-01	5.703760e-01	5.710334e-01	5.710334e-01	5.713621e-01	5.710334e-01	5.713621e-01	5.713621e-01	5.720195e-01	5.707047e-01	5.713621e-01	5.710334e-01	5.716908e-01	5.710334e-01	5.713621e-01	5.710334e-01	5.716908e-01	5.713621e-01	5.716908e-01	5.710334e-01	5.720195e-01	5.716908e-01	5.720195e-01	5.716908e-01	5.710334e-01	5.713621e-01	5.720195e-01	5.713621e-01	5.723482e-01	5.716908e-01	5.720195e-01	5.713621e-01	5.716908e-01	5.720195e-01	5.720195e-01	5.720195e-01	5.723482e-01	5.723482e-01	5.720195e-01	5.720195e-01	5.723482e-01	5.716908e-01	5.726769e-01	5.720195e-01	5.726769e-01	5.723482e-01	5.723482e-01	5.723482e-01	5.726769e-01	5.726769e-01	5.733343e-01	5.726769e-01	5.726769e-01	5.720195e-01	5.726769e-01	5.726769e-01	5.726769e-01	5.723482e-01	5.730056e-01	5.723482e-01	5.733343e-01	5.726769e-01	5.730056e-01	5.726769e-01	5.730056e-01	5.733343e-01	5.726769e-01	5.730056e-01	5.736630e-01	5.733343e-01	5.730056e-01	5.733343e-01	5.726769e-01	5.733343e-01	5.733343e-01	5.726769e-01	5.733343e-01	5.733343e-01	5.739917e-01	5.733343e-01	5.733343e-01	5.733343e-01	5.736630e-01	5.736630e-01	5.733343e-01	5.733343e-01	5.733343e-01	5.736630e-01	5.736630e-01	5.743204e-01	5.739917e-01	5.733343e-01	5.739917e-01	5.733343e-01	5.743204e-01	5.736630e-01	5.736630e-01	5.733343e-01	5.739917e-01	5.739917e-01	5.739917e-01
4.602600e-01	4.697924e-01	4.783387e-01	4.826119e-01	4.888573e-01	4.921443e-01	4.967462e-01	4.993758e-01	5.029916e-01	5.052925e-01	5.085795e-01	5.102231e-01	5.135101e-01	5.141675e-01	5.167972e-01	5.184407e-01	5.207416e-01	5.210703e-01	5.236999e-01	5.243573e-01	5.266583e-01	5.273157e-01	5.292879e-01	5.299453e-01	5.319175e-01	5.322463e-01	5.335611e-01	5.342185e-01	5.355333e-01	5.358620e-01	5.381629e-01	5.371768e-01	5.388203e-01	5.388203e-01	5.407926e-01	5.404639e-01	5.424361e-01	5.417787e-01	5.440796e-01	5.434222e-01	5.447370e-01	5.440796e-01	5.460518e-01	5.457231e-01	5.467092e-01	5.460518e-01	5.486815e-01	5.473667e-01	5.490102e-01	5.483528e-01	5.503250e-01	5.490102e-01	5.509824e-01	5.503250e-01	5.516398e-01	5.509824e-01	5.526259e-01	5.516398e-01	5.536120e-01	5.529546e-01	5.539407e-01	5.536120e-01	5.542694e-01	5.539407e-01	5.555843e-01	5.542694e-01	5.555843e-01	5.552556e-01	5.559130e-01	5.559130e-01	5.568991e-01	5.562417e-01	5.575565e-01	5.575565e-01	5.582139e-01	5.572278e-01	5.582139e-01	5.582139e-01	5.588713e-01	5.578852e-01	5.601861e-01	5.588713e-01	5.592000e-01	5.585426e-01	5.601861e-01	5.592000e-01	5.605148e-01	5.595287e-01	5.608435e-01	5.601861e-01	5.611722e-01	5.605148e-01	5.621583e-01	5.605148e-01	5.618296e-01	5.608435e-01	5.624870e-01	5.615009e-01	5.628158e-01	5.621583e-01	5.631445e-01	5.624870e-01	5.638019e-01	5.628158e-01	5.634732e-01	5.631445e-01	5.638019e-01	5.631445e-01	5.644593e-01	5.631445e-01	5.644593e-01	5.634732e-01	5.644593e-01	5.641306e-01	5.647880e-01	5.638019e-01	5.651167e-01	5.644593e-01	5.651167e-01	5.644593e-01	5.654454e-01	5.651167e-01	5.657741e-01	5.654454e-01	5.657741e-01	5.651167e-01	5.664315e-01	5.661028e-01	5.664315e-01	5.657741e-01	5.667602e-01	5.657741e-01	5.661028e-01	5.661028e-01	5.667602e-01	5.664315e-01	5.670889e-01	5.664315e-01	5.674176e-01	5.667602e-01	5.670889e-01	5.670889e-01	5.674176e-01	5.670889e-01	5.674176e-01	5.670889e-01	5.677463e-01	5.674176e-01	5.680750e-01	5.677463e-01	5.687324e-01	5.677463e-01	5.680750e-01	5.680750e-01	5.687324e-01	5.680750e-01	5.687324e-01	5.684037e-01	5.690611e-01	5.687324e-01	5.684037e-01	5.680750e-01	5.690611e-01	5.687324e-01	5.693898e-01	5.680750e-01	5.693898e-01	5.687324e-01	5.693898e-01	5.693898e-01	5.700472e-01	5.693898e-01	5.693898e-01	5.690611e-01	5.693898e-01	5.697185e-01	5.697185e-01	5.697185e-01	5.700472e-01	5.690611e-01	5.693898e-01	5.693898e-01	5.700472e-01	5.697185e-01	5.703760e-01	5.700472e-01	5.703760e-01	5.700472e-01	5.703760e-01	5.700472e-01	5.707047e-01	5.700472e-01	5.707047e-01	5.703760e-01	5.703760e-01	5.700472e-01	5.710334e-01	5.707047e-01	5.710334e-01	5.707047e-01	5.710334e-01	5.707047e-01	5.713621e-01	5.707047e-01	5.713621e-01	5.707047e-01	5.710334e-01	5.710334e-01	5.713621e-01	5.710334e-01	5.710334e-01	5.713621e-01	5.716908e-01	5.713621e-01	5.716908e-01	5.713621e-01	5.713621e-01	5.713621e-01	5.713621e-01	5.713621e-01	5.716908e-01	5.713621e-01	5.713621e-01	5.720195e-01	5.716908e-01	5.716908e-01	5.720195e-01	5.716908e-01	5.716908e-01	5.716908e-01	5.716908e-01	5.716908e-01	5.716908e-01	5.720195e-01	5.723482e-01	5.716908e-01	5.720195e-01	5.720195e-01	5.723482e-01	5.723482e-01	5.723482e-01	5.723482e-01	5.720195e-01	5.723482e-01	5.726769e-01	5.720195e-01	5.723482e-01	5.723482e-01	5.723482e-01	5.723482e-01	5.723482e-01	5.720195e-01	5.726769e-01	5.730056e-01	5.730056e-01	5.723482e-01	5.726769e-01	5.726769e-01	5.730056e-01	5.733343e-01	5.730056e-01	5.730056e-01	5.736630e-01	5.726769e-01	5.730056e-01	5.726769e-01	5.726769e-01	5.730056e-01	5.726769e-01	5.733343e-01	5.726769e-01	5.730056e-01	5.733343e-01	5.730056e-01	5.726769e-01	5.730056e-01	5.733343e-01	5.730056e-01	5.733343e-01	5.733343e-01	5.733343e-01	5.736630e-01	5.733343e-01	5.733343e-01	5.733343e-01	5.733343e-01	5.733343e-01	5.733343e-01	5.739917e-01	5.736630e-01	5.739917e-01	5.736630e-01	5.733343e-01	5.733343e-01	5.739917e-01	5.743204e-01	5.736630e-01	5.739917e-01	5.739917e-01	5.739917e-01	5.736630e-01
4.589452e-01	4.707785e-01	4.773526e-01	4.839267e-01	4.872138e-01	4.928017e-01	4.954314e-01	5.000332e-01	5.020055e-01	5.059499e-01	5.075934e-01	5.112092e-01	5.115379e-01	5.151536e-01	5.161397e-01	5.187694e-01	5.200842e-01	5.217277e-01	5.230425e-01	5.256722e-01	5.253435e-01	5.279731e-01	5.283018e-01	5.309314e-01	5.306027e-01	5.322463e-01	5.325750e-01	5.342185e-01	5.352046e-01	5.365194e-01	5.368481e-01	5.384916e-01	5.384916e-01	5.401352e-01	5.398065e-01	5.414500e-01	5.414500e-01	5.424361e-01	5.424361e-01	5.440796e-01	5.434222e-01	5.453944e-01	5.447370e-01	5.467092e-01	5.457231e-01	5.476954e-01	5.470379e-01	5.483528e-01	5.480241e-01	5.493389e-01	5.490102e-01	5.506537e-01	5.496676e-01	5.519685e-01	5.509824e-01	5.522972e-01	5.516398e-01	5.529546e-01	5.519685e-01	5.532833e-01	5.529546e-01	5.539407e-01	5.536120e-01	5.549269e-01	5.536120e-01	5.552556e-01	5.545981e-01	5.562417e-01	5.555843e-01	5.572278e-01	5.565704e-01	5.568991e-01	5.568991e-01	5.578852e-01	5.572278e-01	5.578852e-01	5.575565e-01	5.585426e-01	5.582139e-01	5.592000e-01	5.585426e-01	5.595287e-01	5.592000e-01	5.601861e-01	5.592000e-01	5.605148e-01	5.598574e-01	5.611722e-01	5.595287e-01	5.615009e-01	5.601861e-01	5.618296e-01	5.611722e-01	5.618296e-01	5.611722e-01	5.621583e-01	5.615009e-01	5.621583e-01	5.615009e-01	5.621583e-01	5.621583e-01	5.631445e-01	5.624870e-01	5.631445e-01	5.628158e-01	5.638019e-01	5.634732e-01	5.641306e-01	5.634732e-01	5.644593e-01	5.638019e-01	5.644593e-01	5.634732e-01	5.647880e-01	5.638019e-01	5.651167e-01	5.647880e-01	5.654454e-01	5.641306e-01	5.651167e-01	5.651167e-01	5.651167e-01	5.647880e-01	5.661028e-01	5.651167e-01	5.661028e-01	5.651167e-01	5.664315e-01	5.657741e-01	5.667602e-01	5.657741e-01	5.664315e-01	5.657741e-01	5.664315e-01	5.664315e-01	5.674176e-01	5.664315e-01	5.667602e-01	5.661028e-01	5.677463e-01	5.674176e-01	5.677463e-01	5.670889e-01	5.674176e-01	5.664315e-01	5.680750e-01	5.670889e-01	5.680750e-01	5.674176e-01	5.677463e-01	5.677463e-01	5.684037e-01	5.674176e-01	5.684037e-01	5.677463e-01	5.684037e-01	5.677463e-01	5.687324e-01	5.687324e-01	5.687324e-01	5.687324e-01	5.687324e-01	5.680750e-01	5.697185e-01	5.684037e-01	5.690611e-01	5.684037e-01	5.693898e-01	5.687324e-01	5.700472e-01	5.687324e-01	5.693898e-01	5.690611e-01	5.700472e-01	5.693898e-01	5.697185e-01	5.693898e-01	5.697185e-01	5.693898e-01	5.697185e-01	5.693898e-01	5.700472e-01	5.700472e-01	5.703760e-01	5.697185e-01	5.703760e-01	5.697185e-01	5.703760e-01	5.700472e-01	5.707047e-01	5.703760e-01	5.707047e-01	5.700472e-01	5.703760e-01	5.697185e-01	5.713621e-01	5.697185e-01	5.710334e-01	5.703760e-01	5.713621e-01	5.703760e-01	5.710334e-01	5.707047e-01	5.710334e-01	5.710334e-01	5.713621e-01	5.703760e-01	5.716908e-01	5.710334e-01	5.716908e-01	5.707047e-01	5.716908e-01	5.713621e-01	5.713621e-01	5.713621e-01	5.720195e-01	5.710334e-01	5.716908e-01	5.713621e-01	5.720195e-01	5.707047e-01	5.716908e-01	5.710334e-01	5.707047e-01	5.720195e-01	5.723482e-01	5.716908e-01	5.720195e-01	5.720195e-01	5.726769e-01	5.716908e-01	5.720195e-01	5.720195e-01	5.726769e-01	5.720195e-01	5.716908e-01	5.716908e-01	5.726769e-01	5.716908e-01	5.723482e-01	5.720195e-01	5.726769e-01	5.720195e-01	5.726769e-01	5.723482e-01	5.723482e-01	5.723482e-01	5.726769e-01	5.723482e-01	5.723482e-01	5.726769e-01	5.723482e-01	5.723482e-01	5.726769e-01	5.723482e-01	5.726769e-01	5.733343e-01	5.730056e-01	5.733343e-01	5.723482e-01	5.726769e-01	5.733343e-01	5.733343e-01	5.733343e-01	5.723482e-01	5.726769e-01	5.733343e-01	5.733343e-01	5.726769e-01	5.733343e-01	5.733343e-01	5.733343e-01	5.733343e-01	5.736630e-01	5.733343e-01	5.736630e-01	5.730056e-01	5.739917e-01	5.730056e-01	5.733343e-01	5.733343e-01	5.730056e-01	5.730056e-01	5.733343e-01	5.736630e-01	5.733343e-01	5.730056e-01	5.736630e-01	5.736630e-01	5.739917e-01	5.739917e-01	5.736630e-01	5.733343e-01	5.736630e-01	5.736630e-01	5.733343e-01	5.736630e-01	5.733343e-01	5.739917e-01	5.736630e-01	5.739917e-01
4.589452e-01	4.714360e-01	4.773526e-01	4.835980e-01	4.878712e-01	4.928017e-01	4.964175e-01	4.997045e-01	5.023342e-01	5.059499e-01	5.072647e-01	5.105518e-01	5.125240e-01	5.151536e-01	5.161397e-01	5.187694e-01	5.200842e-01	5.220564e-01	5.223851e-01	5.250148e-01	5.260009e-01	5.276444e-01	5.283018e-01	5.302740e-01	5.309314e-01	5.329037e-01	5.329037e-01	5.348759e-01	5.352046e-01	5.365194e-01	5.368481e-01	5.381629e-01	5.384916e-01	5.398065e-01	5.398065e-01	5.417787e-01	5.411213e-01	5.427648e-01	5.424361e-01	5.444083e-01	5.437509e-01	5.450657e-01	5.453944e-01	5.463805e-01	5.460518e-01	5.483528e-01	5.470379e-01	5.483528e-01	5.480241e-01	5.496676e-01	5.490102e-01	5.503250e-01	5.503250e-01	5.509824e-01	5.509824e-01	5.513111e-01	5.513111e-01	5.529546e-01	5.522972e-01	5.532833e-01	5.529546e-01	5.545981e-01	5.536120e-01	5.549269e-01	5.542694e-01	5.552556e-01	5.549269e-01	5.562417e-01	5.559130e-01	5.568991e-01	5.559130e-01	5.575565e-01	5.565704e-01	5.578852e-01	5.568991e-01	5.578852e-01	5.575565e-01	5.588713e-01	5.578852e-01	5.588713e-01	5.588713e-01	5.585426e-01	5.592000e-01	5.598574e-01	5.588713e-01	5.601861e-01	5.601861e-01	5.615009e-01	5.598574e-01	5.611722e-01	5.601861e-01	5.621583e-01	5.615009e-01	5.621583e-01	5.608435e-01	5.618296e-01	5.615009e-01	5.628158e-01	5.618296e-01	5.628158e-01	5.618296e-01	5.634732e-01	5.621583e-01	5.631445e-01	5.628158e-01	5.634732e-01	5.628158e-01	5.638019e-01	5.631445e-01	5.644593e-01	5.638019e-01	5.644593e-01	5.638019e-01	5.644593e-01	5.638019e-01	5.647880e-01	5.638019e-01	5.651167e-01	5.644593e-01	5.661028e-01	5.641306e-01	5.651167e-01	5.647880e-01	5.661028e-01	5.651167e-01	5.657741e-01	5.654454e-01	5.664315e-01	5.657741e-01	5.667602e-01	5.657741e-01	5.667602e-01	5.654454e-01	5.664315e-01	5.664315e-01	5.670889e-01	5.667602e-01	5.670889e-01	5.661028e-01	5.674176e-01	5.664315e-01	5.670889e-01	5.670889e-01	5.680750e-01	5.674176e-01	5.680750e-01	5.670889e-01	5.684037e-01	5.670889e-01	5.687324e-01	5.670889e-01	5.690611e-01	5.674176e-01	5.684037e-01	5.677463e-01	5.684037e-01	5.677463e-01	5.684037e-01	5.680750e-01	5.687324e-01	5.674176e-01	5.690611e-01	5.680750e-01	5.697185e-01	5.684037e-01	5.693898e-01	5.690611e-01	5.690611e-01	5.690611e-01	5.693898e-01	5.684037e-01	5.693898e-01	5.690611e-01	5.700472e-01	5.687324e-01	5.693898e-01	5.693898e-01	5.697185e-01	5.693898e-01	5.700472e-01	5.693898e-01	5.700472e-01	5.693898e-01	5.700472e-01	5.693898e-01	5.707047e-01	5.697185e-01	5.703760e-01	5.697185e-01	5.703760e-01	5.697185e-01	5.703760e-01	5.703760e-01	5.710334e-01	5.697185e-01	5.710334e-01	5.700472e-01	5.710334e-01	5.697185e-01	5.707047e-01	5.700472e-01	5.716908e-01	5.710334e-01	5.710334e-01	5.703760e-01	5.716908e-01	5.707047e-01	5.716908e-01	5.703760e-01	5.716908e-01	5.710334e-01	5.720195e-01	5.707047e-01	5.716908e-01	5.710334e-01	5.716908e-01	5.703760e-01	5.720195e-01	5.713621e-01	5.720195e-01	5.713621e-01	5.720195e-01	5.713621e-01	5.720195e-01	5.713621e-01	5.716908e-01	5.710334e-01	5.723482e-01	5.710334e-01	5.726769e-01	5.713621e-01	5.720195e-01	5.720195e-01	5.723482e-01	5.716908e-01	5.723482e-01	5.716908e-01	5.726769e-01	5.716908e-01	5.726769e-01	5.720195e-01	5.720195e-01	5.720195e-01	5.726769e-01	5.720195e-01	5.726769e-01	5.716908e-01	5.723482e-01	5.723482e-01	5.730056e-01	5.720195e-01	5.736630e-01	5.720195e-01	5.730056e-01	5.720195e-01	5.733343e-01	5.723482e-01	5.730056e-01	5.720195e-01	5.733343e-01	5.720195e-01	5.730056e-01	5.726769e-01	5.733343e-01	5.723482e-01	5.730056e-01	5.726769e-01	5.733343e-01	5.723482e-01	5.730056e-01	5.726769e-01	5.733343e-01	5.733343e-01	5.733343e-01	5.726769e-01	5.739917e-01	5.733343e-01	5.736630e-01	5.723482e-01	5.743204e-01	5.730056e-01	5.736630e-01	5.733343e-01	5.739917e-01	5.733343e-01	5.730056e-01	5.730056e-01	5.739917e-01	5.730056e-01	5.739917e-01	5.730056e-01	5.739917e-01	5.730056e-01	5.743204e-01	5.736630e-01	5.739917e-01	5.733343e-01	5.736630e-01	5.739917e-01	5.739917e-01	5.733343e-01
4.596026e-01	4.691350e-01	4.776813e-01	4.832693e-01	4.885286e-01	4.914869e-01	4.960888e-01	4.980610e-01	5.026629e-01	5.046351e-01	5.075934e-01	5.092370e-01	5.128527e-01	5.135101e-01	5.164684e-01	5.181120e-01	5.200842e-01	5.210703e-01	5.240286e-01	5.243573e-01	5.266583e-01	5.269870e-01	5.286305e-01	5.292879e-01	5.312601e-01	5.312601e-01	5.338898e-01	5.335611e-01	5.355333e-01	5.355333e-01	5.368481e-01	5.371768e-01	5.384916e-01	5.394777e-01	5.404639e-01	5.404639e-01	5.417787e-01	5.421074e-01	5.434222e-01	5.430935e-01	5.447370e-01	5.444083e-01	5.457231e-01	5.457231e-01	5.463805e-01	5.463805e-01	5.480241e-01	5.476954e-01	5.490102e-01	5.480241e-01	5.496676e-01	5.490102e-01	5.506537e-01	5.503250e-01	5.509824e-01	5.513111e-01	5.526259e-01	5.513111e-01	5.526259e-01	5.526259e-01	5.536120e-01	5.536120e-01	5.545981e-01	5.539407e-01	5.545981e-01	5.545981e-01	5.555843e-01	5.552556e-01	5.565704e-01	5.555843e-01	5.565704e-01	5.562417e-01	5.575565e-01	5.568991e-01	5.575565e-01	5.568991e-01	5.578852e-01	5.575565e-01	5.585426e-01	5.585426e-01	5.592000e-01	5.592000e-01	5.598574e-01	5.592000e-01	5.595287e-01	5.592000e-01	5.605148e-01	5.598574e-01	5.608435e-01	5.601861e-01	5.608435e-01	5.601861e-01	5.611722e-01	5.605148e-01	5.615009e-01	5.615009e-01	5.621583e-01	5.615009e-01	5.624870e-01	5.618296e-01	5.628158e-01	5.624870e-01	5.631445e-01	5.618296e-01	5.631445e-01	5.631445e-01	5.638019e-01	5.631445e-01	5.638019e-01	5.634732e-01	5.641306e-01	5.634732e-01	5.641306e-01	5.638019e-01	5.644593e-01	5.644593e-01	5.647880e-01	5.641306e-01	5.654454e-01	5.651167e-01	5.657741e-01	5.647880e-01	5.654454e-01	5.651167e-01	5.657741e-01	5.654454e-01	5.657741e-01	5.651167e-01	5.664315e-01	5.654454e-01	5.667602e-01	5.657741e-01	5.664315e-01	5.661028e-01	5.674176e-01	5.664315e-01	5.667602e-01	5.661028e-01	5.667602e-01	5.664315e-01	5.670889e-01	5.664315e-01	5.670889e-01	5.664315e-01	5.680750e-01	5.670889e-01	5.680750e-01	5.670889e-01	5.677463e-01	5.670889e-01	5.684037e-01	5.674176e-01	5.684037e-01	5.677463e-01	5.680750e-01	5.677463e-01	5.680750e-01	5.680750e-01	5.687324e-01	5.680750e-01	5.693898e-01	5.677463e-01	5.690611e-01	5.684037e-01	5.687324e-01	5.684037e-01	5.690611e-01	5.684037e-01	5.693898e-01	5.684037e-01	5.693898e-01	5.693898e-01	5.693898e-01	5.693898e-01	5.693898e-01	5.690611e-01	5.693898e-01	5.697185e-01	5.697185e-01	5.697185e-01	5.700472e-01	5.693898e-01	5.693898e-01	5.693898e-01	5.700472e-01	5.700472e-01	5.703760e-01	5.703760e-01	5.703760e-01	5.703760e-01	5.703760e-01	5.700472e-01	5.700472e-01	5.700472e-01	5.703760e-01	5.700472e-01	5.703760e-01	5.703760e-01	5.703760e-01	5.707047e-01	5.710334e-01	5.707047e-01	5.707047e-01	5.707047e-01	5.710334e-01	5.707047e-01	5.716908e-01	5.707047e-01	5.707047e-01	5.707047e-01	5.713621e-01	5.707047e-01	5.710334e-01	5.707047e-01	5.710334e-01	5.707047e-01	5.713621e-01	5.710334e-01	5.713621e-01	5.707047e-01	5.710334e-01	5.716908e-01	5.713621e-01	5.716908e-01	5.720195e-01	5.720195e-01	5.716908e-01	5.713621e-01	5.713621e-01	5.716908e-01	5.716908e-01	5.716908e-01	5.720195e-01	5.720195e-01	5.720195e-01	5.713621e-01	5.720195e-01	5.723482e-01	5.720195e-01	5.723482e-01	5.720195e-01	5.720195e-01	5.720195e-01	5.726769e-01	5.730056e-01	5.720195e-01	5.726769e-01	5.723482e-01	5.726769e-01	5.723482e-01	5.723482e-01	5.730056e-01	5.730056e-01	5.726769e-01	5.723482e-01	5.723482e-01	5.723482e-01	5.730056e-01	5.726769e-01	5.726769e-01	5.726769e-01	5.726769e-01	5.726769e-01	5.726769e-01	5.730056e-01	5.730056e-01	5.730056e-01	5.733343e-01	5.730056e-01	5.730056e-01	5.730056e-01	5.730056e-01	5.726769e-01	5.733343e-01	5.733343e-01	5.733343e-01	5.730056e-01	5.733343e-01	5.726769e-01	5.730056e-01	5.733343e-01	5.730056e-01	5.730056e-01	5.736630e-01	5.736630e-01	5.726769e-01	5.733343e-01	5.733343e-01	5.730056e-01	5.733343e-01	5.736630e-01	5.739917e-01	5.733343e-01	5.733343e-01	5.733343e-01	5.739917e-01	5.736630e-01	5.733343e-01	5.739917e-01	5.736630e-01	5.730056e-01
4.596026e-01	4.707785e-01	4.776813e-01	4.839267e-01	4.875425e-01	4.928017e-01	4.960888e-01	4.997045e-01	5.020055e-01	5.059499e-01	5.075934e-01	5.105518e-01	5.121953e-01	5.148249e-01	5.161397e-01	5.190981e-01	5.197555e-01	5.220564e-01	5.230425e-01	5.250148e-01	5.260009e-01	5.276444e-01	5.279731e-01	5.306027e-01	5.306027e-01	5.329037e-01	5.329037e-01	5.345472e-01	5.348759e-01	5.361907e-01	5.368481e-01	5.381629e-01	5.384916e-01	5.394777e-01	5.401352e-01	5.411213e-01	5.411213e-01	5.424361e-01	5.427648e-01	5.437509e-01	5.440796e-01	5.447370e-01	5.450657e-01	5.463805e-01	5.467092e-01	5.473667e-01	5.473667e-01	5.480241e-01	5.483528e-01	5.493389e-01	5.490102e-01	5.503250e-01	5.496676e-01	5.509824e-01	5.506537e-01	5.516398e-01	5.516398e-01	5.522972e-01	5.529546e-01	5.532833e-01	5.529546e-01	5.539407e-01	5.536120e-01	5.549269e-01	5.542694e-01	5.552556e-01	5.542694e-01	5.562417e-01	5.555843e-01	5.562417e-01	5.562417e-01	5.568991e-01	5.568991e-01	5.575565e-01	5.575565e-01	5.578852e-01	5.578852e-01	5.588713e-01	5.585426e-01	5.585426e-01	5.585426e-01	5.598574e-01	5.588713e-01	5.598574e-01	5.588713e-01	5.601861e-01	5.601861e-01	5.601861e-01	5.605148e-01	5.611722e-01	5.605148e-01	5.615009e-01	5.611722e-01	5.615009e-01	5.615009e-01	5.621583e-01	5.618296e-01	5.628158e-01	5.618296e-01	5.621583e-01	5.618296e-01	5.631445e-01	5.621583e-01	5.631445e-01	5.628158e-01	5.634732e-01	5.628158e-01	5.638019e-01	5.624870e-01	5.641306e-01	5.638019e-01	5.641306e-01	5.641306e-01	5.651167e-01	5.634732e-01	5.647880e-01	5.644593e-01	5.651167e-01	5.647880e-01	5.651167e-01	5.654454e-01	5.657741e-01	5.651167e-01	5.657741e-01	5.651167e-01	5.654454e-01	5.657741e-01	5.667602e-01	5.657741e-01	5.664315e-01	5.654454e-01	5.664315e-01	5.661028e-01	5.667602e-01	5.664315e-01	5.667602e-01	5.667602e-01	5.670889e-01	5.664315e-01	5.670889e-01	5.664315e-01	5.677463e-01	5.670889e-01	5.674176e-01	5.670889e-01	5.674176e-01	5.670889e-01	5.680750e-01	5.674176e-01	5.677463e-01	5.677463e-01	5.677463e-01	5.674176e-01	5.680750e-01	5.677463e-01	5.684037e-01	5.684037e-01	5.684037e-01	5.680750e-01	5.687324e-01	5.687324e-01	5.690611e-01	5.674176e-01	5.687324e-01	5.687324e-01	5.687324e-01	5.684037e-01	5.693898e-01	5.687324e-01	5.700472e-01	5.687324e-01	5.693898e-01	5.690611e-01	5.697185e-01	5.687324e-01	5.700472e-01	5.693898e-01	5.700472e-01	5.687324e-01	5.697185e-01	5.693898e-01	5.703760e-01	5.693898e-01	5.707047e-01	5.697185e-01	5.707047e-01	5.693898e-01	5.703760e-01	5.700472e-01	5.703760e-01	5.690611e-01	5.703760e-01	5.700472e-01	5.710334e-01	5.700472e-01	5.707047e-01	5.700472e-01	5.707047e-01	5.700472e-01	5.707047e-01	5.703760e-01	5.716908e-01	5.707047e-01	5.713621e-01	5.700472e-01	5.716908e-01	5.703760e-01	5.713621e-01	5.707047e-01	5.710334e-01	5.707047e-01	5.713621e-01	5.710334e-01	5.720195e-01	5.707047e-01	5.720195e-01	5.710334e-01	5.713621e-01	5.713621e-01	5.720195e-01	5.707047e-01	5.720195e-01	5.720195e-01	5.716908e-01	5.710334e-01	5.720195e-01	5.716908e-01	5.720195e-01	5.713621e-01	5.720195e-01	5.720195e-01	5.723482e-01	5.713621e-01	5.723482e-01	5.716908e-01	5.726769e-01	5.713621e-01	5.720195e-01	5.720195e-01	5.723482e-01	5.713621e-01	5.730056e-01	5.726769e-01	5.726769e-01	5.716908e-01	5.726769e-01	5.726769e-01	5.730056e-01	5.716908e-01	5.726769e-01	5.716908e-01	5.726769e-01	5.720195e-01	5.730056e-01	5.723482e-01	5.726769e-01	5.720195e-01	5.730056e-01	5.720195e-01	5.730056e-01	5.716908e-01	5.733343e-01	5.726769e-01	5.726769e-01	5.723482e-01	5.736630e-01	5.723482e-01	5.736630e-01	5.720195e-01	5.733343e-01	5.716908e-01	5.736630e-01	5.730056e-01	5.733343e-01	5.730056e-01	5.739917e-01	5.726769e-01	5.736630e-01	5.723482e-01	5.733343e-01	5.730056e-01	5.739917e-01	5.723482e-01	5.736630e-01	5.720195e-01	5.739917e-01	5.726769e-01	5.733343e-01	5.733343e-01	5.736630e-01	5.726769e-01	5.739917e-01	5.726769e-01	5.743204e-01	5.726769e-01	5.739917e-01	5.730056e-01	5.739917e-01	5.730056e-01	5.733343e-01	5.736630e-01
4.589452e-01	4.714360e-01	4.766952e-01	4.835980e-01	4.875425e-01	4.931304e-01	4.957601e-01	5.003619e-01	5.023342e-01	5.062786e-01	5.075934e-01	5.112092e-01	5.121953e-01	5.151536e-01	5.161397e-01	5.194268e-01	5.194268e-01	5.223851e-01	5.233712e-01	5.250148e-01	5.260009e-01	5.283018e-01	5.283018e-01	5.309314e-01	5.309314e-01	5.329037e-01	5.325750e-01	5.345472e-01	5.355333e-01	5.365194e-01	5.365194e-01	5.391490e-01	5.381629e-01	5.398065e-01	5.401352e-01	5.417787e-01	5.417787e-01	5.424361e-01	5.421074e-01	5.447370e-01	5.437509e-01	5.450657e-01	5.453944e-01	5.460518e-01	5.463805e-01	5.476954e-01	5.473667e-01	5.483528e-01	5.483528e-01	5.493389e-01	5.493389e-01	5.503250e-01	5.496676e-01	5.506537e-01	5.509824e-01	5.519685e-01	5.516398e-01	5.529546e-01	5.526259e-01	5.536120e-01	5.529546e-01	5.542694e-01	5.536120e-01	5.549269e-01	5.542694e-01	5.555843e-01	5.552556e-01	5.565704e-01	5.552556e-01	5.565704e-01	5.565704e-01	5.575565e-01	5.568991e-01	5.575565e-01	5.575565e-01	5.578852e-01	5.578852e-01	5.588713e-01	5.582139e-01	5.595287e-01	5.585426e-01	5.601861e-01	5.585426e-01	5.601861e-01	5.592000e-01	5.605148e-01	5.601861e-01	5.605148e-01	5.598574e-01	5.618296e-01	5.601861e-01	5.618296e-01	5.605148e-01	5.628158e-01	5.615009e-01	5.621583e-01	5.615009e-01	5.628158e-01	5.615009e-01	5.624870e-01	5.624870e-01	5.631445e-01	5.624870e-01	5.634732e-01	5.628158e-01	5.638019e-01	5.634732e-01	5.644593e-01	5.631445e-01	5.641306e-01	5.638019e-01	5.638019e-01	5.641306e-01	5.647880e-01	5.638019e-01	5.647880e-01	5.634732e-01	5.654454e-01	5.647880e-01	5.651167e-01	5.647880e-01	5.657741e-01	5.644593e-01	5.661028e-01	5.651167e-01	5.664315e-01	5.654454e-01	5.661028e-01	5.654454e-01	5.670889e-01	5.654454e-01	5.664315e-01	5.664315e-01	5.670889e-01	5.657741e-01	5.670889e-01	5.664315e-01	5.674176e-01	5.664315e-01	5.667602e-01	5.667602e-01	5.677463e-01	5.670889e-01	5.680750e-01	5.670889e-01	5.680750e-01	5.674176e-01	5.680750e-01	5.674176e-01	5.680750e-01	5.670889e-01	5.684037e-01	5.670889e-01	5.687324e-01	5.674176e-01	5.687324e-01	5.677463e-01	5.687324e-01	5.680750e-01	5.687324e-01	5.680750e-01	5.690611e-01	5.687324e-01	5.693898e-01	5.684037e-01	5.690611e-01	5.687324e-01	5.693898e-01	5.690611e-01	5.697185e-01	5.684037e-01	5.697185e-01	5.687324e-01	5.697185e-01	5.687324e-01	5.697185e-01	5.684037e-01	5.703760e-01	5.693898e-01	5.700472e-01	5.693898e-01	5.703760e-01	5.693898e-01	5.703760e-01	5.690611e-01	5.703760e-01	5.697185e-01	5.703760e-01	5.700472e-01	5.707047e-01	5.697185e-01	5.713621e-01	5.697185e-01	5.710334e-01	5.700472e-01	5.707047e-01	5.697185e-01	5.710334e-01	5.700472e-01	5.710334e-01	5.697185e-01	5.713621e-01	5.703760e-01	5.716908e-01	5.700472e-01	5.710334e-01	5.703760e-01	5.716908e-01	5.710334e-01	5.716908e-01	5.707047e-01	5.710334e-01	5.710334e-01	5.716908e-01	5.707047e-01	5.713621e-01	5.713621e-01	5.716908e-01	5.703760e-01	5.716908e-01	5.710334e-01	5.720195e-01	5.710334e-01	5.720195e-01	5.707047e-01	5.716908e-01	5.710334e-01	5.723482e-01	5.716908e-01	5.723482e-01	5.713621e-01	5.723482e-01	5.713621e-01	5.720195e-01	5.713621e-01	5.723482e-01	5.710334e-01	5.723482e-01	5.716908e-01	5.723482e-01	5.716908e-01	5.730056e-01	5.716908e-01	5.726769e-01	5.720195e-01	5.726769e-01	5.720195e-01	5.726769e-01	5.723482e-01	5.726769e-01	5.720195e-01	5.730056e-01	5.726769e-01	5.726769e-01	5.720195e-01	5.733343e-01	5.720195e-01	5.730056e-01	5.723482e-01	5.730056e-01	5.726769e-01	5.733343e-01	5.716908e-01	5.730056e-01	5.716908e-01	5.733343e-01	5.726769e-01	5.733343e-01	5.716908e-01	5.730056e-01	5.723482e-01	5.733343e-01	5.730056e-01	5.733343e-01	5.723482e-01	5.739917e-01	5.730056e-01	5.733343e-01	5.726769e-01	5.736630e-01	5.723482e-01	5.736630e-01	5.726769e-01	5.739917e-01	5.726769e-01	5.736630e-01	5.736630e-01	5.739917e-01	5.730056e-01	5.743204e-01	5.730056e-01	5.736630e-01	5.730056e-01	5.736630e-01	5.730056e-01	5.743204e-01	5.733343e-01	5.739917e-01	5.730056e-01	5.746491e-01	5.736630e-01
4.609174e-01	4.707785e-01	4.786675e-01	4.832693e-01	4.891860e-01	4.928017e-01	4.970749e-01	4.993758e-01	5.043064e-01	5.052925e-01	5.092370e-01	5.105518e-01	5.141675e-01	5.148249e-01	5.177833e-01	5.187694e-01	5.213990e-01	5.217277e-01	5.243573e-01	5.253435e-01	5.269870e-01	5.276444e-01	5.296166e-01	5.299453e-01	5.315888e-01	5.319175e-01	5.335611e-01	5.342185e-01	5.361907e-01	5.355333e-01	5.381629e-01	5.378342e-01	5.398065e-01	5.398065e-01	5.414500e-01	5.407926e-01	5.427648e-01	5.424361e-01	5.440796e-01	5.440796e-01	5.453944e-01	5.447370e-01	5.460518e-01	5.463805e-01	5.480241e-01	5.470379e-01	5.483528e-01	5.483528e-01	5.493389e-01	5.490102e-01	5.503250e-01	5.499963e-01	5.513111e-01	5.503250e-01	5.519685e-01	5.516398e-01	5.529546e-01	5.519685e-01	5.532833e-01	5.529546e-01	5.539407e-01	5.539407e-01	5.549269e-01	5.545981e-01	5.552556e-01	5.552556e-01	5.559130e-01	5.555843e-01	5.572278e-01	5.562417e-01	5.572278e-01	5.562417e-01	5.578852e-01	5.568991e-01	5.588713e-01	5.578852e-01	5.588713e-01	5.582139e-01	5.592000e-01	5.585426e-01	5.592000e-01	5.585426e-01	5.601861e-01	5.598574e-01	5.605148e-01	5.598574e-01	5.611722e-01	5.601861e-01	5.615009e-01	5.605148e-01	5.621583e-01	5.608435e-01	5.621583e-01	5.611722e-01	5.624870e-01	5.615009e-01	5.628158e-01	5.615009e-01	5.628158e-01	5.618296e-01	5.624870e-01	5.621583e-01	5.634732e-01	5.628158e-01	5.638019e-01	5.628158e-01	5.641306e-01	5.634732e-01	5.638019e-01	5.634732e-01	5.651167e-01	5.638019e-01	5.651167e-01	5.641306e-01	5.651167e-01	5.644593e-01	5.657741e-01	5.641306e-01	5.657741e-01	5.647880e-01	5.657741e-01	5.647880e-01	5.657741e-01	5.654454e-01	5.664315e-01	5.654454e-01	5.664315e-01	5.657741e-01	5.667602e-01	5.657741e-01	5.664315e-01	5.657741e-01	5.670889e-01	5.661028e-01	5.667602e-01	5.661028e-01	5.680750e-01	5.664315e-01	5.674176e-01	5.664315e-01	5.674176e-01	5.667602e-01	5.680750e-01	5.667602e-01	5.680750e-01	5.674176e-01	5.677463e-01	5.674176e-01	5.684037e-01	5.677463e-01	5.687324e-01	5.674176e-01	5.690611e-01	5.684037e-01	5.687324e-01	5.677463e-01	5.690611e-01	5.684037e-01	5.690611e-01	5.680750e-01	5.690611e-01	5.684037e-01	5.690611e-01	5.684037e-01	5.697185e-01	5.684037e-01	5.697185e-01	5.687324e-01	5.697185e-01	5.687324e-01	5.700472e-01	5.687324e-01	5.697185e-01	5.693898e-01	5.700472e-01	5.690611e-01	5.700472e-01	5.693898e-01	5.703760e-01	5.697185e-01	5.703760e-01	5.697185e-01	5.703760e-01	5.697185e-01	5.703760e-01	5.697185e-01	5.710334e-01	5.703760e-01	5.707047e-01	5.697185e-01	5.713621e-01	5.697185e-01	5.707047e-01	5.703760e-01	5.707047e-01	5.703760e-01	5.713621e-01	5.707047e-01	5.710334e-01	5.703760e-01	5.710334e-01	5.700472e-01	5.716908e-01	5.707047e-01	5.716908e-01	5.703760e-01	5.713621e-01	5.707047e-01	5.716908e-01	5.710334e-01	5.720195e-01	5.710334e-01	5.713621e-01	5.707047e-01	5.720195e-01	5.710334e-01	5.720195e-01	5.710334e-01	5.716908e-01	5.710334e-01	5.716908e-01	5.713621e-01	5.720195e-01	5.713621e-01	5.720195e-01	5.716908e-01	5.723482e-01	5.713621e-01	5.720195e-01	5.720195e-01	5.723482e-01	5.716908e-01	5.726769e-01	5.720195e-01	5.723482e-01	5.713621e-01	5.726769e-01	5.716908e-01	5.726769e-01	5.716908e-01	5.726769e-01	5.720195e-01	5.723482e-01	5.716908e-01	5.730056e-01	5.720195e-01	5.733343e-01	5.720195e-01	5.730056e-01	5.720195e-01	5.726769e-01	5.723482e-01	5.733343e-01	5.723482e-01	5.733343e-01	5.726769e-01	5.733343e-01	5.720195e-01	5.736630e-01	5.723482e-01	5.736630e-01	5.720195e-01	5.730056e-01	5.720195e-01	5.736630e-01	5.723482e-01	5.736630e-01	5.720195e-01	5.733343e-01	5.723482e-01	5.739917e-01	5.726769e-01	5.736630e-01	5.723482e-01	5.736630e-01	5.726769e-01	5.743204e-01	5.730056e-01	5.743204e-01	5.730056e-01	5.733343e-01	5.730056e-01	5.736630e-01	5.730056e-01	5.743204e-01	5.730056e-01	5.736630e-01	5.733343e-01	5.743204e-01	5.726769e-01	5.739917e-01	5.733343e-01	5.739917e-01	5.733343e-01	5.746491e-01	5.733343e-01	5.743204e-01	5.733343e-01	5.739917e-01	5.733343e-01	5.746491e-01
4.612461e-01	4.730795e-01	4.796536e-01	4.862276e-01	4.898434e-01	4.954314e-01	4.980610e-01	5.020055e-01	5.043064e-01	5.079221e-01	5.098944e-01	5.131814e-01	5.148249e-01	5.174546e-01	5.184407e-01	5.213990e-01	5.220564e-01	5.243573e-01	5.250148e-01	5.273157e-01	5.283018e-01	5.306027e-01	5.302740e-01	5.325750e-01	5.329037e-01	5.348759e-01	5.352046e-01	5.365194e-01	5.371768e-01	5.384916e-01	5.388203e-01	5.404639e-01	5.404639e-01	5.417787e-01	5.421074e-01	5.434222e-01	5.430935e-01	5.450657e-01	5.444083e-01	5.460518e-01	5.453944e-01	5.473667e-01	5.463805e-01	5.486815e-01	5.480241e-01	5.490102e-01	5.493389e-01	5.506537e-01	5.503250e-01	5.513111e-01	5.503250e-01	5.522972e-01	5.519685e-01	5.529546e-01	5.529546e-01	5.539407e-01	5.529546e-01	5.549269e-01	5.542694e-01	5.555843e-01	5.542694e-01	5.562417e-01	5.559130e-01	5.568991e-01	5.565704e-01	5.575565e-01	5.562417e-01	5.578852e-01	5.572278e-01	5.585426e-01	5.575565e-01	5.588713e-01	5.585426e-01	5.595287e-01	5.588713e-01	5.598574e-01	5.588713e-01	5.601861e-01	5.595287e-01	5.611722e-01	5.605148e-01	5.611722e-01	5.605148e-01	5.618296e-01	5.611722e-01	5.615009e-01	5.611722e-01	5.621583e-01	5.615009e-01	5.631445e-01	5.618296e-01	5.631445e-01	5.621583e-01	5.634732e-01	5.628158e-01	5.634732e-01	5.624870e-01	5.638019e-01	5.631445e-01	5.647880e-01	5.638019e-01	5.647880e-01	5.641306e-01	5.651167e-01	5.638019e-01	5.647880e-01	5.647880e-01	5.651167e-01	5.644593e-01	5.657741e-01	5.651167e-01	5.657741e-01	5.654454e-01	5.661028e-01	5.661028e-01	5.664315e-01	5.654454e-01	5.667602e-01	5.661028e-01	5.664315e-01	5.664315e-01	5.667602e-01	5.667602e-01	5.667602e-01	5.667602e-01	5.674176e-01	5.667602e-01	5.674176e-01	5.664315e-01	5.677463e-01	5.670889e-01	5.680750e-01	5.677463e-01	5.680750e-01	5.674176e-01	5.687324e-01	5.674176e-01	5.687324e-01	5.677463e-01	5.687324e-01	5.677463e-01	5.687324e-01	5.680750e-01	5.687324e-01	5.684037e-01	5.687324e-01	5.684037e-01	5.693898e-01	5.684037e-01	5.690611e-01	5.684037e-01	5.697185e-01	5.687324e-01	5.697185e-01	5.690611e-01	5.697185e-01	5.693898e-01	5.700472e-01	5.693898e-01	5.700472e-01	5.690611e-01	5.700472e-01	5.693898e-01	5.697185e-01	5.693898e-01	5.710334e-01	5.690611e-01	5.707047e-01	5.697185e-01	5.703760e-01	5.703760e-01	5.710334e-01	5.700472e-01	5.703760e-01	5.700472e-01	5.707047e-01	5.703760e-01	5.710334e-01	5.700472e-01	5.710334e-01	5.700472e-01	5.713621e-01	5.703760e-01	5.710334e-01	5.703760e-01	5.716908e-01	5.707047e-01	5.710334e-01	5.713621e-01	5.716908e-01	5.710334e-01	5.716908e-01	5.710334e-01	5.716908e-01	5.713621e-01	5.716908e-01	5.713621e-01	5.720195e-01	5.710334e-01	5.716908e-01	5.713621e-01	5.720195e-01	5.710334e-01	5.713621e-01	5.716908e-01	5.720195e-01	5.716908e-01	5.723482e-01	5.716908e-01	5.716908e-01	5.716908e-01	5.726769e-01	5.716908e-01	5.723482e-01	5.716908e-01	5.723482e-01	5.716908e-01	5.726769e-01	5.716908e-01	5.726769e-01	5.723482e-01	5.726769e-01	5.723482e-01	5.733343e-01	5.723482e-01	5.730056e-01	5.723482e-01	5.730056e-01	5.720195e-01	5.723482e-01	5.720195e-01	5.726769e-01	5.723482e-01	5.726769e-01	5.720195e-01	5.730056e-01	5.723482e-01	5.733343e-01	5.726769e-01	5.733343e-01	5.720195e-01	5.733343e-01	5.723482e-01	5.733343e-01	5.726769e-01	5.733343e-01	5.730056e-01	5.730056e-01	5.730056e-01	5.736630e-01	5.733343e-01	5.736630e-01	5.733343e-01	5.733343e-01	5.736630e-01	5.730056e-01	5.739917e-01	5.736630e-01	5.730056e-01	5.736630e-01	5.733343e-01	5.739917e-01	5.733343e-01	5.736630e-01	5.730056e-01	5.736630e-01	5.733343e-01	5.736630e-01	5.733343e-01	5.733343e-01	5.733343e-01	5.739917e-01	5.736630e-01	5.743204e-01	5.736630e-01	5.736630e-01	5.736630e-01	5.743204e-01	5.730056e-01	5.739917e-01	5.736630e-01	5.739917e-01	5.739917e-01	5.743204e-01	5.733343e-01	5.739917e-01	5.739917e-01	5.739917e-01	5.736630e-01	5.739917e-01	5.736630e-01	5.746491e-01	5.736630e-01	5.739917e-01	5.739917e-01	5.746491e-01	5.739917e-01	5.746491e-01	5.739917e-01	5.743204e-01	5.746491e-01
