x	x_err	y
2.660662323149686	0.004423437664303199	0.00014786259692145531
2.693559252670295	0.003375436957717965	0.00011469800382124529
2.817412453669912	0.003993407616531589	4.098546372499623e-05
2.845884809570854	0.004676227395805368	0.0001628692688403488
2.9674016006715966	0.004324695078275343	0.00012640517331929946
2.989229283052612	3.952141733074658e-05	0.00010315101249436243
2.9934484498060354	0.003161262484584424	4.37129896836419e-05
3.083882518693751	0.0030819541921747757	7.429969940109249e-05
3.10545426842374	0.004148002808554453	0.00013966906849016691
